1.0000000000000000 0.0000000000000000 0.0000000000000000 0.0000000000000000 0.0000000000000000 1.0000000000000000 0.0000000000000000 0.0000000000000000 0.0000000000000000 0.0000000000000000 1.0000000000000000 0.0000000000000000
0.9999985629194598 -0.0016166417855651 -0.0005105177298042 0.5856451620616435 0.0016162921584048 0.9999984595149705 -0.0006845197912192 -0.0056616692351654 0.0005116235666568 0.0006836936617057 0.9999996354020850 0.0174678146788997
0.9999957096301784 -0.0026958184191307 -0.0011459861635202 1.1505424147304839 0.0026951689296490 0.9999962067592543 -0.0005679186063284 -0.0059870894159278 0.0011475128219583 0.0005648275434458 0.9999991820917503 0.0316576163342488
0.9999905687629206 -0.0039180209667205 -0.0018738988539939 1.6832272290774719 0.0039170701583671 0.9999921977934491 -0.0005107970260793 -0.0127353244992266 0.0018758855469059 0.0005034520153506 0.9999981137929627 0.0426658999157756
0.9999783827949029 -0.0057986727641956 -0.0030998930730405 2.2355332879417400 0.0057932806948505 0.9999816952294139 -0.0017455958576462 -0.0102807821341729 0.0031099584693660 0.0017275995720464 0.9999936717589955 0.0608598326852661
0.9999641639720424 -0.0070998807560714 -0.0046111240434316 2.7870453369466368 0.0070757130734009 0.9999612559044398 -0.0052365040359211 -0.0080184023958430 0.0046481239438347 0.0052036893897389 0.9999756579840020 0.0715710046869224
0.9999445647359215 -0.0086585605173493 -0.0059913925639878 3.3607868850657501 0.0086229694564673 0.9999451734558551 -0.0059409157621308 -0.0101402446319328 0.0060425038552937 0.0058889228308157 0.9999644037339787 0.0747662075498557
0.9999389907774596 -0.0096531384435429 -0.0053695103264028 3.9353121520878913 0.0096207567339677 0.9999355732434597 -0.0060241515700855 -0.0095527193195764 0.0054273163553792 0.0059721252886509 0.9999674384482303 0.0873693537493123
0.9999206264828007 -0.0111745526822697 -0.0058198029687074 4.5295945688981982 0.0111399528792650 0.9999202816783110 -0.0059440506571519 -0.0002775734242867 0.0058857611309965 0.0058787465261068 0.9999653984789627 0.1003956418165418
0.9998933161246439 -0.0122417828327750 -0.0079683826676421 5.1200792962448318 0.0121963087140385 0.9999092009358599 -0.0057306140649967 0.0150480751252465 0.0080378120788353 0.0056328178459139 0.9999518313099387 0.1081592627033682
0.9998353768137989 -0.0137476814466136 -0.0118414748427415 5.7332502874032247 0.0136935128183676 0.9998954574244083 -0.0046434823921719 0.0306305105587222 0.0119040740211931 0.0044805665797579 0.9999191055004512 0.1206041161589763
0.9997580421927216 -0.0149533652924473 -0.0161323878395904 6.3364935167573959 0.0148974404330217 0.9998826135741676 -0.0035812484745209 0.0534481871802634 0.0161840458328843 0.0033400506766100 0.9998634510381689 0.1220112187276861
0.9997420269452587 -0.0160869423354211 -0.0160340215068597 6.9663363068962063 0.0160507336946536 0.9998683356690879 -0.0023843813016059 0.0690003185172013 0.0160702678026507 0.0021264083862169 0.9998686038075834 0.1394304792122674
0.9998027314853708 -0.0172999896491130 -0.0097574828994020 7.6074022739914229 0.0172993051728006 0.9998503438786838 -0.0001545516619170 0.0751399116422796 0.0097586963745089 -0.0000142765006549 0.9999523826869215 0.1323814716781322
0.9998406453269474 -0.0178512856755466 0.0001247073511399 8.2591512614341429 0.0178511808683560 0.9998403378913433 0.0007962831968722 0.0894247840503670 -0.0001389021189273 -0.0007939301319429 0.9999996751905207 0.1358268374963885
0.9997929785849907 -0.0191197866158441 0.0069594347411903 8.9301923559885257 0.0191103979559191 0.9998163811038268 0.0014130698545830 0.1111027447447438 -0.0069851744515580 -0.0012797797514098 0.9999747844329222 0.1532819168202978
0.9997728884258809 -0.0201788517914854 0.0068545976503700 9.6016020380878739 0.0201542865548019 0.9997902769041633 0.0036341355730447 0.1184630488533294 -0.0069264927660487 -0.0034951606935307 0.9999699033219391 0.1771754961334481
0.9997873653939610 -0.0206159337632876 -0.0004552731819739 10.3012434524336047 0.0206183344964073 0.9997687068066808 0.0061169577970913 0.1469011048873785 0.0003290610836081 -0.0061250440949331 0.9999811875998660 0.1679408709161585
0.9997357754327596 -0.0220552966608899 -0.0064763577000568 11.0072045361045756 0.0220969940486390 0.9997350958893603 0.0064390139855505 0.1782545497822026 0.0063326277226252 -0.0065804206774217 0.9999582970753504 0.1747045160309413
0.9997173540264149 -0.0231245868725208 -0.0055195598012054 11.7529910950829617 0.0231554429047459 0.9997162291878001 0.0055934392292202 0.1844565354316796 0.0053886475398654 -0.0057196661179797 0.9999691234719150 0.1923576792886271
0.9997017609705056 -0.0241239602657570 0.0037978485444125 12.5060557454742511 0.0241128055779521 0.9997048737750039 0.0029560036642868 0.2157023035432838 -0.0038680382146511 -0.0028635452850568 0.9999884191273269 0.1849936018737966
0.9996479393081764 -0.0241638609182599 0.0109592546479854 13.2902335473809980 0.0241415510209065 0.9997062092891800 0.0021634747429208 0.2422270068741840 -0.0110083128235604 -0.0018981396632706 0.9999376051107376 0.1786724716027196
0.9995948183152764 -0.0249211033102277 0.0137527381655623 14.0673413457128120 0.0248963350014695 0.9996880985889220 0.0019692747802980 0.2605423005254738 -0.0137975251673683 -0.0016260840896675 0.9999034874175553 0.1879128830611980
0.9996014722042464 -0.0247904407578881 0.0135029927842966 14.8809230288007424 0.0247861521214800 0.9996926585425825 0.0004848907860875 0.2760322668917837 -0.0135108634111214 -0.0001500103103845 0.9999087128667260 0.1909584121528493
0.9996454222646463 -0.0241694387648722 0.0111744339958799 15.6950014082222484 0.0241700140204149 0.9997078590447667 0.0000835845792467 0.3031125830998433 -0.0111731896784280 0.0001865312843347 0.9999375605699037 0.1956902080177349
0.9996834379167556 -0.0240041743980758 0.0075381407789323 16.5114477055205242 0.0239907505998338 0.9997104386684271 0.0018662001600918 0.3182764460213521 -0.0075807546189553 -0.0016847637364676 0.9999698464106602 0.1683649096775664
0.9997363366432889 -0.0228429688617333 0.0023358014980948 17.3838676680125204 0.0228444462989904 0.9997388468237616 -0.0006078032477514 0.3302552627085162 -0.0023213074654520 0.0006610030841952 0.9999970872990448 0.1804476629532963
0.9997438839931945 -0.0222877379859345 -0.0039272323170946 18.2447954769712233 0.0222740410293690 0.9997457847008507 -0.0034975804640193 0.3551100382671570 0.0040041871115230 0.0034092093439146 0.9999861717930030 0.1857477071259813
0.9997433561010093 -0.0207516749684006 -0.0090878995315918 19.1267945443167164 0.0207277865954746 0.9997814700835063 -0.0027149476082484 0.3759550615491736 0.0091422532639886 0.0025258787914167 0.9999550185591290 0.2034863451703416
0.9997391787126759 -0.0203918070539917 -0.0102834212194716 20.0129341703539012 0.0203944201209891 0.9997920010379805 0.0001492929984471 0.3870835835091361 0.0102782379245131 -0.0003589784722860 0.9999471130812987 0.2059304885920965
0.9997291606654698 -0.0211118810109127 -0.0097925377352502 20.9533549561899868 0.0211078653371438 0.9997770724454489 -0.0005132575539033 0.4136906746828516 0.0098011905411660 0.0003064189757444 0.9999519202298613 0.2224461018383435
0.9997307083083879 -0.0206347893463496 -0.0106167948949205 21.9022695252011381 0.0206373076137078 0.9997870199351825 0.0001276854895035 0.4456985337036427 0.0106118989660771 -0.0003467531669801 0.9999436320926169 0.2347964810506958
0.9996954504140543 -0.0209313267376408 -0.0130723365334331 22.8299430972402106 0.0209752380587335 0.9997747744349879 0.0032310666734853 0.4717322048704793 0.0130017617967975 -0.0035042780242404 0.9999093330026019 0.2563625267203753
0.9996842843970989 -0.0209054084801545 -0.0139389894087824 23.8131733815184283 0.0210103458237431 0.9997516875400363 0.0074248656025740 0.5069890625919387 0.0137803083357009 -0.0077153844445658 0.9998752801950079 0.2761273565883884
0.9996756167906048 -0.0211659536369123 -0.0141655780314118 24.7822772610206776 0.0212858834615597 0.9997383951178982 0.0083697366953955 0.5296756651464611 0.0139847187881930 -0.0086685485364867 0.9998646327912023 0.2898151401939939
0.9996811604111920 -0.0209117166229756 -0.0141519478098577 25.7567590585725732 0.0210404461164977 0.9997380317382271 0.0090093020481308 0.5745139969691310 0.0139598404772879 -0.0093041928213071 0.9998592675220811 0.3144580491362547
0.9996768231550774 -0.0212929268051245 -0.0138874228942429 26.7422467664203758 0.0214320870774839 0.9997207931732928 0.0099499417317700 0.5895651452348554 0.0136716820499557 -0.0102443625977453 0.9998540584229735 0.3450943226048110
0.9996758202860377 -0.0216817534816517 -0.0133475054372929 27.7334101905818180 0.0218148432708171 0.9997129346904674 0.0099076145283789 0.6329098770991020 0.0131288593757175 -0.0101955764199060 0.9998618320912938 0.3625879617674310
0.9997003967651563 -0.0216197694795519 -0.0114761611717518 28.7479013523772728 0.0217420989066433 0.9997069513660735 0.0106438961609485 0.6605339056366716 0.0112426795170337 -0.0108902230464922 0.9998774950959117 0.3943343405108132
0.9996931330091925 -0.0223556916681447 -0.0106706543521829 29.7600723121482460 0.0224740949966092 0.9996857108785010 0.0111083085764423 0.6868625306195318 0.0104189667601112 -0.0113447131028035 0.9998813642709152 0.4099844343096780
0.9996893396038394 -0.0223382425580215 -0.0110556411780816 30.7772395062659108 0.0224593093767609 0.9996877851045922 0.0109504216810840 0.6862967516018292 0.0108075762666029 -0.0111953218843235 0.9998789232017784 0.4315353450056832
0.9996744522775678 -0.0226505554032152 -0.0117448628544900 31.7919798659049988 0.0228011505691398 0.9996574224720470 0.0128508843768290 0.7321539486718341 0.0114497596598495 -0.0131144971870480 0.9998484449991721 0.4518770809162460
0.9996758188768907 -0.0228625063998228 -0.0112054876706004 32.8147729196285098 0.0230029623816609 0.9996563679397685 0.0125701932816460 0.7633001562151336 0.0109142509814376 -0.0128238776736252 0.9998582035903522 0.4763591194456309
0.9996883156670623 -0.0233303055790997 -0.0088864143690191 33.8711324362008668 0.0234314856332425 0.9996597903865440 0.0114572669232346 0.7886031076518756 0.0086160895870013 -0.0116619177632551 0.9998948758116084 0.5084026172285210
0.9996963720448312 -0.0240846102179701 -0.0052053118111018 34.9203664253701476 0.0241457512558066 0.9996361746737394 0.0120208560404713 0.8080001928708820 0.0049139003546128 -0.0121428923367321 0.9999141981935268 0.5107040982686115
0.9997000550366185 -0.0243474563148245 -0.0026460027928186 35.9791880005751636 0.0243751852758314 0.9996422718263336 0.0110081206686448 0.8407699154801819 0.0023770365059839 -0.0110693156466093 0.9999359079203851 0.5308764086486413
0.9996846266850978 -0.0250248744288612 -0.0020982919950053 37.0306461857171314 0.0250466727327542 0.9996246497538357 0.0111006211330580 0.8677471664925588 0.0018197127506513 -0.0111496755262705 0.9999361846543828 0.5471349799811247
0.9996682066288048 -0.0255693202451884 -0.0031123171027578 38.1089884553371334 0.0256038102341564 0.9996048838155464 0.0115983254653989 0.8974474119026566 0.0028145260777666 -0.0116741643943801 0.9999278935646563 0.5671281307116377
0.9996566471734001 -0.0259431621653035 -0.0036796873374123 39.1917810685199512 0.0259867789601086 0.9995860313653935 0.0123471947607940 0.9287504683109782 0.0033578387863036 -0.0124385785380519 0.9999169998968104 0.5790037707387854
0.9996368285089472 -0.0267858376814822 -0.0029546553563674 40.2636768160952556 0.0268202932410465 0.9995644292104452 0.0123135586919960 0.9621216831679226 0.0026235394103957 -0.0123883314816097 0.9999198199276099 0.5926739907127323
0.9996228450155871 -0.0274416238126612 -0.0010606627494048 41.3351628374653259 0.0274516532850620 0.9995624420605717 0.0110150421616545 0.9873685519002442 0.0007579280047170 -0.0110400047296487 0.9999387700458009 0.6190366121312922
0.9995989485095608 -0.0282797159669843 0.0014831734245287 42.4085436208953865 0.0282629984285325 0.9995475823309637 0.0102875447096931 1.0426050918716123 -0.0017734312530530 -0.0102414999463876 0.9999459818512392 0.6250728186348834
0.9996002784353963 -0.0282388348539260 0.0013607196517925 43.4997564276855613 0.0282229864893619 0.9995462757164831 0.0105216792827759 1.0773006286578306 -0.0016572222238957 -0.0104790699683224 0.9999437197698177 0.6368477858884579
0.9995791057569495 -0.0289706726781051 -0.0015203482217209 44.5566469291654741 0.0289869919650908 0.9995063620540030 0.0121155482908522 1.1237947426006232 0.0011686021362975 -0.0121545192480124 0.9999254482364657 0.6551387504051897
0.9995614032626844 -0.0290490266096427 -0.0057580518029589 45.6360076786389186 0.0291382748881778 0.9994461327952926 0.0160744697292118 1.1488504432090747 0.0052879149080024 -0.0162351992154895 0.9998542175049117 0.6855071070554335
0.9995622772640658 -0.0289412155920330 -0.0061367671236796 46.7158862916451056 0.0290424234863370 0.9994319082713099 0.0170996598565071 1.2145329272599987 0.0056383959345781 -0.0172704015362541 0.9998349572414746 0.6998278789233072
0.9995549876697599 -0.0295490363375494 -0.0040842473025418 47.7989775562654771 0.0296109480867153 0.9994328672480225 0.0160354487870645 1.2339694835501338 0.0036080989332314 -0.0161492512494822 0.9998630822798535 0.7137858476087016
0.9995948469541314 -0.0284025582596909 -0.0018538141901122 48.8966693342507384 0.0284274258170067 0.9994809972247731 0.0151531398723684 1.2676006738707952 0.0014224641173606 -0.0151996996969625 0.9998834660724003 0.7221384001396476
0.9995859257028112 -0.0287606837851004 -0.0008945418198240 49.9618269267116517 0.0287707440847350 0.9994775632474051 0.0147256527814562 1.3134663247024434 0.0004705546351240 -0.0147452919009013 0.9998911715507306 0.7450482548273392
0.9995940738750138 -0.0284672851750037 -0.0011406790603089 51.0356562302447614 0.0284806803618861 0.9994923954601238 0.0142759330170607 1.3321524945698984 0.0007337029901034 -0.0143026253586027 0.9998974430349213 0.7620680331492946
0.9996012064419402 -0.0281217289733266 -0.0025683534352678 52.1333274169364174 0.0281573704407612 0.9994895303564394 0.0150944094858310 1.3696165767294615 0.0021425614762322 -0.0151607080116650 0.9998827743105216 0.7814165809207502
0.9996080054912533 -0.0275775902324184 -0.0048282372322926 53.2180088651719032 0.0276498560268670 0.9994959087842067 0.0156017237934244 1.4153767873759435 0.0043955454146216 -0.0157291080677068 0.9998666282759429 0.7907256396487152
0.9996038390965797 -0.0272071985859496 -0.0072064699044563 54.2864160846988284 0.0273063233934723 0.9995286005669359 0.0140335794234329 1.4410044711182701 0.0068212583963839 -0.0142248020656667 0.9998755549767593 0.8170556296527988
0.9995676092675559 -0.0275108024550157 -0.0103802818566652 55.3429923502444510 0.0276298196840364 0.9995520483567881 0.0115019863491833 1.4770340564369286 0.0100592031180578 -0.0117838183128503 0.9998799698256783 0.8411678955709329
0.9995668962747174 -0.0269539815342375 -0.0118111282771985 56.4038853816716070 0.0271038651309863 0.9995517005605514 0.0127192138700064 1.5104126223936161 0.0114629998992304 -0.0130338323589666 0.9998493480756732 0.8783391555574600
0.9995747147425923 -0.0273229275012338 -0.0101905485636199 57.4937253108522484 0.0274349348389833 0.9995628641091757 0.0110183957199881 1.5399832325812877 0.0098850390816584 -0.0112932867945446 0.9998873674948245 0.9083252861401262
0.9996326064805520 -0.0267392112625261 -0.0044347087791558 58.5612465566571814 0.0267750668648413 0.9996075784529441 0.0082331581926054 1.5663092031624142 0.0042128203476061 -0.0083488730077289 0.9999562732760966 0.9088978497363318
0.9996424871995068 -0.0266905584441294 0.0015848897515286 59.6638678076007523 0.0266797055199907 0.9996228099359202 0.0065139211832584 1.5959229313682182 -0.0017581521409038 -0.0064693079812016 0.9999775282251566 0.9242334665153308
0.9996525157136421 -0.0262300759742540 0.0026136070422857 60.7389655480198485 0.0262175443290054 0.9996451231479414 0.0047189125753356 1.6262022741640036 -0.0027364569690129 -0.0046487504688772 0.9999854503553214 0.9500542967269372
0.9996626821166000 -0.0259706986586080 -0.0002116474172152 61.8269820921439930 0.0259710483047377 0.9996609598374222 0.0018628008150924 1.6635405412682212 0.0001631974216107 -0.0018676691643603 0.9999982425877028 0.9677556108078207
0.9996650756360310 -0.0257127188047764 -0.0029313214212834 62.8897964769960041 0.0257141327097126 0.9996692376749322 0.0004456741043585 1.6943323377126454 0.0029188923576706 -0.0005209012252843 0.9999956043549980 0.9822101388982675
0.9996308960755217 -0.0261293650965866 -0.0074382720371643 63.9947897543608448 0.0261557552646911 0.9996518468199658 0.0034729837266187 1.7316509165581873 0.0073449355193332 -0.0036662554576919 0.9999663046788806 1.0015998337665784
0.9996059046766158 -0.0257629101425336 -0.0111493406366555 65.0752655972738694 0.0258092353253158 0.9996587581600737 0.0040312040114278 1.7723448580821750 0.0110416804684300 -0.0043173712889928 0.9999297183290364 1.0298957755024207
0.9996071744358345 -0.0252602442786838 -0.0121415351331059 66.1446835885975872 0.0253435018465336 0.9996559928317296 0.0067529926524327 1.8057207139331322 0.0119667761139737 -0.0070580489223498 0.9999034854498947 1.0510984708215771
0.9996686484556772 -0.0240729895946497 -0.0091150681168974 67.2399968438929250 0.0241590788330175 0.9996634103115060 0.0094554214242310 1.8518537168372255 0.0088843798174008 -0.0096725000049443 0.9999137515500597 1.0608742793119965
0.9996839862753336 -0.0241854729573391 -0.0068549604293862 68.3210512534627128 0.0242529028308847 0.9996565328889256 0.0099304056698586 1.8853911929129881 0.0066124344181472 -0.0100935202145788 0.9999271956301337 1.0960080999902564
0.9996912014854580 -0.0241170409694112 -0.0059891574900887 69.4011811809364190 0.0241781198782436 0.9996541470981248 0.0103443080326326 1.9154375894848776 0.0057376120219677 -0.0104859202934432 0.9999285600901121 1.1213793272530186
0.9996858005828994 -0.0245053368953312 -0.0052714871311452 70.5069287145994394 0.0245561933402224 0.9996503239280523 0.0098093444825665 1.9370634359716232 0.0050292625269642 -0.0099357100494308 0.9999379921696387 1.1436388848120280
0.9996928743910236 -0.0244451951318234 -0.0040729997274970 71.5816790341796718 0.0244816800012979 0.9996582890232208 0.0091625614039247 1.9637859765126393 0.0038476273373554 -0.0092594612226477 0.9999497278072229 1.1655274975174006
0.9996827147215237 -0.0250982283796529 -0.0021327961007912 72.6886383941444052 0.0251138034002827 0.9996555577616164 0.0076198894403776 2.0029529277198246 0.0019408157503259 -0.0076710343836027 0.9999686937428136 1.1867210617282882
0.9996657904241606 -0.0258487265161157 -0.0003883209153096 73.7576999827519444 0.0258505942893413 0.9996477608789114 0.0060084061669154 2.0264972763311166 0.0002328744856853 -0.0060164364264746 0.9999818739668235 1.2038630551053311
0.9996609771552916 -0.0260020019213369 -0.0013515357969346 74.8221581287987902 0.0260097896624721 0.9996430450964049 0.0061051807590771 2.0632433040753404 0.0011923064377769 -0.0061382641251282 0.9999804498683404 1.2100271993025218
0.9996325742526087 -0.0266689827539821 -0.0048458076695836 75.9374092517204531 0.0266977401330299 0.9996257248350170 0.0059700016629935 2.0858954768659359 0.0046847801327270 -0.0060971802445678 0.9999704381771359 1.2467748333231112
0.9996107777493655 -0.0271157045861061 -0.0065598454332160 76.9930674484742639 0.0271586662762793 0.9996096679303821 0.0065512308923547 2.1243575354368720 0.0063796436736193 -0.0067268376604670 0.9999570239773744 1.2625521450412538
0.9996009234393146 -0.0277337368709945 -0.0053697018948764 78.1041599960056772 0.0277722912111213 0.9995880294062237 0.0072437082124454 2.1530688026479305 0.0051665946380642 -0.0073899463430268 0.9999593466700999 1.2848588861584427
0.9995964732653645 -0.0283714596786886 -0.0013967502089140 79.1806292528340379 0.0283826438044844 0.9995586362834248 0.0087725801157925 2.1852698220489697 0.0011472428310174 -0.0088086836088475 0.9999605446851220 1.3071505748647101
0.9995764501078402 -0.0289774254625091 0.0026887177934962 80.2124376691468655 0.0289506767840118 0.9995356527772780 0.0095045852538946 2.2245462035210211 -0.0029628877056029 -0.0094227193880323 0.9999512156379322 1.3175606738327090
0.9995669413087795 -0.0292214257638610 0.0034695992474617 81.2982183054580361 0.0291859620970387 0.9995253064227760 0.0098661764086126 2.2494248871410898 -0.0037562559924808 -0.0097606401830414 0.9999453087265003 1.3407305280145250
0.9995574175656818 -0.0296902280379835 0.0018599323852432 82.3373947163856883 0.0296672441205575 0.9994952757061937 0.0113599501447447 2.2943809314009065 -0.0021962731424811 -0.0112997433622352 0.9999337438971800 1.3519622594736618
0.9995386305461392 -0.0303552415512280 0.0010418043554924 83.3883094512271725 0.0303418955450271 0.9994784769368367 0.0110518557154809 2.3262285994000029 -0.0013767427803264 -0.0110151464079126 0.9999383836661783 1.3745185363750536
0.9995283206719876 -0.0306937514413009 0.0010147891878946 84.4218773637884539 0.0306820991901935 0.9994792428661373 0.0099925907059175 2.3667364524944712 -0.0013209708245678 -0.0099567415449281 0.9999495578947410 1.3862362124062333
0.9995107603556652 -0.0312545385340835 0.0011805737000943 85.4322666076571551 0.0312423907307223 0.9994695529700837 0.0091937863369827 2.4034868635612683 -0.0014672950176248 -0.0091524044274003 0.9999570393464554 1.4084172595621234
0.9994965384796849 -0.0316374288061511 0.0023963859588089 86.4569706476373909 0.0316157257814080 0.9994630174070743 0.0086094552011784 2.4293851415843855 -0.0026674801672501 -0.0085293571904336 0.9999600665103958 1.4230122741279883
0.9994482717308336 -0.0328288558100281 0.0050416624692782 87.4776966367698066 0.0327907879965637 0.9994344238888522 0.0074563106508906 2.4778364040512808 -0.0052835931726579 -0.0072868767083405 0.9999594917150511 1.4358982493961479
0.9994125490655540 -0.0336890192525805 0.0062933895549912 88.4701018924081382 0.0336429710555350 0.9994073650043122 0.0072848660724868 2.5026153634695163 -0.0065350798654679 -0.0070688582484654 0.9999536609134521 1.4556241109666250
0.9993553933382237 -0.0352949521039421 0.0065623289908912 89.4200488441858568 0.0352553389219808 0.9993599806890598 0.0060572332511061 2.5539559847786499 -0.0067719187310925 -0.0058219715855091 0.9999601220866545 1.4601146036478927
0.9992321637436558 -0.0387305761564807 0.0059182269945495 90.3483858775248763 0.0386986717737650 0.9992362615128478 0.0054135460443137 2.5922940036284059 -0.0061233767741640 -0.0051803618034408 0.9999678335368929 1.4874152750134584
0.9990872639285912 -0.0423850925917720 0.0053049959159778 91.2537924614398577 0.0423601419812360 0.9990912076772259 0.0047304453692809 2.6403624832111547 -0.0055006751413943 -0.0045014073409478 0.9999747396334268 1.4942668795942464
0.9989596475744028 -0.0453268670431991 0.0050097546919085 92.1488669085530034 0.0453049231653565 0.9989634696021380 0.0044102536706525 2.6862407942131092 -0.0052044649106410 -0.0041786989011546 0.9999777257621728 1.5066772799842196
0.9987990531219962 -0.0486150250709078 0.0060852953879549 93.0013949799611481 0.0485870518311944 0.9988080654883105 0.0046633367722741 2.7141012161196478 -0.0063047503484664 -0.0043620697901137 0.9999706108032324 1.5222893361030738
0.9986532763408124 -0.0514164908231781 0.0069266243720266 93.8445091337316342 0.0513816301393817 0.9986659656442907 0.0051202683500242 2.7786552133500098 -0.0071806502477764 -0.0047574715118979 0.9999629016752735 1.5363369132049380
0.9984841208649677 -0.0543414085816509 0.0087448095390720 94.6614285896015133 0.0542789839105076 0.9984996750833626 0.0072243175499236 2.8162391171652899 -0.0091242690751332 -0.0067387069814131 0.9999356667016450 1.5469969158666803
0.9983170117569613 -0.0572127959172140 0.0094783975431717 95.4203179346426396 0.0571273417109673 0.9983258460771282 0.0090538325268752 2.8741679424608448 -0.0099805243193710 -0.0084971193778568 0.9999140903580611 1.5593703326376709
0.9981542910979677 -0.0599776499173210 0.0095232700848341 96.1934955335951969 0.0598698440221586 0.9981430372458724 0.0112284894063009 2.9224715749136241 -0.0101790441337006 -0.0106376081888874 0.9998916083018918 1.5736576392742716
0.9980116237093659 -0.0624053340474226 0.0088528652663759 96.9126185117552126 0.0623024002700968 0.9979914976383163 0.0114621796450378 2.9897914373528200 -0.0095503854152408 -0.0108878337634296 0.9998951171069695 1.5822167211523772
0.9978957001552877 -0.0646126341614842 0.0054202507600876 97.6063227080114899 0.0645349808305552 0.9978247870320081 0.0134510458228185 3.0335151875933106 -0.0062775680631837 -0.0130729450102833 0.9998948395946297 1.5953830220240215
0.9977269377765580 -0.0673732202215030 0.0013441845101200 98.2885278512302278 0.0673422926437513 0.9975955868427415 0.0163725603791690 3.0848809052719610 -0.0024440246512137 -0.0162448240640224 0.9998650571125252 1.6073650920057172
0.9976074307841569 -0.0691203420083055 -0.0013387923245866 98.9017472740447232 0.0691332830330424 0.9974359153327090 0.0184982156294622 3.1434505272447613 0.0000567565568627 -0.0185465124768973 0.9998279970343087 1.6163623515726728
0.9975242801993115 -0.0702732408934810 -0.0026423525828841 99.4950983767630532 0.0703118714691031 0.9973289737188087 0.0197777377750870 3.1881150638068210 0.0012454490586942 -0.0199145623932482 0.9998009097121925 1.6280343836679145
0.9975666940558604 -0.0696818386865379 -0.0022654508877347 100.0997376067300308 0.0697149205340924 0.9973228309980747 0.0220680906494162 3.2363754449475355 0.0007216407600902 -0.0221723279618755 0.9997539032718824 1.6417021995201408
0.9977621105077392 -0.0668515242940372 -0.0012823941304360 100.6576268663976208 0.0668625857119515 0.9974434441364525 0.0252184531865773 3.2854536762234030 -0.0004067764176581 -0.0252477612626427 0.9996811417067797 1.6534821801737303
0.9981093268273451 -0.0614631497887002 0.0002300398133647 101.1977250767943275 0.0614321521000867 0.9977116491796475 0.0282410300729250 3.3283190775908200 -0.0019652960631284 -0.0281735036741943 0.9996011160968681 1.6653176772765859
0.9985474979674152 -0.0538174037936111 0.0025654145728109 101.7083966553119581 0.0537215923325100 0.9981413359752613 0.0287726247461018 3.3539002101313469 -0.0041091142931989 -0.0285930142943309 0.9995826902829449 1.6758825209122283
0.9989969131241588 -0.0444816414082695 0.0051527804172117 102.2029315688583750 0.0443204980984218 0.9986242170692781 0.0280243917164884 3.3928546644932247 -0.0063922622528856 -0.0277679070222715 0.9995939587266885 1.6782301594611955
0.9994479368856714 -0.0325345145587462 0.0067325193948308 102.6840289070372734 0.0323376301018429 0.9990976464183366 0.0275348978704621 3.3998114810191056 -0.0076222788174814 -0.0273019831471475 0.9995981705574802 1.6913980170811171
0.9997834067981803 -0.0194333901885986 0.0074486802053690 103.1219308981238498 0.0192230756023642 0.9994414297103142 0.0273368239374794 3.4038874825708207 -0.0079757667600030 -0.0271877164245296 0.9995985270198278 1.7037671597274691
0.9999650783093452 -0.0043041407959193 0.0071635559461805 103.5593768432599830 0.0041098547999274 0.9996291782023010 0.0269186771613302 3.3821995787109782 -0.0072767613200288 -0.0268882959408235 0.9996119588550799 1.7039365585767008
0.9998843595405310 0.0142485348947148 0.0053147718272945 103.9745478319509715 -0.0143850895684273 0.9995424622852516 0.0266070533288610 3.3898433144545499 -0.0049332285909364 -0.0266804299457603 0.9996318411863334 1.7210156900734679
0.9993782634845940 0.0352317079799790 0.0013465612985617 104.3696479137586266 -0.0352550042370871 0.9990285163371313 0.0264406547096166 3.3688020668517731 -0.0004137037107304 -0.0264716886133787 0.9996494778427066 1.7237546432413651
0.9982082534689926 0.0597869341247442 -0.0024094012424065 104.7912805712816890 -0.0597115496032571 0.9979232611865471 0.0241597935997871 3.3336854315511957 0.0038488375337471 -0.0239726362916147 0.9997052061277208 1.7366050002562547
0.9962108520518265 0.0868348016021945 -0.0048636904590530 105.1596621145116615 -0.0867015753692027 0.9959693395606920 0.0229763244131309 3.3095759688207966 0.0068392311462925 -0.0224675740957163 0.9997241784770343 1.7437299734241274
0.9931602391272245 0.1166128068032240 -0.0058474529693090 105.5726919933888865 -0.1164740580682941 0.9929892091862969 0.0201550052512162 3.2260377764112911 0.0081567894332263 -0.0193360732582095 0.9997797672773215 1.7506690586731677
0.9888300760279699 0.1488742531785155 -0.0071789611406200 105.9531617637520213 -0.1487352653805581 0.9887297998299048 0.0170646933898973 3.1690867129594440 0.0096385462956932 -0.0158063173717193 0.9998286146917632 1.7536892672690634
0.9828050445082838 0.1844600138070067 -0.0082914290317967 106.3281370507782810 -0.1843152336927069 0.9827411456562126 0.0157396080992375 3.0642611294888997 0.0110516567931373 -0.0139407295588719 0.9998417459485741 1.7745117490605202
0.9749017715526290 0.2224495531927641 -0.0090957192065940 106.6798194744803396 -0.2223411446240166 0.9749001580257749 0.0115800383678683 2.9693322198983441 0.0114433924527539 -0.0092670472999094 0.9998915794242461 1.7789134603570531
0.9648966234210667 0.2624431778052694 -0.0099037636328715 107.0405344589441938 -0.2623452847853933 0.9649204789442769 0.0101696049489773 2.8446502889341749 0.0122252877878151 -0.0072144117860815 0.9998992422244783 1.7931484522964150
0.9526606287533548 0.3038679391383219 -0.0100996033135885 107.3599028522897925 -0.3037650417836514 0.9526885923331190 0.0105472948435493 2.7209163685918800 0.0128267616115391 -0.0069800861147522 0.9998933706072820 1.8086900117760407
0.9374633688686423 0.3479554618925478 -0.0094566679438136 107.6994661354837888 -0.3478454121689487 0.9374807618421690 0.0115494765613275 2.5968268772416545 0.0128841477199686 -0.0075377526471908 0.9998885843045513 1.8073935701531154
0.9198052608491158 0.3922955909664697 -0.0079026212460346 108.0549816760223649 -0.3922004477383882 0.9198101601520198 0.0113171584297284 2.4239647153991002 0.0117085826681873 -0.0073101702705255 0.9999047307131406 1.8277379842292207
0.8997754704834124 0.4363023005352782 -0.0066637274837405 108.3331290386342545 -0.4362175182155160 0.8997716092829270 0.0111949957707762 2.2582284624792557 0.0108802352111404 -0.0071661479216882 0.9999151298013821 1.8246927576358674
0.8767718285490903 0.4808540211115034 -0.0071113320540166 108.6685746972782738 -0.4807756162304153 0.8767822903074088 0.0103741140132170 2.0404413021015593 0.0112235244441817 -0.0056767758624561 0.9999209002290422 1.8454393845182067
0.8517532672203462 0.5238739493694341 -0.0085121649148269 108.9089542121229073 -0.5237848847526007 0.8517829093622237 0.0107363784923386 1.8635166852310086 0.0128750255988287 -0.0046862021400559 0.9999061322070848 1.8503162377223934
0.8241145717071562 0.5663244427962691 -0.0105734663864770 109.1966460365780307 -0.5662189161975676 0.8241751188290458 0.0114678874767827 1.6415017358959563 0.0152089329008489 -0.0034639564985122 0.9998783372817884 1.8571295612781757
0.7937116952572905 0.6081695786537855 -0.0123088753294125 109.4473947874182187 -0.6079949086189798 0.7937934431506608 0.0153023104274180 1.4308329414673904 0.0190771042141188 -0.0046618892195907 0.9998071468456844 1.8791881724609700
0.7601648125173053 0.6496188953228414 -0.0120311533138485 109.7144484595004172 -0.6493225020373612 0.7602134081337431 0.0213509353804498 1.1646234428160769 0.0230162151204575 -0.0084181312184055 0.9996996493489024 1.8927458724302915
0.7234408878489312 0.6902990276738077 -0.0109788059890723 109.9459074284534239 -0.6898853620574199 0.7234302222417084 0.0265876054998364 0.9287050727954336 0.0262957982813351 -0.0116604433838494 0.9995861969099210 1.8878131367303665
0.6842983783690586 0.7291168021283113 -0.0111542913563191 110.1725793373785081 -0.7286925096545928 0.6843119227317858 0.0269150288949779 0.6556596896395056 0.0272572143618507 -0.0102898620647350 0.9995754913981839 1.8940736712074298
0.6431608497920550 0.7656476958757017 -0.0113016412520789 110.3940129565658737 -0.7653240863153585 0.6432301267831128 0.0231094548646742 0.3366459708453040 0.0249632570055133 -0.0062136783638838 0.9996690582392089 1.9168030778535927
0.5996755340021307 0.8001884332293248 -0.0093661755940246 110.5866660464347433 -0.7999043675573483 0.5997211125212147 0.0220814392419387 0.0453002941710426 0.0232864055177729 -0.0057496541039759 0.9997123010125195 1.9207473876217638
0.5534129752639064 0.8328780310420226 -0.0069472452896574 110.8043256564162817 -0.8326772776233001 0.5534369789728812 0.0188695955234984 -0.3114266548787525 0.0195609340114623 -0.0046578657059125 0.9997978166347758 1.9394993606561530
0.5056076866473984 0.8627499712079977 -0.0048326373405660 110.9258658843340015 -0.8626076577028298 0.5056148856744951 0.0161745558456776 -0.6041692356143697 0.0163980509666171 -0.0040093097868093 0.9998575045272849 1.9237483717067827
0.4552081187465169 0.8903755615078647 -0.0041143768436849 111.1358743142328507 -0.8903076658908035 0.4552246158346385 0.0110819309813644 -0.9947479266600606 0.0117400461381891 -0.0013815237098094 0.9999301289134719 1.9736734671861180
0.4039711041623889 0.9147717060401005 -0.0002698709032140 111.2364766188290730 -0.9147107479224604 0.4039475562171989 0.0114288871411840 -1.3402383438782093 0.0105638362801281 -0.0043700863420501 0.9999346517190060 1.9639879071489330
0.3529661494323976 0.9356325292079847 0.0025821779055909 111.3614822195393685 -0.9355453522652798 0.3528921386497229 0.0149007494462001 -1.7042163977216680 0.0130303956079646 -0.0076752046939798 0.9998856434728951 1.9751195023456158
0.3022033913147353 0.9532346688778576 0.0040958915017352 111.5023940590873224 -0.9530681908655482 0.3020626394291361 0.0204740182029447 -2.1142227035309715 0.0182793281644537 -0.0100909816383099 0.9997819953627048 1.9809690830991618
0.2555671907767585 0.9667853801512470 0.0033822661463145 111.5631487550135006 -0.9665660011745504 0.2554305491381664 0.0224811018505228 -2.4983818505626791 0.0208704664996921 -0.0090146155094556 0.9997415467686146 1.9815071072180830
0.2134280218981571 0.9769555633479844 -0.0025113167985397 111.6645608074477423 -0.9767123386239541 0.2134312118173581 0.0219117640070524 -2.9582078161833403 0.0219428131370275 -0.0022237503449971 0.9997567543587973 2.0029498225206774
0.1784667487621985 0.9838970326841515 -0.0098106402223435 111.6964170081900392 -0.9836886440683897 0.1786392172086000 0.0210874750975929 -3.3516184295697276 0.0225004692649572 0.0058872022574886 0.9997294982806280 2.0222630853424599
0.1471477363766930 0.9890414669015054 -0.0120216649651318 111.7595757040400315 -0.9888361922314018 0.1473837751352047 0.0219318891160263 -3.8172658569375280 0.0234633461492075 0.0086602295705147 0.9996871869796413 2.0394852812103963
0.1192880062592395 0.9928196975848360 -0.0089117703207885 111.7930827279460146 -0.9926354832934265 0.1194470078775184 0.0201794354711303 -4.2548408026296718 0.0210990253215902 0.0064389748145878 0.9997566557586981 2.0525830929075624
0.0938681477876423 0.9955790155437189 -0.0033458391946957 111.8546512458939759 -0.9954455295377905 0.0939106797388428 0.0164006693222045 -4.7526277163019586 0.0166423722511291 0.0017911002171593 0.9998599018891932 2.0430486172964422
0.0698114757394099 0.9975566678322902 0.0026556201579490 111.8886624773802367 -0.9974756469384327 0.0697706505209714 0.0132056840275537 -5.2544776314979060 0.0129881338090158 -0.0035708247251848 0.9999092746799287 2.0501628197301609
0.0473751409373186 0.9988770773499417 -0.0004246951939940 111.8959406723221974 -0.9988271585556520 0.0473770192530129 0.0099862594770175 -5.7726779856789445 0.0099951664724439 -0.0000489033562911 0.9999500458801179 2.0703639130014699
0.0268219269945515 0.9996183389909878 -0.0066151783949881 111.9029464771239901 -0.9995862522091277 0.0268886588211281 0.0102139327054341 -6.2959827354449196 0.0103879077204755 0.0063384840221886 0.9999259547553966 2.0923464908640597
0.0092050877221352 0.9998853758878987 -0.0120208754066996 111.8838012652855696 -0.9998806639892144 0.0093528651217177 0.0122955965492806 -6.8549355137248185 0.0124066168037672 0.0119062588385503 0.9998521474997960 2.1055508437600565
-0.0053074511812998 0.9999039328058988 -0.0128045351830859 111.8849264835950521 -0.9998369969601840 -0.0050852492619751 0.0173239646035381 -7.4081713486314209 0.0172571860857782 0.0128943941013275 0.9997679351375300 2.1107291719783978
-0.0167291413838042 0.9998085004979036 -0.0101537264437651 111.8981402500232036 -0.9996191662404332 -0.0165013451513876 0.0221185011466949 -8.0258021173955374 0.0219467153201168 0.0105198830948308 0.9997037930038721 2.1131041734880256
-0.0232101467022672 0.9996632465233396 -0.0116052850234954 111.8672715346774709 -0.9994903742088029 -0.0229485352684724 0.0221891097833861 -8.6419773639232957 0.0219153132308601 0.0121143831641983 0.9996864312205824 2.1141197944364936
-0.0254775864589853 0.9995201956803174 -0.0176145115006164 111.8253022141124688 -0.9995150300645682 -0.0251539480012772 0.0183571123811692 -9.2746440672230772 0.0179052300529974 0.0180736639099398 0.9996763203205424 2.1427529865231416
-0.0253801214491001 0.9994927408781120 -0.0192382527062158 111.8107834453130778 -0.9995396122506759 -0.0250518566650650 0.0171163085798727 -9.9462781403436242 0.0166256722269301 0.0196638096408689 0.9996684058293582 2.1607855283789030
-0.0236952922452953 0.9995424199264074 -0.0188011673326853 111.8070117714507177 -0.9995859939616278 -0.0233809187199632 0.0167682233869643 -10.5999356438580516 0.0163209620168270 0.0191907114894696 0.9996826210309816 2.1894761070111159
-0.0219226785730597 0.9996514132169386 -0.0147121792254035 111.8049134734015553 -0.9996201123595193 -0.0216713729209626 0.0170288743627781 -11.2739779892737459 0.0167041051997711 0.0150799087894674 0.9997467525430509 2.1810715426724721
-0.0208085705648331 0.9996862961788208 -0.0139396062828056 111.7972812336721233 -0.9996262923024376 -0.0205560494352761 0.0180201156848745 -11.9948144915779160 0.0177279194698684 0.0143093697934519 0.9997404477199990 2.2038134624242645
-0.0200019279691819 0.9997127576650995 -0.0132032207872979 111.7885778166657929 -0.9996300872097750 -0.0197533723229559 0.0186947325963483 -12.7163875991481223 0.0184285545416333 0.0135722674418518 0.9997380566598397 2.2215382084561099
-0.0193003046799045 0.9997296369704286 -0.0129673128379776 111.7838751943429969 -0.9996505950633569 -0.0190612474189997 0.0183127451876612 -13.4665947433616253 0.0180606209400283 0.0133162235565044 0.9997482143827283 2.2383435492148345
-0.0183594005913719 0.9997578028518557 -0.0121354046803488 111.7705325252943425 -0.9996797771696835 -0.0181438562883982 0.0176392629369320 -14.2205436259117359 0.0174148077192315 0.0124553649411107 0.9997707679044662 2.2609809807510195
-0.0180483007948429 0.9997595435435878 -0.0124544743741393 111.7576963326076225 -0.9997099390188287 -0.0178459327284575 0.0161728325293193 -14.9807019975223756 0.0159466819554700 0.0127427539632761 0.9997916410712997 2.2893401416983119
-0.0185963914689813 0.9997442834492901 -0.0128663100692635 111.7531074163507441 -0.9997340914100862 -0.0184176260149371 0.0138757891459837 -15.7599554440332508 0.0136352739899970 0.0131209284137953 0.9998209442399063 2.3091917206617332
-0.0195165007593705 0.9997433684202061 -0.0115023257617750 111.7443449509752611 -0.9997300949131290 -0.0193686359283325 0.0128293907595749 -16.5488840500474623 0.0126033139727476 0.0117496060400426 0.9998515405973070 2.3198552539585253
-0.0204746913212679 0.9997467523919229 -0.0093390629670469 111.7251420246221159 -0.9997201511290704 -0.0203616520872443 0.0120425309111992 -17.3502589248732200 0.0118493224180948 0.0095830165439536 0.9998838729333274 2.3332505329416655
-0.0218026333655936 0.9996819145848944 -0.0126773352959371 111.7035565579822105 -0.9997234114930326 -0.0216881988922200 0.0090951933209032 -18.1394957181432019 0.0088173517032387 0.0128721280560601 0.9998782739055039 2.3365440441762226
