1.0000000000000000 0.0000000000000000 0.0000000000000000 0.0000000000000000 0.0000000000000000 1.0000000000000000 0.0000000000000000 0.0000000000000000 0.0000000000000000 0.0000000000000000 1.0000000000000000 0.0000000000000000
0.9999961531431178 -0.0026994455484915 -0.0006377246246054 0.6940656798503132 0.0026984485335812 0.9999951437555369 -0.0015591154077992 0.0181767550648911 0.0006419302748059 0.0015573885430272 0.9999985812322177 0.0140447591978808
0.9999763035240470 -0.0067252822841479 -0.0014707034308983 1.4187090907799693 0.0067239877068092 0.9999770035115181 -0.0008834237058278 0.0206459620250590 0.0014766108836820 0.0008735137800095 0.9999985282959042 0.0163572771056318
0.9999399034096552 -0.0107072923699313 -0.0023544551798881 2.1344961966088181 0.0107053226910896 0.9999423371637148 -0.0008475928546081 0.0249653025393779 0.0023633948398295 0.0008223367147052 0.9999968690586779 0.0165299222938699
0.9998777164200505 -0.0153787563919099 -0.0028365575022087 2.8606919513537536 0.0153791570521732 0.9998817266310013 0.0001194896318952 0.0487083258551388 0.0028343844110563 -0.0001630988835892 0.9999959698237612 0.0137609410603147
0.9997956576461361 -0.0199901735237877 -0.0030059797768843 3.6069774740287821 0.0199883077939824 0.9998000028886312 -0.0006494423961757 0.0652794903495891 0.0030183610558053 0.0005892252385849 0.9999952711438964 0.0183794348395307
0.9996911697844999 -0.0245509060577478 -0.0038494241961405 4.3612242977331439 0.0245525745464511 0.9996984652823969 0.0003867753368376 0.0877718666821631 0.0038387677761424 -0.0004811691634636 0.9999925161410944 0.0266680101703861
0.9995572531722908 -0.0293673153510133 -0.0047810479749892 5.1555985005184715 0.0293842587269367 0.9995620160376569 0.0035130376888496 0.1186381061240132 0.0046757854670045 -0.0036519698532402 0.9999823999183474 0.0332758179319202
0.9994113045578765 -0.0340317419506292 -0.0043456716085353 5.9401477007363956 0.0340514382947043 0.9994097615166180 0.0045418207096655 0.1596113359415201 0.0041885405555384 -0.0046871233291418 0.9999802433062925 0.0361837191877695
0.9992704138657367 -0.0381246107748992 -0.0022702479736439 6.7515031317872829 0.0381380062263929 0.9992533552388145 0.0061825985675153 0.1941227368346067 0.0020328437409238 -0.0062646705606811 0.9999783104893282 0.0587861545043560
0.9991313480791757 -0.0416658132458832 0.0007136470053751 7.5479125835363376 0.0416623995219690 0.9991226215556992 0.0042698432920885 0.2293397657333517 -0.0008909273600730 -0.0042364020378556 0.9999906295292035 0.0418225472086338
0.9990276275919051 -0.0440851394860437 0.0005475258769310 8.3651164319331848 0.0440823146222535 0.9990182249780019 0.0043972376950844 0.2629434767859636 -0.0007408411668422 -0.0043688257345072 0.9999901822098390 0.0533641452396474
0.9989229815808079 -0.0463990293343977 -0.0000833458727467 9.1925368135406860 0.0463990058227611 0.9989155534422457 0.0038534854133995 0.3061163429353616 -0.0000955424941341 -0.0038532023042661 0.9999925718242282 0.0491216316815899
0.9988304537629202 -0.0483493142203222 -0.0002616298595571 10.0223101946316113 0.0483498767245301 0.9988260963643983 0.0029527346952144 0.3424917203436197 0.0001185600337256 -0.0029619311069196 0.9999956064441665 0.0667274147015243
0.9987206561180365 -0.0505669274259870 0.0001920777282531 10.8678037074680027 0.0505662910934800 0.9987175804463586 0.0024989422603648 0.3909851246431199 -0.0003181952359401 -0.0024860325955532 0.9999968591919305 0.0658354126299703
0.9986526374460194 -0.0518925283193727 0.0002742749213417 11.7393975317793586 0.0518926468684243 0.9986525700750010 -0.0004443912513543 0.4419693122877599 -0.0002508447695092 0.0004580253468609 0.9999998636448323 0.0715558399310220
0.9985650453882726 -0.0535240506596183 -0.0017395774497192 12.6022899122238048 0.0535264782532664 0.9985654766067815 0.0013802372527084 0.5040398353336163 0.0016632060965370 -0.0014713701294296 0.9999975344046718 0.0740021912655621
0.9984774285758653 -0.0549986861730762 -0.0042390026849779 13.4637846518861686 0.0550140379652902 0.9984791121252721 0.0035942003675421 0.5603641633887380 0.0040348793391358 -0.0038219325954162 0.9999845561707215 0.0873214991657001
0.9983852479176145 -0.0564884523481712 -0.0059959562866873 14.3578059244197007 0.0565290005586175 0.9983776410544055 0.0068233377817923 0.6044018005589048 0.0056007889022259 -0.0071512651991799 0.9999587444338510 0.0922499981699482
0.9983073631090481 -0.0578481103807858 -0.0060004072888134 15.2401799273403764 0.0578916272546002 0.9982958055728217 0.0073514671682225 0.6844791336313988 0.0055649129439429 -0.0076863971458307 0.9999549745077739 0.1021612195991393
0.9982309730618908 -0.0592560890578359 -0.0048621321948827 16.1338035964382236 0.0592908733210487 0.9982136724695327 0.0073523081896623 0.7226898342188945 0.0044177778054189 -0.0076275818224545 0.9999611508627742 0.1162414211109189
0.9981823786158910 -0.0601458672166059 -0.0037965349312922 17.0362288581384007 0.0601712776513190 0.9981636828300102 0.0069770785461093 0.7883698503664919 0.0033699208492172 -0.0071928392164090 0.9999684528511271 0.1292744454283186
0.9981015598689439 -0.0614998119251613 -0.0033240517972595 17.9443944032769949 0.0615223183174449 0.9980800566491057 0.0071557576932841 0.8566188701607158 0.0028775920537944 -0.0073466762884857 0.9999688724212790 0.1370041804122518
0.9980112906441002 -0.0629091168732885 -0.0039883281108990 18.8567051964645671 0.0629347961160747 0.9979952981380711 0.0066780485271314 0.9161895325607400 0.0035602225668303 -0.0069157724460498 0.9999697479957826 0.1361789622360772
0.9979285195102023 -0.0641979625265144 -0.0041583116309408 19.7707483858403741 0.0642258995930024 0.9979110114127859 0.0069747489259578 0.9669560442911521 0.0037018602952212 -0.0072273721749216 0.9999670301173933 0.1447453406726176
0.9978827573346879 -0.0649648490122888 -0.0030937044026500 20.7106830325013505 0.0649842135433666 0.9978642331529586 0.0066350722835505 1.0238177676044502 0.0026560505022658 -0.0068220661729662 0.9999732020453653 0.1619419746178707
0.9979151952660418 -0.0645378929675578 0.0003513238475017 21.6440468677757494 0.0645339919328337 0.9978920914034346 0.0068365049325197 1.1048287116972983 -0.0007917969125505 -0.0067995798243322 0.9999765691114276 0.1548327862746686
0.9979512690380493 -0.0638320485972889 0.0043283018864391 22.5602112622442341 0.0638023714610263 0.9979402010689759 0.0066792579199517 1.1560839662626941 -0.0047457371709805 -0.0063894179926942 0.9999683261565931 0.1576501803940037
0.9980179350308328 -0.0625513436263715 0.0068942561112830 23.5103664610524312 0.0625054284533228 0.9980222306897255 0.0066856909120040 1.2126087665657121 -0.0072988198127454 -0.0062415110061500 0.9999538843215227 0.1669686623213070
0.9981170350510469 -0.0608660044694175 0.0075969626059417 24.4652499782524835 0.0608290184235867 0.9981356353607664 0.0050083870239948 1.2683530923712363 -0.0078876396044806 -0.0045368406284577 0.9999586002523213 0.1650108739711690
0.9982195062911751 -0.0593594652401211 0.0058541563191885 25.3924673596392729 0.0593254669806799 0.9982217286937010 0.0058197363585923 1.3416479280947515 -0.0061892024790680 -0.0054620737972051 0.9999659291808431 0.1673781895677551
0.9983004473716007 -0.0582743779468788 0.0005600469321877 26.3683056521855939 0.0582662329383412 0.9982540458176480 0.0096905163883062 1.3995965265911980 -0.0011237779304168 -0.0096414150207007 0.9999528890100582 0.1815308168943142
0.9983655038839858 -0.0570971879409329 -0.0024963540840236 27.3123414006003635 0.0571191651460940 0.9983186726603910 0.0098604660441756 1.4565977612526833 0.0019291520127433 -0.0099869388119128 0.9999482683747589 0.1929795979904768
0.9984117482898263 -0.0563208069690156 -0.0013955569538752 28.2939389167472655 0.0563294528077014 0.9983861369459196 0.0072190235204173 1.5291463841661883 0.0009867234858693 -0.0072861688535390 0.9999729686947544 0.1989793038005875
0.9983989066669881 -0.0564522452089582 0.0035731186700753 29.2578968182879819 0.0564406859032764 0.9984006405467664 0.0032572888380182 1.5618206415033991 -0.0037512852371530 -0.0030504043460231 0.9999883113778857 0.1926098308985579
0.9983274927413892 -0.0572977024727494 0.0076935380700846 30.2289014963328242 0.0573132191269955 0.9983546029050584 -0.0018115660584805 1.6273997254811574 -0.0075770805718657 0.0022494776343709 0.9999687633623262 0.1862749318615918
0.9982741923193246 -0.0581893490777698 0.0079143289738111 31.2257195913130730 0.0582743238767993 0.9982403658257580 -0.0109670056423143 1.6722961641397414 -0.0072622397304241 0.0114092808696302 0.9999085399095938 0.1908519740902969
0.9982246635134069 -0.0594176737455783 0.0041305205736747 32.2045002824543829 0.0594581042282967 0.9981758628825783 -0.0104728506242216 1.7291394927426373 -0.0035007135162058 0.0106998507131764 0.9999366270917338 0.2087190007021212
0.9981425797913003 -0.0609209980975700 0.0001496608288554 33.1861312841783160 0.0609201467493381 0.9981082862748981 -0.0082815813360154 1.8019585562820111 0.0003551444874049 0.0082753163191384 0.9999656959177206 0.2244155159117974
0.9980130530412858 -0.0629945720536886 -0.0012766561730888 34.1654893389317493 0.0629848204947600 0.9979925766933895 -0.0066128097002755 1.8673082360298676 0.0016906645008738 0.0065192604382575 0.9999773201912550 0.2150315241989645
0.9979598720248731 -0.0638411851955993 0.0006300007302641 35.1815639972958465 0.0638442650679966 0.9979015047380021 -0.0107933618283874 1.9259966385515370 0.0000603823346526 0.0108115639225916 0.9999415515116478 0.2388693712673623
0.9978790511589447 -0.0650060804446649 0.0034071635337917 36.2045166505745186 0.0650377240342727 0.9978307926732959 -0.0101884074037004 1.9920123013350055 -0.0027374642584030 0.0103883924744757 0.9999422921305160 0.2184484892495837
0.9978047626184118 -0.0660895856743012 0.0042216538719104 37.2241670880677091 0.0661114874787262 0.9977982831115949 -0.0052780150533861 2.0802627930196951 -0.0038635371572226 0.0055455283745326 0.9999771598370045 0.2432991956947340
0.9977116700424588 -0.0672950677324804 0.0065419660629519 38.2084774860127396 0.0673448759594860 0.9976999111626326 -0.0077171852431167 2.1596910180376385 -0.0060075904561965 0.0081400936699776 0.9999488225564119 0.2346039032476565
0.9976823175516251 -0.0672720851809903 0.0102205577254786 39.1977866109772251 0.0673393155523027 0.9977097183580761 -0.0063823565237136 2.2154835909149879 -0.0097677953380310 0.0070558096098158 0.9999274002271287 0.2475111374600051
0.9976307262734178 -0.0677758967961420 0.0118051602552310 40.1990534708141425 0.0678062156843487 0.9976961135924328 -0.0021867869404600 2.2974991313929922 -0.0116297510609881 0.0029820690860708 0.9999279254797444 0.2369937187553213
0.9976275990563143 -0.0678508527717572 0.0116376706981807 41.2095752268038282 0.0678706524212871 0.9976932628401577 -0.0013144669143315 2.3651867650785841 -0.0115216379496495 0.0021012047747331 0.9999314160468467 0.2531713324524688
0.9976505036277091 -0.0677426074290611 0.0102182067942692 42.2025965264193275 0.0677578808917634 0.9977011246442056 -0.0011556213674985 2.4285655871112573 -0.0101164316058543 0.0018452702781814 0.9999471249966992 0.2489547194884613
0.9976615207911691 -0.0679454500481869 0.0074098414558691 43.2052017332190346 0.0679250771515904 0.9976860114161790 0.0029675778720147 2.5131693170213252 -0.0075943285813994 -0.0024573242002894 0.9999681433581634 0.2664610008185216
0.9976166696490818 -0.0685957408742194 0.0074568607464336 44.1679553150057771 0.0685754824018143 0.9976415999130219 0.0029396149993228 2.5879627253652240 -0.0076409195541641 -0.0024212511027851 0.9999678764297701 0.2572809057374071
0.9975128455064705 -0.0699262613739000 0.0088566935056788 45.1859320516481375 0.0699232311290523 0.9975521625567022 0.0006517107640474 2.6519513288054712 -0.0088805854569188 -0.0000308012316554 0.9999605663491068 0.2658592319382771
0.9974598191969761 -0.0705884861456852 0.0095485449779578 46.1894733749509925 0.0705924727471728 0.9975052362164034 -0.0000806988032427 2.7347922952907147 -0.0095190272074060 0.0007545492148236 0.9999544083489542 0.2539225624764168
0.9974594940169322 -0.0708496082768817 0.0074088327351853 47.1529924361279740 0.0708410790363879 0.9974866213916519 0.0014077164585269 2.8143669029692067 -0.0074899476931274 -0.0008792904410809 0.9999715633616160 0.2682928097321524
0.9974150119392389 -0.0718300353542908 0.0019339025955977 48.1552598629382373 0.0718227973644500 0.9974109724991418 0.0035829760062455 2.8837699167823181 -0.0021862609617959 -0.0034348157618011 0.9999917111174920 0.2691346042149104
0.9973893418443723 -0.0722038603491819 0.0010503932242698 49.1339924443821019 0.0721994379317212 0.9973830914963899 0.0037696099861171 2.9784113513042443 -0.0013198248343175 -0.0036839310226638 0.9999923433280011 0.2803460493308892
0.9973585260710912 -0.0724951370849155 0.0045194659352475 50.0878150673244562 0.0724798809191457 0.9973638976418480 0.0034529035040057 3.0369517292852124 -0.0047578708733018 -0.0031162123966159 0.9999838258117238 0.2819799569845459
0.9973428629672388 -0.0724115241551223 0.0079865422958612 51.0672531254459940 0.0724054027868786 0.9973747280403005 0.0010533346128372 3.1077434612202146 -0.0080418490150778 -0.0004722669466233 0.9999675522877479 0.2937140812709838
0.9973019950706684 -0.0729420756102925 0.0082573745056654 52.0265943730112141 0.0729359961208439 0.9973360859814780 0.0010354076521676 3.1722691595085086 -0.0083109023532154 -0.0004303542823046 0.9999653712490583 0.2940929961101684
0.9973082619507635 -0.0729189008398728 0.0076853461244102 52.9826538881155074 0.0729302314334981 0.9973363180881444 -0.0012041451075676 3.2406231990762824 -0.0075770698692567 0.0017613979358646 0.9999697422869893 0.3049593753766137
0.9972998340803716 -0.0731407905413611 0.0065928523605597 53.9333714641622777 0.0731680624829464 0.9973116251704753 -0.0039946129120337 3.3216237936287429 -0.0062829591559259 0.0044662130278448 0.9999702882413232 0.3096137749615575
0.9972229435417904 -0.0740787975932132 0.0076637210929671 54.8921761598773941 0.0741197363633222 0.9972357761931399 -0.0052030146931909 3.3861831816621550 -0.0072571037803413 0.0057565986146077 0.9999570970882259 0.3126859797166264
0.9971188704479838 -0.0748954531493628 0.0120261920028172 55.8454866342951775 0.0750007471813776 0.9971467672054574 -0.0085564346512167 3.4544042374910990 -0.0113510404268555 0.0094337558404411 0.9998910731334543 0.3118966804927066
0.9969730059993536 -0.0758106775424164 0.0172501153379514 56.8244049237992215 0.0760185754148626 0.9970373724266852 -0.0117326116609359 3.5185834786500205 -0.0163095524312507 0.0130084263095595 0.9997823659899393 0.3192270385643723
0.9968827316775987 -0.0764410872757668 0.0195340589511615 57.7668446993285443 0.0766486040187590 0.9970069708437834 -0.0101040383450750 3.5916866783660808 -0.0187032292662079 0.0115697996958402 0.9997581352257224 0.2990708848145923
0.9968527262350797 -0.0776464385692144 0.0159897709554097 58.7062701998368937 0.0778051312246662 0.9969228159179135 -0.0095530444053314 3.6693210539545049 -0.0151988076111820 0.0107670645867374 0.9998265182357304 0.3036251450779914
0.9968144397546943 -0.0793396704834822 0.0081356858412479 59.6183928902206048 0.0794004697856181 0.9968150052119371 -0.0074438418944105 3.7744173789078661 -0.0075191817612126 0.0080661063654227 0.9999391980684343 0.3067682629958880
0.9967811635290553 -0.0801172608894435 0.0029217359968919 60.5451858472344853 0.0801329856123696 0.9967676880438178 -0.0057341685212599 3.8455585834118398 -0.0024528861592945 0.0059498385990952 0.9999792911706393 0.3196913055074440
0.9966675993137935 -0.0815210830114268 0.0028301064862701 61.4517348422673564 0.0815256301519266 0.9966700709139594 -0.0015301544674717 3.9340796548566406 -0.0026959425830019 0.0017557815943646 0.9999948245488984 0.3099704983038712
0.9966050340491988 -0.0821656835001621 0.0052159910608158 62.3367335667126881 0.0821538206623403 0.9966166510832090 0.0024495987976285 4.0044393495064483 -0.0053996165026185 -0.0020127688989308 0.9999833963136509 0.3253864119014157
0.9965342002942773 -0.0829162366687496 0.0066697331683552 63.2311927871792534 0.0829005109704778 0.9965544337254016 0.0026011349595458 4.1074795810623357 -0.0068624284826028 -0.0020391956590750 0.9999743740498479 0.3292394419804588
0.9964278704403895 -0.0841853380002222 0.0066579182496248 64.0870642045893817 0.0841589058627581 0.9964436804214736 0.0041557565005272 4.1826986028465365 -0.0069840943302449 -0.0035805884846770 0.9999692004319382 0.3460862213882982
0.9963235506434298 -0.0853869678773126 0.0069604705291919 64.9420662318681536 0.0853623314037236 0.9963428671573913 0.0037634348552734 4.2679167326461354 -0.0072563634549151 -0.0031554367855825 0.9999686937140094 0.3410588558022226
0.9961637061121494 -0.0872090838079413 0.0072419835878507 65.8011378840237029 0.0871818613224151 0.9961844067659577 0.0039938418491719 4.3377088185623345 -0.0075626504128119 -0.0033471506892417 0.9999658008657082 0.3465175472033750
0.9960439645577733 -0.0885404677061666 0.0075502481023089 66.6346807633928364 0.0884988504588365 0.9960600880096449 0.0056793082046275 4.4188763728678708 -0.0080233493939657 -0.0049886523823493 0.9999553686099747 0.3605138885893604
0.9958995403037014 -0.0900947093097443 0.0081883439881805 67.4256054332097960 0.0900361109043832 0.9959120094451048 0.0072641707184734 4.4869651315835064 -0.0088093334645538 -0.0064971376317722 0.9999400896286258 0.3649455558385076
0.9957808955643030 -0.0910782820027552 0.0111872506265437 68.2397775020494777 0.0909861596079594 0.9958160032073997 0.0084856653148120 4.5724511362828482 -0.0119133030243277 -0.0074319784355615 0.9999014145942509 0.3464344828697795
0.9955866719496542 -0.0926072974116077 0.0152008914978593 69.0239395797868980 0.0924600930148634 0.9956649797805949 0.0101182626073116 4.6514113889057533 -0.0160720202804272 -0.0086681315533251 0.9998332629291145 0.3607381240862291
0.9954402005303017 -0.0939037503345240 0.0167598580335308 69.7827606802139542 0.0937054329428735 0.9955245792698435 0.0122516899483198 4.7310176980345817 -0.0178353302515361 -0.0106253349458975 0.9997844784012733 0.3627175417498427
0.9953602343357578 -0.0952739994864409 0.0134487517979518 70.5684777516189428 0.0950738921471296 0.9953600600634432 0.0148089791172353 4.8122513240016005 -0.0147972610661978 -0.0134616437464527 0.9997998925848024 0.3687235725186441
0.9952726724607115 -0.0969602211505323 0.0055698265101591 71.2779323457549197 0.0968738792724858 0.9951967013955055 0.0141059223805068 4.9031220569248166 -0.0069107863238018 -0.0134996683642565 0.9998849933799596 0.3662112682096211
0.9951778094896127 -0.0980872316309420 0.0001499681102231 71.9816120149807119 0.0980739362701091 0.9950658717935141 0.0150137875401366 4.9655788660429305 -0.0016218890044475 -0.0149266802334510 0.9998872754932255 0.3848640503573120
0.9951261680787623 -0.0986025700004700 -0.0012011636780248 72.6769734732273491 0.0986090760370747 0.9949947976855272 0.0161741368193506 5.0363736288905923 -0.0003996598471237 -0.0162137524354813 0.9998684686017294 0.3746267865544195
0.9950722948007770 -0.0991474724650376 0.0009522729179175 73.3576878694547645 0.0991147327259506 0.9949154123797079 0.0178771352844678 5.1122746175503613 -0.0027199037811984 -0.0176946577562377 0.9998397377631630 0.3879494109050991
0.9949206689050016 -0.1005691057153740 0.0043263796913805 74.0162044058497486 0.1004758033052006 0.9947752752390966 0.0180766347297882 5.1745035116300322 -0.0061217265374001 -0.0175501210420175 0.9998272439354770 0.4068181644401022
0.9948531474630511 -0.1013195148120634 0.0012533559386269 74.6416504129151690 0.1012885648216885 0.9947389241597205 0.0153329513768335 5.2397838875946698 -0.0028002891321167 -0.0151270843129065 0.9998816578480509 0.4150143502699742
0.9948687525735866 -0.1011358458236207 -0.0027759398798150 75.2307024856137474 0.1011584289206571 0.9948221422550616 0.0097917075811343 5.2972607036664447 0.0017712738297332 -0.0100222736238287 0.9999482069689556 0.4283921042296281
0.9949514810747119 -0.1000831758955805 -0.0074100074150769 75.8329059367174665 0.1001330237870270 0.9949515527682590 0.0066921738842496 5.3604531447584405 0.0067028243676740 -0.0074003747664995 0.9999501520569970 0.4366041009118676
0.9952469017642407 -0.0970629329386774 -0.0078988339659483 76.4226741038227146 0.0971248220824429 0.9952410979305296 0.0078693027319871 5.4349222838177491 0.0070974265852924 -0.0085990720066566 0.9999378393162700 0.4443974718226035
0.9956446658211984 -0.0930251468490231 -0.0061661556509565 76.9794427259407428 0.0930967196763994 0.9955777697241686 0.0125660342409290 5.4981783092251595 0.0049699303101790 -0.0130853538266257 0.9999020318550933 0.4471993673894604
0.9960901771244973 -0.0883054009206333 -0.0025524898303034 77.5416965029012744 0.0883282259290312 0.9960312988829458 0.0109442290629275 5.5463314577225766 0.0015759252258935 -0.0111268959641951 0.9999368523291280 0.4595672410689747
0.9965413358737051 -0.0830745195940214 0.0019975207818196 78.0991170722682426 0.0830554131652777 0.9965107114029015 0.0082583535422101 5.5860870178578788 -0.0026766096084898 -0.0080638857572312 0.9999639041022921 0.4670784630494938
0.9971904804645251 -0.0746933112239103 0.0056617072811846 78.6211003526759242 0.0746777626992478 0.9972034717323631 0.0029099352496210 5.6118007131842305 -0.0058632268559710 -0.0024789560968733 0.9999797384684878 0.4750129959218333
0.9979435061429204 -0.0638551867061158 0.0055922873586949 79.1160464014725164 0.0638290710816865 0.9979496349117846 0.0047303133389771 5.6615732867487232 -0.0058828761693702 -0.0043636349713261 0.9999731748691126 0.4859226795227253
0.9987797868800993 -0.0490965523200163 0.0053353416040055 79.6235445478080521 0.0490389214974415 0.9987422699378333 0.0104432953511755 5.6810804621751192 -0.0058413609810806 -0.0101689129070922 0.9999312334916720 0.4929482145317061
0.9995035143860120 -0.0309063657457318 0.0061254621378379 80.1327932512561603 0.0308006641919970 0.9993867228602935 0.0166582488844051 5.6993323736442170 -0.0066365514646435 -0.0164613100011515 0.9998424783223121 0.4969065271619951
0.9999344553070801 -0.0092532270533065 0.0067426166161864 80.5809544153179615 0.0091503759049799 0.9998436898988753 0.0151283307142327 5.7016087262023696 -0.0068815485561376 -0.0150656416558204 0.9998628259571249 0.4904794090536127
0.9998185141335987 0.0170975070250413 0.0084032165991153 81.0769107209612798 -0.0171837795429729 0.9997992532006340 0.0103039322626358 5.6903628660247714 -0.0082253581260327 -0.0104464612660528 0.9999116035583923 0.5085347923435192
0.9988658984370312 0.0464161319368523 0.0106046987511721 81.5204434847358783 -0.0465226005524182 0.9988669436507761 0.0100237976634351 5.6387672635514559 -0.0101274171150662 -0.0105057878228176 0.9998935262540705 0.5111137149860504
0.9967619754537989 0.0794675419337484 0.0122667872097164 81.9624200978193613 -0.0795883830163446 0.9967806339174061 0.0096983058344076 5.5950357854638195 -0.0114565954054490 -0.0106431962408862 0.9998777269223942 0.5056595296696139
0.9930367295023154 0.1170317240817524 0.0134769958743720 82.4277743706649346 -0.1171682422108248 0.9930634580116267 0.0098270737870313 5.5384957238921162 -0.0122334327386374 -0.0113377211309342 0.9998608899256868 0.5062115736273687
0.9872382941292498 0.1585993448618707 0.0143804872711012 82.8358215766344870 -0.1587507512945097 0.9872672914344551 0.0100744343316856 5.4786453535750503 -0.0125995860327884 -0.0122287805221989 0.9998458417969953 0.5128542986250886
0.9788947231958838 0.2038389120526876 0.0146566992338208 83.2608951215148210 -0.2039944271382383 0.9789207179627858 0.0100250506116396 5.3788537521248063 -0.0123042511269867 -0.0128033541074464 0.9998423273335668 0.5076634904918369
0.9675372225667029 0.2523087425167118 0.0145609545547659 83.6878889911784114 -0.2524676330935013 0.9675501581454360 0.0103337172840639 5.2431718523056219 -0.0114811666687469 -0.0136744258518366 0.9998405837380012 0.5067158262778004
0.9521640274371868 0.3052838873459324 0.0136166435494375 84.0473213666826382 -0.3054309504248892 0.9521569749865132 0.0104417195461969 5.1295762485529401 -0.0097774933978631 -0.0141011741173781 0.9998527679170399 0.5190530501466676
0.9327407437903402 0.3603312889932567 0.0124926796925613 84.4610071315513409 -0.3604614541848937 0.9327156614152178 0.0104419824595071 4.9288111072487268 -0.0078895450030166 -0.0142427919745731 0.9998674401921559 0.5153160288109513
0.9086257306929481 0.4174355472015858 0.0121179806576418 84.7897509529556004 -0.4175592669784469 0.9085882238444094 0.0105687298992654 4.7759141089104435 -0.0065984909735820 -0.0146629950478803 0.9998707198898753 0.5139878574626074
0.8800561339031009 0.4747352706703106 0.0112970775475059 85.1318997041843915 -0.4748455469608266 0.8800021499840255 0.0108592152095022 4.5521608862241338 -0.0047862000585913 -0.0149210859216005 0.9998772192043978 0.5007532926390610
0.8471006832537485 0.5313437549964647 0.0097080614588711 85.4801022907457480 -0.5314243476762565 0.8470472176450230 0.0099586031495447 4.2754730730370589 -0.0029317448554649 -0.0135950397602139 0.9999032852061347 0.5291264560817137
0.8106275075919781 0.5854996835490149 0.0085536249170080 85.7449348436829979 -0.5855609311504135 0.8105692489856527 0.0097922678218841 4.0450725828329901 -0.0011999356141438 -0.0129465502292417 0.9999154699231749 0.5231157786478348
0.7709741757572404 0.6367917380643000 0.0097520586796737 86.0678003989963116 -0.6368643584905946 0.7709201416475140 0.0092695246124270 3.7545553581227358 -0.0016153017697118 -0.0133573026927204 0.9999094825357783 0.5392787038655322
0.7284460864200766 0.6849933672051282 0.0122631995928754 86.2898630464274419 -0.6850980886044450 0.7283926903325157 0.0092031331999314 3.4882350130138695 -0.0026283397440808 -0.0151054809635465 0.9998824512286680 0.5345011339313024
0.6835154446636780 0.7298180762970099 0.0131229728471250 86.5249013551575388 -0.7299320839021004 0.6834605249633892 0.0089924249847025 3.1996165711244102 -0.0024061996075955 -0.0157253402793163 0.9998734539313203 0.5370294392064885
0.6367763876583425 0.7709703045646022 0.0109827865478908 86.7681662788400132 -0.7710395033596490 0.6367732491167470 0.0042324305318449 2.8655423551864367 -0.0037304664182711 -0.0111632741104739 0.9999307300665564 0.5354271877963197
0.5903560691387603 0.8071108860166600 0.0071923086998277 86.9339108254643946 -0.8071406992323455 0.5903519545450850 0.0029088498617804 2.5693086761013393 -0.0018982291094039 -0.0075224622431893 0.9999699041911452 0.5675091708316888
0.5434264209912322 0.8394168176731239 0.0081933617145675 87.1687551348278618 -0.8394556276074244 0.5434161115375491 0.0036302891944252 2.2300357860916273 -0.0014050789605334 -0.0088507586644066 0.9999598441058416 0.5520310477285857
0.4964045716031504 0.8680192348206478 0.0111852256512781 87.2802953138753708 -0.8680903351039598 0.4963820020884649 0.0049069442367221 1.9265355692088453 -0.0012928227209256 -0.0121456158355420 0.9999254035303772 0.5362215401125847
0.4509257786726691 0.8924829940790382 0.0118341627571334 87.4379350349682198 -0.8925613864310380 0.4508811039798624 0.0063562194898726 1.5834862009611756 0.0003370174327314 -0.0134288999406428 0.9999097714622226 0.5457474170482030
0.4077609235257654 0.9130684641589273 0.0060835025990506 87.5998373159196859 -0.9130867837546151 0.4077372470939994 0.0047814919073380 1.2073079287601149 0.0018853588697954 -0.0075044713780970 0.9999700637175432 0.5365047933177597
0.3686011541512638 0.9295722683480709 -0.0053466883749228 87.6713371452248253 -0.9295874468952723 0.3685912266123309 -0.0027724067426820 0.8696981330137830 -0.0006064099981517 0.0059921267209185 0.9999818631776651 0.5774766716144240
0.3332280450271611 0.9427995088149808 -0.0093891525499995 87.7636798566430656 -0.9428412521148715 0.3331772951260181 -0.0065774860677499 0.4977805397860670 -0.0030729981837776 0.0110442831700887 0.9999342880866829 0.5754006477757339
0.2996201349306749 0.9540313464495105 -0.0072086570079601 87.8837147207598974 -0.9540578829178163 0.2996022271077293 -0.0034729748722144 0.1312178721522084 -0.0011535971994835 0.0079180492435188 0.9999679863424021 0.5907140545135722
0.2686071499769286 0.9632489817110084 0.0012642048793648 87.9785617602053520 -0.9632433772408455 0.2686003275098550 0.0040075258263387 -0.2138387335355629 0.0035206793267644 -0.0022941870681955 0.9999911707224091 0.5686634186648010
0.2400767119918252 0.9707315277058739 0.0065934419702238 88.0838636060927769 -0.9707273388110023 0.2400143382371563 0.0090305661776951 -0.6085306205915149 0.0071837346905346 -0.0085684630127257 0.9999374857447317 0.5683693744212142
0.2139945044084811 0.9768213058054930 0.0051467084063916 88.1595972143615541 -0.9767999280343683 0.2139393206126812 0.0095847633167105 -1.0044650550815917 0.0082615177190107 -0.0070783910768092 0.9999408201012409 0.5825348240100853
0.1905920725427627 0.9816681008006972 -0.0015497594028529 88.2209440533569449 -0.9816139924197115 0.1905978538261156 0.0103163948505997 -1.4049437745120530 0.0104226565562289 -0.0004449575610209 0.9999455836409699 0.5923686527954796
0.1697603992928711 0.9854509252330029 -0.0082389798727226 88.2676422400642480 -0.9853423520532946 0.1698722568236658 0.0156161970951810 -1.7962288310141401 0.0167885699809712 0.0054672039519942 0.9998441146493494 0.6072096050138582
0.1502880886870963 0.9885757984010751 -0.0114621644751738 88.3437293407563260 -0.9883364751080558 0.1505198375072260 0.0231255375674032 -2.2473372942123979 0.0245866298984339 0.0078529823936354 0.9996668586573042 0.5949924236142639
0.1323585133937418 0.9911602747821752 -0.0090848019197887 88.4205337701835958 -0.9908826125410281 0.1325429401038140 0.0241664476600066 -2.6690138752304930 0.0251569492599108 0.0058033371744119 0.9996666690360214 0.5908906816192138
0.1170146246543720 0.9931097783305910 -0.0063675584929547 88.4484558321985617 -0.9929234009144939 0.1171186893481989 0.0196553433385321 -3.1129442025411329 0.0202656737709841 0.0040225352111354 0.9997865380555407 0.6074772077295252
0.1024034354284459 0.9947206808348306 -0.0066560898389082 88.4906595794259658 -0.9945969937772754 0.1025007386005493 0.0164444080327781 -3.5957583645978173 0.0170398468789704 0.0049361630679459 0.9998426265730562 0.6342328639742230
0.0888642695938349 0.9960184253191239 -0.0071019725687399 88.5433713585528324 -0.9959391078346304 0.0889560247797754 0.0138607049222074 -4.0814203417165276 0.0144372807382402 0.0058414108050092 0.9998787140672074 0.6350561590362390
0.0770230829802681 0.9969737817006318 -0.0105225134714090 88.5656195406554332 -0.9969390441884026 0.0771538320940206 0.0126423243876353 -4.5727440753208404 0.0134159181918070 0.0095165537222737 0.9998647150211482 0.6576212762855466
0.0669856627020166 0.9976558821089875 -0.0139879192773538 88.5962178761719770 -0.9976550936584442 0.0671697765159818 0.0131352662764878 -5.0797241797686841 0.0140440410755894 0.0130752444004372 0.9998158844978089 0.6642280078816493
0.0590224201285493 0.9981495285329728 -0.0146243841434026 88.6108851284106720 -0.9981537496161358 0.0592203520431757 0.0134922952506715 -5.6116981291855215 0.0143333893206723 0.0138010359497805 0.9998020230812172 0.6763311308700204
0.0532532806505923 0.9984193498409237 -0.0179691391885198 88.6519370338894959 -0.9984751142623856 0.0535011005314109 0.0136043537385663 -6.1741300922509250 0.0145442187368532 0.0172172618367442 0.9997459835359077 0.6791198912609515
0.0474423673895250 0.9986950816752368 -0.0189038518342011 88.6753602530212675 -0.9987549171009095 0.0477204091825142 0.0145388484485193 -6.7344125591664898 0.0154219759834116 0.0181905575820401 0.9997155926920523 0.6954557822076488
0.0412721479672398 0.9989578905524257 -0.0194869881002215 88.6992056410793879 -0.9990179657022231 0.0415735107330014 0.0153214689088516 -7.3182159217477407 0.0161156447702894 0.0188355012776651 0.9996927077283584 0.6948534989825725
0.0369572896711449 0.9990786509534717 -0.0218176064029518 88.7195451324084274 -0.9991917856090959 0.0372892497331229 0.0150095777971029 -7.9113203072115983 0.0158093109106494 0.0212452597849928 0.9996492908141328 0.7012790126241789
0.0339780094663349 0.9991473199539773 -0.0234548055095417 88.7417045072549229 -0.9992984665809472 0.0343342782567203 0.0149576744702542 -8.5231891122953858 0.0157502241785204 0.0229301191748947 0.9996129951500988 0.7200042992154745
0.0309520328196512 0.9992353966413193 -0.0238871045419242 88.7803152070350166 -0.9993952031473571 0.0313182585349728 0.0151127300111408 -9.1681840242247166 0.0158492772827114 0.0234048879809791 0.9996004259844098 0.7291873719383272
0.0280976091905363 0.9992459588998558 -0.0267962307066488 88.7838159541467036 -0.9994838426958085 0.0285017763910228 0.0148221770525350 -9.8424848901492936 0.0155747406975669 0.0263659318982697 0.9995310225737565 0.7477808637393353
0.0273088495215263 0.9991660552263841 -0.0303549142834752 88.7892460101605252 -0.9995097979447398 0.0277581292655130 0.0144792980542817 -10.5047076780492947 0.0153098187538679 0.0299446212703645 0.9994343045476767 0.7581391796751052
0.0283150844120331 0.9989913803032107 -0.0348493626143391 88.7945013655439510 -0.9994845608025860 0.0288222687144961 0.0141382298542464 -11.2038949469919675 0.0151284074509371 0.0344310747150830 0.9992925659595205 0.7700858595460084
0.0309733561678672 0.9988861403282692 -0.0355967676593232 88.8209088727401195 -0.9994063768153543 0.0314876608610265 0.0139793130842377 -11.9101656245666554 0.0150846010389602 0.0351426503496019 0.9992684568912905 0.7792193454157471
0.0345977975567411 0.9986701955386190 -0.0382208444056310 88.8519480884802988 -0.9992772410352626 0.0351708041959873 0.0144225545990062 -12.6519032087965613 0.0157476332563516 0.0376942313234296 0.9991652300654578 0.7991848379892915
0.0385700480129010 0.9985018370479057 -0.0388127918119832 88.9018204519575335 -0.9991388472880394 0.0391309259271764 0.0137961761372587 -13.3841595028813725 0.0152942876987109 0.0382472488950471 0.9991512561748344 0.8124666921723062
0.0430034818823415 0.9982035188624345 -0.0417185267794628 88.8966098821650235 -0.9989829011380948 0.0435287525364629 0.0117648177348883 -14.1462529416456260 0.0135596378901097 0.0411701667870437 0.9990601351205122 0.8140734463365117
0.0470433193172084 0.9981074141621024 -0.0396044934604779 88.9431280277510865 -0.9988168495003286 0.0474918342106918 0.0104607283466539 -14.9135367267788546 0.0123218205577544 0.0390655280003486 0.9991606763980438 0.8418367072113276
0.0511734821026540 0.9979658433969663 -0.0380190760339045 89.0118000841160040 -0.9986272384410468 0.0515592194434676 0.0092350167292479 -15.6983249490079562 0.0111764651432590 0.0374942969445064 0.9992343390434192 0.8382655686973871
0.0555919078933804 0.9979223014628500 -0.0325671616795641 89.0584362095841158 -0.9984090048848171 0.0558680357379134 0.0076303045612007 -16.5221480726592667 0.0094339144411722 0.0320911642960518 0.9994404226528165 0.8496013097135988
0.0592497987009102 0.9976252398632427 -0.0351189712507253 89.0986035692098284 -0.9981876384936740 0.0595809630029974 0.0084585581548040 -17.3050559539474236 0.0105308932348763 0.0345541551111166 0.9993473423451090 0.8605598305966835
0.0623242472603383 0.9975769082481916 -0.0309192550591334 89.1725213387807827 -0.9979609091984141 0.0627159305510511 0.0118632106527287 -18.1650046164218395 0.0137735948578249 0.0301168422165283 0.9994514815135336 0.8914843883501044
0.0639158304343408 0.9975633598864506 -0.0279662230546832 89.2268782545562402 -0.9977712873581528 0.0644170661656145 0.0174040141998729 -18.9723172466143168 0.0191631089216525 0.0267915023593406 0.9994573480933473 0.8988683609928012
0.0638305221057129 0.9976490847488841 -0.0249392892325737 89.2828677158833841 -0.9977291911438537 0.0643340970559343 0.0199395359883128 -19.7642827402921029 0.0214971064830522 0.0236099058810387 0.9994900933761899 0.9239537981279777
0.0642858537868486 0.9977130363856943 -0.0208812362884585 89.3567577529084787 -0.9977127416741272 0.0646958187967420 0.0195891840390478 -20.5750391324912734 0.0208953129670866 0.0195741680859653 0.9995900348841769 0.9493894341206240
0.0642428055918174 0.9977518357128199 -0.0190823547129431 89.4056653310964009 -0.9977457803694834 0.0645905883324903 0.0182047700824265 -21.3876125301527154 0.0193963832861491 0.0178698133891037 0.9996521645476768 0.9635651059902427
0.0640647505847700 0.9977388056714956 -0.0203219927597912 89.4718783048320745 -0.9977804278723627 0.0644115022142143 0.0168930795698538 -22.2301077093266635 0.0181638511157840 0.0191946357018322 0.9996507592519087 0.9977383187957700
0.0646563191356305 0.9977458433669107 -0.0179664253507451 89.5097157758645210 -0.9977544220036035 0.0649513518531453 0.0163534480983230 -23.0523855582069359 0.0174835284793178 0.0168687265820904 0.9997048425887570 1.0120340911909573
0.0645590017537283 0.9977587394857865 -0.0175963937298733 89.5836464306236451 -0.9977644329070305 0.0648444679806022 0.0161657476791069 -23.8537460067149425 0.0172705448169418 0.0165134112783301 0.9997144770031485 1.0399270489067314
0.0651152899636570 0.9977530500837497 -0.0157749821401995 89.6418978769418686 -0.9977189713703927 0.0653787897223311 0.0168067850003821 -24.6812526019530836 0.0178003702364506 0.0146446202756495 0.9997343056614729 1.0695591716069617
0.0641031701831764 0.9978756027750789 -0.0116217450815141 89.7008884960123112 -0.9977687636702067 0.0643053962705726 0.0179530012675239 -25.4662243054554551 0.0186622028842745 0.0104449699261217 0.9997712862383820 1.0892531551756586
0.0614169192756741 0.9980626617333171 -0.0099441078278426 89.7644434948891359 -0.9979453993525905 0.0615857420292858 0.0176685112474431 -26.2898642914359684 0.0182466966238850 0.0088385311284560 0.9997944480891096 1.1252617226728860
0.0576508759915885 0.9983021076130180 -0.0083233666751525 89.8087664202436855 -0.9981920564269656 0.0577824816674564 0.0165470027030860 -27.1246487479743088 0.0169998524554876 0.0073543692969980 0.9998284444187088 1.1356132635681737
0.0526889063623626 0.9985952806935234 -0.0055986179510238 89.8705879982135656 -0.9984951253014926 0.0527673616119215 0.0149362076067959 -27.9484282332539209 0.0152106507255538 0.0048032202885194 0.9998727744965182 1.1725122389547378
0.0461407239868692 0.9989195182867748 -0.0055524387151424 89.9285888454693065 -0.9988422162843184 0.0462114636695076 0.0133689039847305 -28.7747682355974206 0.0136110454484111 0.0049291592832493 0.9998952159254296 1.1843468432546036
0.0391335887398212 0.9992242361716626 -0.0044145304960245 89.9651201546453905 -0.9991499521509359 0.0391872113199766 0.0127959206681802 -29.5928816272818658 0.0129589871952017 0.0039100276368958 0.9999083839706282 1.2090418907270191
0.0302082008753044 0.9995358445632762 -0.0039446207746264 90.0094822102759480 -0.9994519768704760 0.0302586370699326 0.0134223996501264 -30.4032458018250864 0.0135355284187529 0.0035369924863450 0.9999021347884886 1.2266491606463894
0.0200494368035338 0.9997913401081308 -0.0039110521153946 90.0211523268303182 -0.9997083226581399 0.0201001463147250 0.0133885669948384 -31.2145535821223881 0.0134643860576609 0.0036414781222568 0.9999027202409120 1.2432076787295088
0.0100887073124449 0.9999354798149025 -0.0052205547698483 90.0128916781904422 -0.9998588737579905 0.0101577952746504 0.0133810224781753 -31.9903934922703606 0.0134331884587005 0.0050848207932489 0.9998968417018496 1.2671094560771643
-0.0006354678745122 0.9999919828499103 -0.0039535321530747 90.0467479771078416 -0.9999233284515193 -0.0005865224476198 0.0123690423984174 -32.8067084228109920 0.0123666243985928 0.0039610891587252 0.9999156846322897 1.2918905165430759
-0.0117647172360140 0.9999222165812083 -0.0041415233525765 90.0161881589004338 -0.9998644600530797 -0.0117161292624257 0.0115669286273287 -33.5930084064347199 0.0115175062891330 0.0042770436553108 0.9999245241249213 1.3140157339264995
-0.0230365348693533 0.9997256210047636 -0.0042427311785015 90.0077692731611450 -0.9996708209988669 -0.0229869119060222 0.0113952413083823 -34.3867758345661372 0.0112945874056805 0.0045038414342353 0.9999260711210958 1.3192528523383649
