1.0000000000000000 0.0000000000000000 0.0000000000000000 -0.0000000000000000 -0.0000000000000000 1.0000000000000000 -0.0000000000000000 -0.0000000000000000 -0.0000000000000000 0.0000000000000000 1.0000000000000000 0.0000000000000000
0.9999979739203866 0.0019971961082565 -0.0002517197388506 1.2037438450287281 -0.0019971645408042 0.9999979977776946 0.0001255961737586 0.0061073960260924 0.0002519700750412 -0.0001250931935541 0.9999999604313863 0.0198030594907470
0.9999941607939326 0.0034156107534475 -0.0001094587575776 2.3906185286482486 -0.0034155822004704 0.9999941330845445 0.0002599898500315 0.0104873817134736 0.0001103461395199 -0.0002596144665131 0.9999999602120283 0.0298486263775193
0.9999897380768300 0.0045299093443379 0.0000605174769150 3.5848905791110708 -0.0045299227203291 0.9999897150385973 0.0002227491252149 0.0050741170825489 -0.0000595078211513 -0.0002230209788741 0.9999999733602307 0.0447703650133278
0.9999843430862999 0.0055953113882815 0.0000779277197468 4.7840283585632388 -0.0055953210014346 0.9999843384188155 0.0001236930669317 0.0084288094883925 -0.0000772343980494 -0.0001241271608869 0.9999999893136478 0.0637782415047768
0.9999798131920055 0.0063539609318374 0.0000197220299491 5.9815511894419329 -0.0063539641991322 0.9999797988680060 0.0001702787667617 0.0038823438064982 -0.0000186396869102 -0.0001704006424492 0.9999999853080914 0.0737964985459714
0.9999738059818298 0.0072181165056017 -0.0005349245978012 7.1970445184966376 -0.0072181114543008 0.9999739490295174 0.0000113730112955 0.0042117953493575 0.0005349927542169 -0.0000075115680241 0.9999998568631544 0.0927902337381257
0.9999687378651424 0.0078681097058262 -0.0007849471645425 8.3962593731678190 -0.0078680118833851 0.9999690385700724 0.0001276332558710 -0.0077979669544065 0.0007859270939152 -0.0001214532921645 0.9999996837838004 0.1085925576786335
0.9999668683526762 0.0081396158899635 0.0000940749984444 9.6109041548916778 -0.0081396365023066 0.9999668482241895 0.0002208397409096 -0.0087534940028146 -0.0000922743290269 -0.0002215981604165 0.9999999711898513 0.1274962561319388
0.9999747023162282 0.0070785118489496 0.0006995695641834 10.8252235619935888 -0.0070785484995145 0.9999749455153009 0.0000499280586078 -0.0172603681491526 -0.0006991986204740 -0.0000548787326324 0.9999997540547767 0.1428974081592334
0.9999869734173663 0.0050753958827941 0.0005416199853032 12.0001016618402563 -0.0050747422126409 0.9999864015954919 -0.0012015055450994 -0.0067608027043214 -0.0005477107364323 0.0011987413117855 0.9999991315157312 0.1629918919088595
0.9999953206076814 0.0030454248921163 0.0002900861372632 13.1829123615596817 -0.0030449879119544 0.9999942463520973 -0.0014950957551032 -0.0114157345927726 -0.0002946376700384 0.0014942054501822 0.9999988402686856 0.1735184204874359
0.9999985855890865 0.0016638724392124 0.0002456589759198 14.3918256464093837 -0.0016635050776890 0.9999975091225731 -0.0014881194527854 -0.0102959164853290 -0.0002481344049572 0.0014877086930192 0.9999988625754340 0.1907177565993747
0.9999995195067479 0.0009419116322885 0.0002716408479884 15.5662494142067906 -0.0009418069247447 0.9999994822586429 -0.0003853338328485 -0.0057007865254771 -0.0002720036577682 0.0003850778144665 0.9999998888645373 0.2063355984767550
0.9999997259458118 0.0007022775120703 0.0002343386382630 16.7746741608568826 -0.0007022223034883 0.9999997256900063 -0.0002355923356660 0.0027778796804048 -0.0002345040251810 0.0002354277132826 0.9999999447908254 0.2309903052166974
0.9999997013879262 0.0004951490958402 0.0005933392212548 17.9850167784037573 -0.0004947348682685 0.9999996339657122 -0.0006980729557622 0.0032304522744163 -0.0005936846542651 0.0006977792017077 0.9999995803212705 0.2507028014679159
0.9999995101389832 -0.0004059717440761 0.0009027229566815 19.1748523793686374 0.0004067729458349 0.9999995234107869 -0.0008875325175172 0.0062064919105921 -0.0009023622133295 0.0008878992860260 0.9999991986883259 0.2641663406632053
0.9999997661476691 -0.0006688272173967 0.0001427401850253 20.3726615386972121 0.0006689704466451 0.9999992704739255 -0.0010057485563074 0.0116843848739548 -0.0001420674088843 0.0010058438100761 0.9999994840474075 0.2772041309446567
0.9999989122687577 -0.0013329092110392 -0.0006315174870882 21.5722794327695659 0.0013323077475084 0.9999986594438615 -0.0009518752785936 0.0135762880254502 0.0006327854038302 0.0009510328675684 0.9999993475593459 0.2979445570072632
0.9999975728182408 -0.0021921931529968 -0.0002205602120227 22.7720754003317403 0.0021920143000576 0.9999972711793118 -0.0008079029881908 0.0255891647684265 0.0002223306895524 0.0008074175561247 0.9999996493229157 0.3152123903495139
0.9999961061069067 -0.0027431208892030 -0.0005128925924384 23.9860481026504324 0.0027426257576710 0.9999957747356234 -0.0009635947559870 0.0297634786002733 0.0005155336822355 0.0009621843314171 0.9999994042129899 0.3295139839677176
0.9999927229879157 -0.0036904416851569 -0.0009667530098740 25.1515673949841414 0.0036901229834042 0.9999931366131325 -0.0003312385789693 0.0404508280374428 0.0009679687913336 0.0003276687310412 0.9999994778346746 0.3532586962837225
0.9999904551585632 -0.0043361334150419 -0.0005362264227329 26.3609502928307720 0.0043360064128243 0.9999905712099454 -0.0002377805609209 0.0448586253426898 0.0005372524150022 0.0002354532101354 0.9999998279607994 0.3695786711892861
0.9999841642376799 -0.0055199236524766 0.0010962284157939 27.5648651940304745 0.0055212124911230 0.9999840662828933 -0.0011761772646845 0.0531739371868820 -0.0010897185400976 0.0011822111490433 0.9999987074443158 0.3905508645694351
0.9999798243969021 -0.0061677017039957 0.0015199522463642 28.7759734524708115 0.0061706127658778 0.9999791221054838 -0.0019180435968897 0.0615449333839180 -0.0015080905922007 0.0019273839359383 0.9999970054224808 0.4108166700091688
0.9999753071158877 -0.0069900933723886 0.0007237079048169 29.9799737138863414 0.0069914144542438 0.9999738682305809 -0.0018392878779241 0.0829337571670554 -0.0007108321990434 0.0018443022025081 0.9999980466315775 0.4258623712286713
0.9999693610072036 -0.0078279557616033 0.0000124675312734 31.1493899245615964 0.0078279643513162 0.9999669902174562 -0.0021774869819417 0.0985491040918764 0.0000045781520432 0.0021775178613241 0.9999976291946917 0.4416111259293266
0.9999642984788956 -0.0084493615704118 -0.0001002829138045 32.3624417722429456 0.0084491204470643 0.9999618835336319 -0.0022008733589752 0.1013483181862454 0.0001188750661548 0.0021999474820310 0.9999975730469525 0.4537397203156908
0.9999589930884842 -0.0090548791436006 0.0001459628699655 33.5561607690025738 0.0090551779847990 0.9999565887388672 -0.0021964492691067 0.1149041706100799 -0.0001260679508564 0.0021976809192726 0.9999975771497893 0.4739040190654151
0.9999503002955327 -0.0099656443386661 0.0002878746068480 34.7632192552326487 0.0099662116892810 0.9999482518231934 -0.0020416415708816 0.1238163183232771 -0.0002675134360995 0.0020444091211707 0.9999978744116943 0.4959609203967708
0.9999502147342580 -0.0099655355912822 0.0005061158860161 35.9397994521043174 0.0099669665561560 0.9999460994146832 -0.0029082370998568 0.1574876540655198 -0.0004771064657471 0.0029131367526095 0.9999956429923487 0.5139296204528255
0.9999426984119075 -0.0107012470986384 0.0002884497299981 37.1422441570930673 0.0107019115337681 0.9999398292086691 -0.0024097824925062 0.1639923683587969 -0.0002626446958433 0.0024127313716348 0.9999970548682091 0.5332061645744564
0.9999434417794284 -0.0106021562380678 0.0008411452992484 38.3522014870329571 0.0106045669473333 0.9999395204131392 -0.0029152488402880 0.1838185732492159 -0.0008101865034506 0.0029240039406394 0.9999953968887980 0.5536667343261819
0.9999391433365841 -0.0108600926970159 0.0019411362421640 39.5516794532980782 0.0108657002598918 0.9999367555125284 -0.0029019877567498 0.1979804718657082 -0.0019094976199533 0.0029229029560286 0.9999939052100013 0.5669962891110484
0.9999367402818705 -0.0108681225596543 0.0028981626067906 40.7709517126415264 0.0108763597317940 0.9999368126205734 -0.0028417538937686 0.2164278893034322 -0.0028670949498885 0.0028730955842909 0.9999917625102278 0.5778797399883684
0.9999397203122059 -0.0106946290590643 0.0024860915583456 41.9596406405363496 0.0107006137441957 0.9999398508585324 -0.0024065598919125 0.2361315924820748 -0.0024602047567203 0.0024330175307321 0.9999940138912083 0.5926226938257986
0.9999411580098068 -0.0105211019522951 0.0026432804838097 43.1487140191565572 0.0105260610765354 0.9999428522997882 -0.0018692706537376 0.2485141449656856 -0.0026234626392846 0.0018969839939471 0.9999947594340217 0.6055188797476597
0.9999441566585151 -0.0097997372281264 0.0039558456429202 44.3740221532298520 0.0097988345793756 0.9999519596387738 0.0002474984082765 0.2786175608101487 -0.0039580810220320 -0.0002087219100618 0.9999921449840430 0.6132967606786389
0.9999352608362315 -0.0087121155308365 0.0073193701474253 45.5686242014180110 0.0087101374514822 0.9999620204034024 0.0003020866128261 0.2968819887983552 -0.0073217239741710 -0.0002383143359491 0.9999731674221680 0.6322053616687081
0.9999303237309267 -0.0067857219045100 0.0096592785237167 46.7579982422156561 0.0067770178781265 0.9999765999809974 0.0009335518859920 0.3162724251085311 -0.0096653873198975 -0.0008680257363346 0.9999529123010130 0.6347200791345630
0.9999001375269945 -0.0045584480901548 0.0133766783809290 47.9694987584646100 0.0045403963375002 0.9999887407532660 0.0013795534768815 0.3178316656638429 -0.0133828163925186 -0.0013186802897310 0.9999095765656500 0.6397619626076021
0.9998867458704751 -0.0035521170562040 0.0146245648472360 49.1543744561428326 0.0035345839207019 0.9999930035658385 0.0012245553807100 0.3355676548531510 -0.0146288122914850 -0.0011727249430000 0.9998923054845199 0.6433091884766764
0.9999081412287261 -0.0024328971886571 0.0133337960005188 50.3770943879149016 0.0024241525337965 0.9999968359792140 0.0006719494430631 0.3348444797462405 -0.0133353885960220 -0.0006395645632531 0.9999108752124674 0.6473648951300442
0.9999304585901301 -0.0008215433166452 0.0117644825772770 51.5840603131640876 0.0008100506748144 0.9999991901149431 0.0009816248581505 0.3607559285239100 -0.0117652794967400 -0.0009720267675233 0.9999303142531117 0.6450784276870651
0.9999370544282943 -0.0000257286315671 0.0112199161896994 52.7632988810019228 0.0000166539103571 0.9999996727037650 0.0008088974040072 0.3723547163413127 -0.0112199333292863 -0.0008086596320192 0.9999367275811435 0.6354860124676683
0.9999385779005827 0.0002771075721441 0.0110798753401708 53.9714682857310351 -0.0002856071303212 0.9999996661870779 0.0007655418341135 0.3751354066801273 -0.0110796595041262 -0.0007686593043270 0.9999383232520627 0.6503537179937675
0.9999489102836923 -0.0006369206863915 0.0100881690358363 55.1943946085400370 0.0006315836928557 0.9999996589262017 0.0005322119119408 0.3820039586770039 -0.0100885045718025 -0.0005258131983314 0.9999489714960385 0.6579864322852512
0.9999487811214552 -0.0024076052751295 0.0098304918775830 56.3858941055621301 0.0024029223721902 0.9999969938330192 0.0004881485407512 0.3870362605920851 -0.0098316375944847 -0.0004645016294681 0.9999515603970259 0.6528714434327905
0.9999306870737417 -0.0037804650974859 0.0111502973898289 57.5908433832133255 0.0037804671762693 0.9999928537902142 0.0000208909641039 0.3890061320082986 -0.0111502966850252 0.0000212638171978 0.9999378332834927 0.6596462308577077
0.9999215887501444 -0.0049309843114117 0.0115109402356111 58.7954739531909780 0.0049349347952867 0.9999877735802681 -0.0003148150958495 0.3999712625571372 -0.0115092471497256 0.0003715961502996 0.9999336973751548 0.6635771394446942
0.9999205916333236 -0.0055204627311289 0.0113285002934341 60.0433186170607058 0.0055209619382506 0.9999847592916605 -0.0000127936011249 0.4199007895899303 -0.0113282570124669 0.0000753368041434 0.9999358303998439 0.6639437541912656
0.9999149331396980 -0.0066025946967960 0.0112486544752298 61.2303288004781336 0.0065970768599628 0.9999780998845664 0.0005275681527871 0.4332628894112221 -0.0112518914470861 -0.0004533150360765 0.9999365927119285 0.6675223704377776
0.9999213268333976 -0.0066115639580649 0.0106596137718940 62.4319177419468119 0.0066103168859644 0.9999781400310592 0.0001522192186377 0.4386627482017733 -0.0106603871601677 -0.0000817438181555 0.9999431731171244 0.6700086081346207
0.9999281532012416 -0.0063904037199118 0.0101415568751007 63.6414926908600975 0.0063913412998587 0.9999795733670640 -0.0000600417641335 0.4495874289980660 -0.0101409660261281 0.0001248556016257 0.9999485712871116 0.6856703034512511
0.9999153052209719 -0.0069949072879696 0.0109751381259295 64.8360706931759125 0.0069996296002637 0.9999754254901154 -0.0003919200451807 0.4516198089658173 -0.0109721269729088 0.0004687087532923 0.9999396945525240 0.6916753079256405
0.9998969920996200 -0.0070582119007793 0.0124974731404444 66.0385642106622015 0.0070760974425144 0.9999740015167742 -0.0013874925277761 0.4665310715186266 -0.0124873550088268 0.0014757829428111 0.9999209408896231 0.6874795072502925
0.9999084287727493 -0.0073223733653370 0.0113805499651903 67.2232402166032585 0.0073258429999442 0.9999731310098648 -0.0002632160097642 0.4843018036666413 -0.0113783168154063 0.0003465640290491 0.9999352048007021 0.7053462920948356
0.9999233675748916 -0.0073950006978429 0.0099283907239290 68.4358707952525123 0.0073792415613992 0.9999714559636370 0.0016229762606284 0.4987533854857521 -0.0099401092381631 -0.0015495878945538 0.9999493952224234 0.7120729483104500
0.9999219012943830 -0.0072780743150330 0.0101597709664685 69.6282839057457181 0.0072564007538929 0.9999713206989106 0.0021685081912261 0.5110234978511738 -0.0101752621551065 -0.0020946154638428 0.9999460368570563 0.7043430894976733
0.9999205864810262 -0.0072983549646224 0.0102739839522391 70.8242771583157236 0.0072661510201999 0.9999685817804504 0.0031683594092697 0.5320030019292433 -0.0102967849735800 -0.0030934554797235 0.9999422017058800 0.7165226602425304
0.9999224890086574 -0.0069352002117945 0.0103401630912462 72.0197170512448110 0.0068933180406868 0.9999679149623769 0.0040805896861202 0.5518355742617809 -0.0103681310331798 -0.0040089953627878 0.9999382129987132 0.7139676584265970
0.9999123943054242 -0.0065495437895943 0.0115024862765371 73.2098065716069328 0.0064763130869519 0.9999585973261325 0.0063922611299415 0.5621149225411927 -0.0115438764370342 -0.0063172074290601 0.9999134121548249 0.7309646246861871
0.9999164177137299 -0.0043902910473972 0.0121607126049755 74.3800676529019995 0.0043011721193480 0.9999637754191556 0.0073449144221247 0.5918248665203123 -0.0121925184002900 -0.0072919951993769 0.9998990795580677 0.7209361048441683
0.9999386997990248 -0.0013999398808225 0.0109834790738532 75.5780827986894650 0.0013265419837120 0.9999767617926393 0.0066870143616238 0.5934266547005107 -0.0109925852555774 -0.0066720344001808 0.9999173200951975 0.7271975555900154
0.9999804805575009 0.0006218166727015 0.0062170610432301 76.7474276819161219 -0.0006452284839507 0.9999927063099645 0.0037644398091344 0.6059175150005017 -0.0062146749064772 -0.0037683777542396 0.9999735882236631 0.7581039337476770
0.9999809894143985 0.0036149404056305 0.0049952993568397 77.9278658838344143 -0.0036407115001422 0.9999800614554992 0.0051596425485366 0.5959245809991491 -0.0049765479575139 -0.0051777309045254 0.9999742122040483 0.7490904246096536
0.9999453238411034 0.0064614907922967 0.0082218285710678 79.0934014564276566 -0.0064991299703893 0.9999684856197339 0.0045595040304655 0.5882437718809705 -0.0081921082719254 -0.0046126894667763 0.9999558052523843 0.7592884918619003
0.9999030779020158 0.0096645031857970 0.0100215857151957 80.2688573873072500 -0.0097025309471335 0.9999458867257469 0.0037529339828586 0.5754164320249602 -0.0099847731719460 -0.0038498049861645 0.9999427400137836 0.7772781424345225
0.9998711054574981 0.0136843953911295 0.0083970110146277 81.4670077499816472 -0.0137217304801697 0.9998961503232244 0.0044048474917320 0.5702405988219637 -0.0083358613130334 -0.0045195012529115 0.9999550427517203 0.7644515660844533
0.9998367840507755 0.0171405065414240 0.0057103672829600 82.6175961275885413 -0.0171638254408946 0.9998444479058960 0.0040599369439152 0.5614063799272062 -0.0056398896476261 -0.0041572860447012 0.9999754540074997 0.7862434682744496
0.9997840293895575 0.0206605086297572 0.0022445402068864 83.7875722086104702 -0.0206685810757260 0.9997797744900455 0.0036348695918771 0.5477479448622373 -0.0021689476473037 -0.0036804760281162 0.9999908748395205 0.8014271552915837
0.9997129713635360 0.0239173336366833 0.0013914162574143 84.9416935632281422 -0.0239215595459313 0.9997090191570569 0.0031041915091900 0.5251886552669132 -0.0013167673979413 -0.0031365853641888 0.9999942139611974 0.8207343330173514
0.9996192271609288 0.0274669665506758 0.0026394011994195 86.1115549903512800 -0.0274746957280998 0.9996181812865886 0.0029381517900306 0.4869909194747246 -0.0025576913097118 -0.0030095497664903 0.9999922003822665 0.8419721348399065
0.9995047180971752 0.0313008359632262 0.0032521023184362 87.2728287909205562 -0.0313133731883488 0.9995020910323650 0.0038784895896734 0.4626640361620360 -0.0031290831010967 -0.0039784029375132 0.9999871904924649 0.8510473288981415
0.9993929521454948 0.0347999332902731 0.0016406842795818 88.4340120366519216 -0.0348057820352566 0.9993873114079724 0.0036823000500502 0.4278461705401581 -0.0015115352549441 -0.0037371700171290 0.9999918743777052 0.8686908790390808
0.9992679035166512 0.0382532686065002 -0.0005868921158776 89.5861839101777804 -0.0382510007219925 0.9992620935832123 0.0034827103614197 0.3955435634083942 0.0007196840993534 -0.0034577114706634 0.9999937631236421 0.8843272932091408
0.9991426463314493 0.0413927697841513 -0.0007815954098224 90.7245718869118178 -0.0413898315759608 0.9991370787663522 0.0034611669063714 0.3510377263624033 0.0009241882394871 -0.0034258493598537 0.9999937046963153 0.8952586653471549
0.9990212570483292 0.0442326332488582 -0.0000460591805151 91.8810119529070022 -0.0442323666388328 0.9990179267487530 0.0025845262914144 0.3008212795289585 0.0001603343505962 -0.0025799593979636 0.9999966590456194 0.9171962569875768
0.9988867573013868 0.0471593428455717 0.0011146615155848 93.0445957158938910 -0.0471614443520712 0.9988853943722013 0.0019408958031063 0.2533097185804261 -0.0010218877369802 -0.0019913041620634 0.9999974952234566 0.9374635334060840
0.9987623177409336 0.0496517065132457 0.0029224477892482 94.1899730830123190 -0.0496538692863332 0.9987662596706649 0.0006721669180042 0.1975731593611250 -0.0028854680130096 -0.0008164458294581 0.9999955037351685 0.9507066331410603
0.9986269574733234 0.0522422659601408 0.0038659351938554 95.3576747138955341 -0.0522410204710753 0.9986344162183334 -0.0004225214895443 0.1323754843434071 -0.0038827294154843 0.0002199809499686 0.9999924379817419 0.9645974039178348
0.9985055150500787 0.0546048395535273 0.0022467558636317 96.4914376726288481 -0.0546012458839788 0.9985069073284591 -0.0016309399967761 0.0864261310870638 -0.0023324584657623 0.0015058269121452 0.9999961460539816 0.9779029715157581
0.9983954195359083 0.0566081148688927 -0.0014517509111208 97.6577303707152709 -0.0566125062586965 0.9983911396038175 -0.0031869257442760 0.0236065538534123 0.0012690093879641 0.0032639993230282 0.9999938679429952 0.9958248918910514
0.9982742754008489 0.0585582878588325 -0.0044043156054263 98.8382057116916997 -0.0585707519566938 0.9982794549844580 -0.0027562240766822 -0.0399774491711761 0.0042353380192787 0.0030094316698567 0.9999865025253526 1.0034475036125106
0.9981747149464896 0.0601782259006558 -0.0050812959905818 100.0044366666012507 -0.0601921350145506 0.9981833445608728 -0.0026301185638776 -0.1094924965970155 0.0049137891575002 0.0029311719020880 0.9999836313197312 1.0206040799816898
0.9981248701177575 0.0610323867346013 -0.0046681283066882 101.1840961511185668 -0.0610439257831062 0.9981322655844116 -0.0023705535885789 -0.1788455100173341 0.0045147289394002 0.0026510693706070 0.9999862944329767 1.0415963533976424
0.9981884448132236 0.0600808407126024 -0.0031813865884224 102.3591298957578744 -0.0600889295610949 0.9981898693077974 -0.0025110466909461 -0.2366147877900232 0.0030247620666543 0.0026976639059072 0.9999917866782161 1.0584760537538633
0.9982685185238435 0.0588024856658902 -0.0014941899891527 103.5544561870132014 -0.0588068099366521 0.9982647628031474 -0.0030368488026910 -0.3028548389660804 0.0013130229569147 0.0031194591019446 0.9999942724564106 1.0841249186448074
0.9983693858521824 0.0570782043529644 -0.0008049726563434 104.7415689117554365 -0.0570803107852392 0.9983653901704685 -0.0028958298341937 -0.3696852797841736 0.0006383680730793 0.0029370559424941 0.9999954830840957 1.0964795510265974
0.9985177500123221 0.0544257649781874 -0.0003728496598959 105.9283876050941444 -0.0544265828314611 0.9985140367634749 -0.0027323007887046 -0.4359389528691030 0.0002235880584328 0.0027485437687922 0.9999961977505371 1.1114216543001372
0.9986674653149377 0.0516062655493206 -0.0002950889538819 107.1301733730057890 -0.0516067967941873 0.9986649899101891 -0.0022307963433045 -0.4990251624308054 0.0001795719386721 0.0022430523254809 0.9999974682318871 1.1239137008543241
0.9988612280628200 0.0477053226423404 -0.0006702719041397 108.3295515784259777 -0.0477061917822643 0.9988605034830258 -0.0013467914723391 -0.5480470041707327 0.0006052590099196 0.0013772339040103 0.9999988684435120 1.1338775749018799
0.9990364561922848 0.0438863115960718 -0.0003883983180601 109.5258953081799831 -0.0438867455603074 0.9990358039693603 -0.0011899375692236 -0.5968568755584259 0.0003358018550007 0.0012058365504080 0.9999992165973571 1.1520403445946814
0.9992014755108357 0.0399518537793808 0.0005106041124686 110.7618114902657993 -0.0399514654577823 0.9992013405169942 -0.0007493442583988 -0.6331546654514528 -0.0005401340058941 0.0007283465060958 0.9999995888832268 1.1626465601506568
0.9993702741021092 0.0354569608019140 0.0013635144907747 111.9676524724959137 -0.0354564000884204 0.9993711302630977 -0.0004332313798965 -0.6831430913681806 -0.0013780180858308 0.0003846132475656 0.9999989765688787 1.1842093870017902
0.9995050044894469 0.0314035718187831 0.0018872407300859 113.1849324011786280 -0.0314031763756122 0.9995067701035272 -0.0002388110905697 -0.7071828227003329 -0.0018938094077698 0.0001794275266418 0.9999981906442080 1.1935832019098860
0.9996512301713845 0.0263145315253395 0.0022278795837216 114.4081831745882312 -0.0263154961615944 0.9996536054137037 0.0004047779047633 -0.7321339796572569 -0.0022164563173592 -0.0004632644870767 0.9999974363504179 1.2150610167404601
0.9997724298489190 0.0212183884959188 0.0022064685868042 115.6314803128127409 -0.0212205034646181 0.9997743782621213 0.0009395761261551 -0.7559741388145836 -0.0021860344682608 -0.0009861846809650 0.9999971243424046 1.2247108654953776
0.9998612885080492 0.0165348278362710 0.0020008027010098 116.8589998630318831 -0.0165373838944849 0.9998624443641699 0.0012677870616399 -0.7635659602708749 -0.0019795648385249 -0.0013006992473688 0.9999971947483243 1.2357402662465700
0.9999294882958190 0.0117895763754612 0.0014227878790819 118.0803119930442051 -0.0117925367225360 0.9999282803102594 0.0020905294580330 -0.7700020805662133 -0.0013980393804660 -0.0021071603295507 0.9999968026755067 1.2511831164961751
0.9999638685862532 0.0083900896540465 0.0013667178244161 119.3127927378028090 -0.0083947806032999 0.9999587651365752 0.0034634787653437 -0.7784730734665366 -0.0013376025706371 -0.0034748269212420 0.9999930681745901 1.2681019133091467
0.9999809351811189 0.0060339313398298 0.0013118486502964 120.5452099618566706 -0.0060422254414196 0.9999611804630633 0.0064131956645659 -0.7830165388589838 -0.0012731009426304 -0.0064209998834422 0.9999785747577229 1.2749017237854043
0.9999862825881812 0.0050588586466212 0.0013574183819665 121.7785967809743966 -0.0050687715879357 0.9999597616548637 0.0074015286081780 -0.7826691987556863 -0.0013199204746995 -0.0074083075220894 0.9999716869939862 1.2984465050993772
0.9999903724953274 0.0041675560806015 0.0013734602183193 123.0116978346110272 -0.0041802594244498 0.9999472705283847 0.0093798504240525 -0.7849667094085505 -0.0013342967438178 -0.0093855015395205 0.9999550649969483 1.3099299004141760
0.9999929323050014 0.0030943382558999 0.0021355118362776 124.2426911605841298 -0.0031169480024425 0.9999382515493345 0.0106666641275557 -0.7805237453478399 -0.0021023737048576 -0.0106732450181793 0.9999408291822007 1.3212052040991384
0.9999941542271009 0.0023228322086842 0.0025091755927715 125.5080421740816803 -0.0023503678272483 0.9999364347609757 0.0110273391434974 -0.7875630831698710 -0.0024834014378866 -0.0110331721657632 0.9999360488697560 1.3439330291518998
0.9999898576481190 0.0012943776431313 0.0043138367391007 126.7455252503344951 -0.0013567830841974 0.9998940221408064 0.0144949517675337 -0.7697588127472079 -0.0042946176264120 -0.0145006576953480 0.9998856370534809 1.3575008690006749
0.9999735810615199 0.0006491213861448 0.0072398771001891 128.0115737513394265 -0.0007632973356542 0.9998752151768286 0.0157788292426277 -0.7643362385067171 -0.0072287312978957 -0.0157839385616097 0.9998492950076557 1.3446482881338369
0.9999710906061174 0.0002023228031247 0.0076011194896217 129.2647230967050973 -0.0003120576689905 0.9998957141880004 0.0144382605766727 -0.7534570074039312 -0.0075974056113515 -0.0144402151629404 0.9998668709453397 1.3755680894543558
0.9999804168563714 -0.0003700517826931 0.0062473166588338 130.5112625979838299 0.0002770494985898 0.9998892324521603 0.0148810641355025 -0.7486469420234061 -0.0062521314231986 -0.0148790419015383 0.9998697540003695 1.3804426825688918
0.9999773401782190 -0.0008698475176513 0.0066755146161473 131.7893185853641853 0.0007850590020687 0.9999191255071626 0.0126935466814664 -0.7506923739799612 -0.0066860161873593 -0.0126880183751180 0.9998971503996074 1.3836830950226231
0.9999601759278156 -0.0020181609440549 0.0086933068976028 133.0279824056539155 0.0019403640481078 0.9999580813481251 0.0089482140082297 -0.7389968808244031 -0.0087110014219278 -0.0089309894737458 0.9999221749122513 1.3967582075703404
0.9999451401750110 -0.0021593979139120 0.0102495678458643 134.2991986602667680 0.0020938807334996 0.9999773363929880 0.0063986220281270 -0.7412014851104074 -0.0102631527247461 -0.0063768096282032 0.9999269993330084 1.3980821288005727
0.9999315019353753 -0.0022724482187201 0.0114816120975184 135.5716162748716442 0.0022264496743784 0.9999894513557390 0.0040174742184060 -0.7435067677402901 -0.0114906204842082 -0.0039916357976815 0.9999260135052725 1.3992678385775914
0.9999453740049512 -0.0023906773275108 0.0101751495327525 136.8294071467989852 0.0023828927997741 0.9999968589578796 0.0007771076369350 -0.7415597004857551 -0.0101769753857879 -0.0007528188960988 0.9999479298622037 1.4128017840027658
0.9999585047272964 -0.0019442326432759 0.0088999316277344 138.0883381089564352 0.0019583948890297 0.9999968296524300 -0.0015828374987906 -0.7401341758556261 -0.0088968260075237 0.0016002013991294 0.9999591420865525 1.4108503664016059
0.9999593916719636 -0.0017636891290517 0.0088376698112446 139.3647658879091580 0.0017923879727014 0.9999931433457361 -0.0032404639898412 -0.7323337917881209 -0.0088318940432863 0.0032561729330929 0.9999556965113194 1.4260717308869344
0.9999594184752002 -0.0015987760699167 0.0088659640094935 140.6423114182528309 0.0016270841742860 0.9999935990583688 -0.0031866031098961 -0.7210201213870256 -0.0088608125941789 0.0032008994624126 0.9999556191365707 1.4218522747202400
0.9999441852157556 -0.0008930663092686 0.0105275298986081 141.9377616436382823 0.0009249880464285 0.9999949885923775 -0.0030277363235292 -0.7241852202849615 -0.0105247731715606 0.0030373051703942 0.9999400001635044 1.4318596400740675
0.9999253191502044 -0.0001777368823771 0.0122198417323018 143.1867567153756227 0.0001962424080960 0.9999988358551043 -0.0015132010287638 -0.6955372695302621 -0.0122195585550022 0.0015154860727932 0.9999241899717618 1.4214342902065373
0.9999379739155714 0.0005536281212316 0.0111239299496828 144.4709771356652084 -0.0005362009583220 0.9999986244862328 -0.0015695585922781 -0.6947739136083172 -0.0111247836003386 0.0015634965768050 0.9999368953430511 1.4401547192559245
0.9999566110910121 0.0011620826204021 0.0092425915933653 145.7513157609131724 -0.0011579694314092 0.9999992281390128 -0.0004503644908280 -0.6935733962475232 -0.0092431078201171 0.0004396423114719 0.9999571849196662 1.4354450163940919
0.9999741375237091 0.0012339502474846 0.0070853123079273 147.0398381713662275 -0.0012282251991019 0.9999989158064500 -0.0008123107686326 -0.6771820966922574 -0.0070863069771514 0.0008035874011445 0.9999745689269874 1.4442019083133220
0.9999934872087383 0.0021449656137378 0.0029025269375127 148.2788121115792421 -0.0021402895411252 0.9999964083937015 -0.0016131833055850 -0.6827819054598439 -0.0029059767354978 0.0016069605512117 0.9999944864733004 1.4684620774509021
0.9999976453507031 0.0020907708014393 -0.0005813523072918 149.5630462567151540 -0.0020915638556909 0.9999968784551373 -0.0013669091479803 -0.6758963155113356 0.0005784925988397 0.0013681218648620 0.9999988967938295 1.4725921003106712
0.9999959306869570 0.0024080463460825 -0.0015296804639682 150.8181573479388646 -0.0024104618091262 0.9999958479114506 -0.0015791876790917 -0.6728612021463369 0.0015258713554791 0.0015828684892213 0.9999975831190555 1.4918458665941703
0.9999957412696963 0.0025088779163822 -0.0014909641415205 152.1129492498562570 -0.0025122623710446 0.9999942622233988 -0.0022724563932507 -0.6647565303241697 0.0014852542710403 0.0022761924085811 0.9999963064771137 1.5142222024513370
0.9999976440278483 0.0019379412480647 -0.0009779174156718 153.3739532585673260 -0.0019392797120286 0.9999971816895036 -0.0013696011274867 -0.6723460492997358 0.0009752604530785 0.0013714943561488 0.9999985839341372 1.5349082544564130
0.9999972670814323 0.0023378924521846 -0.0000094100236229 154.6293016130139222 -0.0023379016914245 0.9999966120644398 -0.0011445852189759 -0.6523000478377696 0.0000067340745980 0.0011446040906278 0.9999993449178494 1.5562333456282582
0.9999984776138674 0.0016570327218143 0.0005468203601849 155.9040138674078833 -0.0016566314361137 0.9999983587797826 -0.0007334916673559 -0.6619921295190696 -0.0005480348824263 0.0007325846708997 0.9999995814886462 1.5711630418986904
0.9999990529375162 0.0013127517743174 0.0004132878531106 157.1708642752624030 -0.0013125834573757 0.9999990556269007 -0.0004072713764965 -0.6571784513483863 -0.0004138221090348 0.0004067285159860 0.9999998316615740 1.5939593177622013
0.9999996356870758 0.0006767581406633 0.0005202154693513 158.4402157468539940 -0.0006767542357996 0.9999997709723175 -0.0000076822353171 -0.6532744747892524 -0.0005202205492228 0.0000073301744959 0.9999998646584152 1.6055044952055013
0.9999988191169583 -0.0000500869174086 0.0015359869757365 159.6981900319383954 0.0000504690032252 0.9999999677960815 -0.0002487181451784 -0.6560032915251122 -0.0015359744687465 0.0002487953712030 0.9999987894409146 1.6298689513688824
0.9999976973857333 -0.0004813843448395 0.0020912896365482 160.9654653260194266 0.0004806755279178 0.9999998268701231 0.0003394271064279 -0.6547743430205513 -0.0020914526693787 -0.0003384210931081 0.9999977556459292 1.6403311744798870
0.9999981870177358 -0.0014225391354901 0.0012658371338593 162.2404192542552153 0.0014217291728380 0.9999987842009553 0.0006405331921936 -0.6435447734950497 -0.0012667467783892 -0.0006387323533370 0.9999989936862838 1.6608297182228107
0.9999982979986828 -0.0018118249411360 0.0003482673116614 163.5041031780526168 0.0018113815745450 0.9999975540219845 0.0012691914116666 -0.6327772759706359 -0.0003505660124619 -0.0012685584065098 0.9999991339311450 1.6762278274461315
0.9999974716932027 -0.0022441889770861 -0.0001422077261603 164.7660655810757930 0.0022444313258614 0.9999959889845691 0.0017275829348985 -0.6203148341846041 0.0001383301331835 -0.0017278977425142 0.9999984976159543 1.6852562279159133
0.9999943407551767 -0.0033118150631156 -0.0005918940844949 166.0306700309055827 0.0033128787711105 0.9999928828872441 0.0018052725851143 -0.6160037943283919 0.0005859111429775 -0.0018072232419820 0.9999981953245146 1.7084455797016982
0.9999926492294651 -0.0034838691355009 -0.0016012941274679 167.2841281393709778 0.0034874384294466 0.9999914287305346 0.0022316448339885 -0.6035080360176298 0.0015935056437859 -0.0022372128443564 0.9999962278021114 1.7316152702675993
0.9999877832210449 -0.0047146256321391 -0.0014851645731246 168.5674222285757367 0.0047181658525653 0.9999860149641602 0.0023893068212801 -0.5958245485935776 0.0014738791158621 -0.0023962848844211 0.9999960427417223 1.7523057122291870
0.9999849977354774 -0.0054684214438958 -0.0003172867617839 169.8356115911644508 0.0054691672581320 0.9999821654354353 0.0023993792030924 -0.5898669431651071 0.0003041602864264 -0.0024010785013399 0.9999970711499861 1.7718841032631534
0.9999832349929273 -0.0057853092784992 0.0002448052940674 171.0944115932525165 0.0057846783882113 0.9999801340795036 0.0025037855904606 -0.5751570810705947 -0.0002592856047927 -0.0025023274945836 0.9999968355590356 1.7927394971983615
0.9999753514054932 -0.0069996114947554 0.0005495638114762 172.3638403913636523 0.0069979556571405 0.9999711353681561 0.0029592308361292 -0.5714371034483779 -0.0005702614146953 -0.0029553120720648 0.9999954704559795 1.8090685709884085
0.9999743686562703 -0.0071300136837107 0.0006518706647767 173.6285721955638337 0.0071278940516450 0.9999694822255395 0.0031980844227515 -0.5440783673399312 -0.0006746531568307 -0.0031933559865165 0.9999946736461457 1.8249590205864350
0.9999699228552174 -0.0077553741023623 0.0000869336706032 174.8889401551536196 0.0077549979219419 0.9999630369283320 0.0037127865947444 -0.5171922816060598 -0.0001157245062721 -0.0037120007542896 0.9999931038053407 1.8413045617153736
0.9999659077586298 -0.0082474654657317 -0.0004032788749035 176.1604006258445452 0.0082492358555073 0.9999553693892165 0.0046053596467383 -0.5115439915300171 0.0003652783316773 -0.0046085293822602 0.9999893139572409 1.8580481703844747
0.9999644202832842 -0.0084317393332843 -0.0002528622762308 177.4216292231559464 0.0084328301809297 0.9999535009915460 0.0046779514629491 -0.4894636670775679 0.0002134072510364 -0.0046799173673959 0.9999890263551794 1.8748280399356052
0.9999583916345587 -0.0090699962042071 -0.0009747658602161 178.6964774536146479 0.0090743079455452 0.9999486394144993 0.0045139194056962 -0.4891899042292682 0.0009337745637950 -0.0045225769144784 0.9999893371247098 1.8929435202562899
0.9999597588898527 -0.0087344110256468 -0.0020471113752497 179.9496678513543486 0.0087425452274931 0.9999537876024246 0.0039988201397914 -0.4682722492268662 0.0020120894346064 -0.0040165561866135 0.9999899093353427 1.9129276717514967
0.9999553730473234 -0.0091949180020893 -0.0021691926431610 181.2185032899336079 0.0091976495205828 0.9999569161455633 0.0012526356019946 -0.4550115902025172 0.0021575813043341 -0.0012725311743593 0.9999968627487416 1.9538044069064360
0.9999561724555525 -0.0093121401353003 0.0009680982088250 182.4687515139298171 0.0093109712184608 0.9999559259095369 0.0012050117716107 -0.4274939514386091 -0.0009792767792589 -0.0011959450243447 0.9999988053655307 1.9613049396003519
0.9999390095307438 -0.0096559939631056 0.0053608767249058 183.7406806142674611 0.0096622425096986 0.9999526685777577 -0.0011409092447917 -0.4212346579867293 -0.0053496063742058 0.0011926377511821 0.9999849795506108 1.9705570545625384
0.9999375700366082 -0.0098417056057430 0.0052912059167201 184.9895085320543444 0.0098421066777033 0.9999515640567271 -0.0000497659511386 -0.3963270054245880 -0.0052904598503302 0.0001018394573381 0.9999860002336518 1.9905524755605297
0.9999533382926096 -0.0094407582222053 0.0020477601558372 186.2517269742247379 0.0094363837220465 0.9999531960955587 0.0021354813339206 -0.3822900600918419 -0.0020678248756281 -0.0021160582381143 0.9999956231893301 2.0033891959075474
0.9999533669995334 -0.0096542342320497 0.0002441058975512 187.4980123822266762 0.0096534719071505 0.9999490470019373 0.0029519281927480 -0.3716393569568495 -0.0002725920658328 -0.0029494340660549 0.9999956132565061 2.0192161490369287
0.9999540838379289 -0.0095773952092706 0.0003220510109813 188.7489699969769958 0.0095765918453318 0.9999512396248580 0.0024098259973880 -0.3397705168494003 -0.0003451151636158 -0.0024066311963414 0.9999970445065368 2.0399648071751346
0.9999529280392077 -0.0096213526091869 0.0012535069943080 189.9978405651715718 0.0096182348277991 0.9999506931730948 0.0024699760008108 -0.3312031234460495 -0.0012772096978956 -0.0024578032095678 0.9999961639620277 2.0578043146635849
0.9999471989776476 -0.0097665910443956 0.0031957716014134 191.2542018867259799 0.0097598805856501 0.9999501478275090 0.0021086940737669 -0.3112784157549337 -0.0032162070379125 -0.0020773923833551 0.9999926701997245 2.0719988666545861
0.9999542562953205 -0.0087141043863490 0.0039433109966446 192.4870576057114988 0.0087079897239897 0.9999608598230995 0.0015651635104653 -0.2924508378284428 -0.0039567956529666 -0.0015307536024506 0.9999910002402868 2.0914660838331964
0.9999617971817927 -0.0078679641666558 0.0038077968474736 193.7212518047416268 0.0078621187102900 0.9999678953878922 0.0015476701504888 -0.2813660919863386 -0.0038198516129186 -0.0015176736742879 0.9999915526644580 2.1007128146258292
0.9999774748137487 -0.0061692696497963 0.0026438564837607 194.9542651065229109 0.0061672483196271 0.9999806843374025 0.0007720105337762 -0.2721885123158691 -0.0026485681570763 -0.0007556878246383 0.9999962070041211 2.1264650148718509
0.9999889348062266 -0.0044991401259689 0.0013740463002152 196.1732059513713864 0.0044977444558923 0.9999893678000850 0.0010171438423125 -0.2547231050591173 -0.0013786079637550 -0.0010109524782898 0.9999985387065168 2.1312149473533935
0.9999931751656904 -0.0036225200108293 0.0007259275528293 197.3986815315653871 0.0036222386388535 0.9999933641883852 0.0003885439985059 -0.2496839453502475 -0.0007273302441204 -0.0003859118639266 0.9999996610313172 2.1631150073131704
0.9999967970793516 -0.0021866819883927 0.0012744618156970 198.6207061106048570 0.0021858199083932 0.9999973816382267 0.0006774275008441 -0.2359450877573250 -0.0012759397972095 -0.0006746395870883 0.9999989584189882 2.1793902204742710
0.9999948213076074 -0.0010894385152981 0.0030282803185446 199.8433156808295337 0.0010896364057026 0.9999994043173341 -0.0000636983542281 -0.2304667227784339 -0.0030282091192100 0.0000669977488357 0.9999954127198944 2.1949728479208432
0.9999940170167796 0.0001170369190512 0.0034572001683756 201.0447789490935122 -0.0001185624739164 0.9999998957013121 0.0004410672337225 -0.2234531817620958 -0.0034571481866440 -0.0004414744890295 0.9999939265949024 2.2135479059884902
0.9999932292520052 0.0014594747760390 0.0033780739371216 202.2562052138671618 -0.0014611615434642 0.9999988090409700 0.0004969140624390 -0.2214368859435989 -0.0033773446804340 -0.0005018466096870 0.9999941708294553 2.2281316560616085
0.9999911661231908 0.0022984051106781 0.0035192342246921 203.4530923962448412 -0.0023026253703052 0.9999966342031381 0.0011956164933479 -0.2149183034199568 -0.0035164743686059 -0.0012037094094289 0.9999930927219810 2.2503716576199877
0.9999863540080305 0.0036172560959340 0.0037692513928188 204.6555353481656994 -0.0036215119321945 0.9999928118696511 0.0011228803826086 -0.2098040625724829 -0.0037651625530395 -0.0011365154486864 0.9999922659118839 2.2639656536955055
0.9999834177132937 0.0043246512384788 0.0038028528903896 205.8217417929313058 -0.0043294864978486 0.9999898286581944 0.0012641704078112 -0.2167977571136387 -0.0037973471141532 -0.0012806138452173 0.9999919700592971 2.2789480557117647
0.9999786026967087 0.0053040625479383 0.0038289775692237 206.9842507629191743 -0.0053089950630965 0.9999850890056643 0.0012791941813970 -0.2060788530736073 -0.0038221355494117 -0.0012994948331029 0.9999918512633094 2.2903547889239668
