1.0000000000000000 -0.0000000000000000 0.0000000000000001 -0.0000000000000003 0.0000000000000000 1.0000000000000000 -0.0000000000000000 0.0000000000000001 -0.0000000000000001 0.0000000000000000 1.0000000000000000 -0.0000000000000003
0.9999994312994968 0.0005942059708152 0.0008856183982925 0.8571831499262119 -0.0005955215398117 0.9999987186406872 0.0014859579668269 0.0354851106135204 -0.0008847342984009 -0.0014864845265941 0.9999985038033674 0.0142983636865934
0.9999991436873592 0.0005673644073736 0.0011792888439992 1.5986505997499103 -0.0005732552159536 0.9999873311086054 0.0050008999935739 0.0255644802730977 -0.0011764365710558 -0.0050015717447210 0.9999868000514190 0.0222819191085195
0.9999988562562580 0.0010607684143897 0.0010780800281186 2.3637533773125812 -0.0010671247271589 0.9999819511392001 0.0059125832472099 0.0360804389690586 -0.0010717886884462 -0.0059137269305857 0.9999819393883060 0.0408681524852338
0.9999986363890828 0.0014049619461138 0.0008679296658509 3.0837639587218697 -0.0014112751052906 0.9999722379098162 0.0073165369001557 0.0467849802815882 -0.0008576261143872 -0.0073177518107766 0.9999728571245741 0.0451740084862971
0.9999982280744643 0.0016384045884832 0.0009270805445903 3.8183311210904081 -0.0016454137660959 0.9999696828118032 0.0076109178684269 0.0558121837355499 -0.0009145826753568 -0.0076124298135376 0.9999706067934516 0.0653851023836488
0.9999961931026183 0.0023279233739520 0.0014814023882561 4.5145869042941529 -0.0023390493914458 0.9999687356367662 0.0075535817299743 0.0554845310101180 -0.0014637719136875 -0.0075570180476186 0.9999703739861560 0.0794653102060389
0.9999902232526715 0.0026133937203364 0.0035670116813331 5.2022760035981968 -0.0026436838154132 0.9999602640252627 0.0085135953868515 0.0588816691462720 -0.0035446205659256 -0.0085229422026319 0.9999573966531046 0.0961316827964700
0.9999607356498920 0.0040207950483128 0.0078968579641717 5.8604049820159290 -0.0040872631473567 0.9999562063435781 0.0084190067658774 0.0648433421968454 -0.0078626610311713 -0.0084509527355850 0.9999333777604235 0.0990805133845457
0.9999224767810498 0.0048145649783601 0.0114830480326392 6.4896102872940302 -0.0049053998200934 0.9999567994080206 0.0078953385153890 0.0533218440276897 -0.0114445393378580 -0.0079510553850860 0.9999028969042981 0.1110949626007087
0.9998901049564431 0.0059694088008529 0.0135699730567679 7.1006853275356550 -0.0060653642933885 0.9999568166259505 0.0070410396450876 0.0453767444037567 -0.0135273562155210 -0.0071225726997699 0.9998831329670258 0.1224536104489335
0.9998771375268179 0.0073197349872918 0.0138611446458306 7.6603169749154238 -0.0074168316764711 0.9999482275329848 0.0069665530590670 0.0503087036611906 -0.0138094336980094 -0.0070685029078100 0.9998796606630133 0.1264622478430640
0.9998952554573878 0.0082429972640127 0.0118966848285872 8.2348992654019018 -0.0083420522331153 0.9999307510427078 0.0083008001847002 0.0610609672806070 -0.0118274375223559 -0.0083991734874225 0.9998947772672797 0.1334891830395184
0.9999161290971474 0.0093901630747832 0.0089196193195485 8.7539245309354019 -0.0094661403218724 0.9999189460531509 0.0085143121485269 0.0470010648903612 -0.0088389455696540 -0.0085980324135764 0.9999239705496772 0.1368259385894732
0.9999143252763062 0.0108438894292479 0.0073315870911801 9.2489452427739316 -0.0108906865584797 0.9999203829342066 0.0063734401224548 0.0564109488186394 -0.0072618904917564 -0.0064527400967196 0.9999528124325316 0.1309207202208113
0.9999048118260643 0.0127695256186628 0.0052255624154024 9.7281462999323374 -0.0127872822823569 0.9999125305555593 0.0033788533275554 0.0357440526046671 -0.0051819589842332 -0.0034453524423670 0.9999806382363778 0.1555956574901297
0.9998842973619393 0.0146597119320100 0.0040601397871790 10.1682768073984207 -0.0146671757524107 0.9998907844805914 0.0018146807529989 0.0306028706430156 -0.0040330936598157 -0.0018740215734864 0.9999901110504410 0.1866220908904321
0.9998532192190592 0.0169743173617014 0.0023264925076494 10.5699173681144565 -0.0169856504886017 0.9998435230509151 0.0049413652580398 0.0266601517239565 -0.0022422521631097 -0.0049801569491876 0.9999850850597716 0.1715209340702096
0.9997987681074687 0.0200137860569634 0.0013680856895866 10.9570969156008076 -0.0200257452478236 0.9997555353915789 0.0093722452574970 0.0176254209691551 -0.0011801771295972 -0.0093977561983434 0.9999551436741446 0.1717703352908737
0.9997348434702436 0.0229232795857614 0.0021831180821586 11.3050099962175530 -0.0229437020803619 0.9996883248826296 0.0098407127897131 0.0309384732876254 -0.0019568562479724 -0.0098881922713427 0.9999491958930862 0.1659797262791231
0.9996464979814423 0.0264383273066795 0.0028096125468100 11.6285834005992967 -0.0264556777234676 0.9996299527019985 0.0063288843560519 -0.0048567739111499 -0.0026412477411872 -0.0064009772867231 0.9999760253626806 0.1808618559897592
0.9995686965075044 0.0292365168462659 0.0027653290919213 11.9235979340535607 -0.0292400025799141 0.9995716646741976 0.0012285884502586 -0.0207988414428374 -0.0027282249568606 -0.0013089167855513 0.9999954217522364 0.1998667162036088
0.9995050049290284 0.0312087336976475 0.0039698945593405 12.1733639661440627 -0.0312008441083071 0.9995110655252218 -0.0020340156254937 -0.0290537043040331 -0.0040314325930221 0.0019091447365124 0.9999900513093233 0.2103199236895171
0.9994204959025946 0.0336665086913309 0.0050237995927803 12.4090395872319004 -0.0336500276059030 0.9994281303136670 -0.0033298618364692 -0.0338197693067306 -0.0051330314565414 0.0031588811729076 0.9999818365639456 0.2057072378929150
0.9993448542883647 0.0359404531149361 0.0042598165758943 12.6052208012791152 -0.0359306731031675 0.9993515204073800 -0.0023506147730475 -0.0415165157399874 -0.0043415363318185 0.0021960167009913 0.9999881642164213 0.2075578507763965
0.9992707136884675 0.0380690293549774 0.0029647543760915 12.7934943641447383 -0.0380661695189293 0.9992747050683732 -0.0010151594316908 -0.0527089086965387 -0.0030012501889741 0.0009015622471510 0.9999950898293539 0.2185109371225479
0.9991777381310439 0.0404873045156100 0.0021507664660187 12.9772375652888030 -0.0404892064562713 0.9991796158142342 0.0008482345553229 -0.0586809009892330 -0.0021146592804806 -0.0009346199118740 0.9999973273473024 0.2184116524180105
0.9990999036064200 0.0423837646387300 0.0017317934897516 13.1420060561470624 -0.0423896242954475 0.9990950256905833 0.0034999132022934 -0.0648152630513567 -0.0015818867637122 -0.0035701730184300 0.9999923757203778 0.2203546655242861
0.9990494782819982 0.0435892130372099 0.0003470608938707 13.2895739549332301 -0.0435903705873167 0.9990382063505252 0.0047478251848416 -0.0578740708979378 -0.0001397731294615 -0.0047584407868704 0.9999886687881769 0.2180102564854867
0.9989677990717389 0.0454018403449919 -0.0014175016944295 13.4414499708291135 -0.0453953909993210 0.9989598800084840 0.0042914577306438 -0.0717437664247445 0.0016108674013131 -0.0042226800403299 0.9999897869875933 0.2287534119279615
0.9988888394432133 0.0470515375232039 -0.0026905859014291 13.5844757722359457 -0.0470431457667511 0.9988880432097568 0.0031015429952350 -0.0710092818763002 0.0028335264527864 -0.0029715230582346 0.9999915705537501 0.2353762880283103
0.9988219608190657 0.0483789507786318 -0.0037640014765639 13.7255879254842252 -0.0483706038420944 0.9988268597446173 0.0022779237602964 -0.0909849908943709 0.0038697893363872 -0.0020931732525716 0.9999903216312780 0.2418859730587571
0.9987444586679026 0.0498461035607768 -0.0049872076321735 13.8562184287632988 -0.0498331641620708 0.9987539440748110 0.0026860648922584 -0.0859444032228649 0.0051148831613438 -0.0024341640901210 0.9999839562790136 0.2402716798589815
0.9986583385390525 0.0512844157454737 -0.0071715805834319 13.9808692210755545 -0.0512591008747197 0.9986786435491714 0.0036703537026316 -0.0967336348956434 0.0073503363143840 -0.0032978205579634 0.9999675479412484 0.2375005569018308
0.9986015474490411 0.0520421007874440 -0.0093042559084569 14.1036708441853875 -0.0520087046571368 0.9986394164072337 0.0037961345743301 -0.0955523159345528 0.0094891555086450 -0.0033069235626535 0.9999495088174620 0.2374440227814136
0.9985398941544993 0.0527776379645378 -0.0115152382869661 14.2325176773076016 -0.0527464133901597 0.9986034361631781 0.0029988593777749 -0.1114778419931269 0.0116574292361489 -0.0023870932066970 0.9999292005585328 0.2425911901761616
0.9985488038674386 0.0521765600900721 -0.0133376486711351 14.3665355772494028 -0.0521528553342588 0.9986368652754345 0.0021191963895734 -0.1154257548147792 0.0134300400368507 -0.0014205245583238 0.9999088039089303 0.2526511379017995
0.9986251331149998 0.0503772632346132 -0.0144905093091792 14.4851649801471449 -0.0503577266908778 0.9987297805762164 0.0017101908400946 -0.1178178436409771 0.0145582579169271 -0.0009781304479382 0.9998935445272417 0.2547537703605352
0.9987536010183536 0.0474311496671725 -0.0155412513692258 14.6074302685891748 -0.0474106774905240 0.9988740632425733 0.0016832828523922 -0.1279772990024983 0.0156035929439567 -0.0009443635538936 0.9998778105672299 0.2544052244556998
0.9989214747104777 0.0433137946562867 -0.0167272996839800 14.7333937843744032 -0.0432818141115446 0.9990603257984210 0.0022693573466105 -0.1304421241359342 0.0168098759501177 -0.0015429219118111 0.9998575135800679 0.2560140923097954
0.9991252396855131 0.0377951041720126 -0.0178965226787939 14.8561928225409332 -0.0377569697476498 0.9992839134249208 0.0024640628340757 -0.1261196514098842 0.0179768367306633 -0.0017861889043247 0.9998368081193836 0.2547961937219327
0.9993368114149904 0.0312435549082818 -0.0187023428375456 14.9778530172578499 -0.0312067405586075 0.9995104025109007 0.0022571256511131 -0.1389477715730996 0.0187637068466675 -0.0016719895903770 0.9998225481335086 0.2601112982937108
0.9995224428574813 0.0239547150186020 -0.0195207031786963 15.1087493762121561 -0.0239130033800890 0.9997112400322332 0.0023674506454293 -0.1241357202814370 0.0195717779866075 -0.0018995214113701 0.9998066499703083 0.2609756009639752
0.9996585957868271 0.0159196062695663 -0.0207185425580796 15.2358931297724851 -0.0158800919829033 0.9998717599767979 0.0020703331894096 -0.1174286957212451 0.0207488445009234 -0.0017406140073621 0.9997832043572016 0.2585950730168853
0.9997381422310209 0.0059531032355422 -0.0220954187634944 15.3867741783273910 -0.0059289993688203 0.9999817548609131 0.0011562490100712 -0.1123857848174570 0.0221018988992288 -0.0010249425133824 0.9997551978148913 0.2634374425701810
0.9996898956499360 -0.0070552633462505 -0.0238817041798734 15.5258871623452794 0.0070457334036511 0.9999750617830940 -0.0004831694339201 -0.1205108636564736 0.0238845175003516 0.0003147554801006 0.9997146746711100 0.2676156282254972
0.9994050319146269 -0.0229522769206454 -0.0257444201310020 15.6800782663312610 0.0229300259464881 0.9997364003194781 -0.0011592179888603 -0.1122251001985708 0.0257642406023720 0.0005682080695718 0.9996678853728236 0.2774371478659635
0.9987398237628174 -0.0423041571174654 -0.0270022725117212 15.8660715047560181 0.0422937731021657 0.9991047608568256 -0.0009558190245686 -0.0745045745952460 0.0270185341386053 -0.0001874134627068 0.9996349152011423 0.2765298620247602
0.9975996312767936 -0.0637637420521866 -0.0270029790191318 16.0606762947800448 0.0637800195306329 0.9979639482793540 -0.0002589273159611 -0.0477795794441191 0.0269645097318225 -0.0014639447342952 0.9996353195444514 0.2810432875966984
0.9958194846343664 -0.0875502989064200 -0.0260480168907626 16.2532399057416370 0.0875820552167699 0.9961573055631929 0.0000785944403947 -0.0055994065079219 0.0259410413544177 -0.0023596047287431 0.9996606897537647 0.2878405146345739
0.9931522655058486 -0.1141529196473066 -0.0248533389426046 16.4994348477321005 0.1142151665652904 0.9934554327214652 0.0010949532726898 0.0251574682454722 0.0245656924808436 -0.0039260835704281 0.9996905084178476 0.2988331321038516
0.9893068464163758 -0.1439698058466429 -0.0233379227474374 16.7019493318350065 0.1440530338835637 0.9895681133964364 0.0019163449476659 0.0681762619977140 0.0228185683737227 -0.0052577517531299 0.9997257968982676 0.3011995835853846
0.9839652879476832 -0.1771769486583380 -0.0205095338355943 16.9859864839366814 0.1772545012247152 0.9841629898466878 0.0020127621830750 0.1337992674147947 0.0198281090780282 -0.0056158953114193 0.9997876313548998 0.3108309810367939
0.9767725621348592 -0.2135946082393466 -0.0171086291555654 17.2474784862788937 0.2136693192468142 0.9769024687293879 0.0026435966088496 0.2188785971578315 0.0161488040766374 -0.0062377817777929 0.9998501418739646 0.3147687427191355
0.9672926763081998 -0.2533647871233048 -0.0122948365781160 17.4812912363568778 0.2534267383211865 0.9673473221538098 0.0037478828341132 0.3092551170374214 0.0109437957037310 -0.0067411399492829 0.9999173917718299 0.3358120872241164
0.9555430079901839 -0.2946913465378586 -0.0097247188532731 17.7938005013128162 0.2947683643172200 0.9555374120943350 0.0077372789669135 0.4181011113169638 0.0070122235291027 -0.0102598422875279 0.9999227791971803 0.3221438344726169
0.9416500106972143 -0.3365213346442795 -0.0069748607992548 18.0791482096949956 0.3365821356015327 0.9415868189247419 0.0112573718556651 0.5555549927544368 0.0027790911909578 -0.0129481178716462 0.9999123076028889 0.3307889469447997
0.9251874548129926 -0.3794963459576789 -0.0032706056666015 18.3375867736193179 0.3795046287304896 0.9250912449768426 0.0135064887860875 0.6947118116285963 -0.0021000544730939 -0.0137372439726880 0.9999034342871540 0.3320573944614836
0.9060671332771757 -0.4231266045883163 0.0024952924564516 18.6598918534708105 0.4230354002553416 0.9059676054001800 0.0162403231577051 0.8620195668918339 -0.0091323669266814 -0.0136592260039276 0.9998650035976308 0.3438290897149247
0.8844098107876531 -0.4666640437343236 0.0066299975925316 18.9665708055293329 0.4664605754446016 0.8843112348760782 0.0202032529023581 1.0426847262105561 -0.0152911130542787 -0.0147753225844610 0.9997739102937656 0.3451296385078339
0.8599348029409937 -0.5103429793467407 0.0078853105409099 19.2096494923403469 0.5100353192317630 0.8597982810766556 0.0247161686711731 1.2528352252425732 -0.0193934996065130 -0.0172325067567270 0.9996634097954629 0.3415994159672437
0.8323218041276264 -0.5542294391553637 0.0083751505815835 19.5277111934388330 0.5538413079578859 0.8321587062071848 0.0277793679388604 1.4951778030351597 -0.0223655979851060 -0.0184828692879490 0.9995789931614476 0.3446644538700647
0.8020272887572728 -0.5972577331255444 0.0059521685455044 19.7899855216045388 0.5968284398735557 0.8017618068128544 0.0312060650240402 1.7241933878403963 -0.0234102850635248 -0.0214756922571363 0.9994952492109811 0.3292288947079652
0.7687296941492789 -0.6395485515954148 0.0056839673963858 20.1067493716011256 0.6390481226191417 0.7684277677133824 0.0337084972073592 2.0379672458516289 -0.0259259389435850 -0.0222803940547563 0.9994155440709627 0.3367785258887122
0.7321918317913934 -0.6810787376851080 0.0051840651253470 20.3752412722638745 0.6804766359775329 0.7318273317319728 0.0371524483548709 2.3269678084570584 -0.0290975831756541 -0.0236750840193035 0.9992961628316276 0.3152588604890578
0.6935048634377445 -0.7204254065490340 0.0061836871568995 20.6150822602986672 0.7197551829939087 0.6931860336341054 0.0380210379661305 2.6179376327441854 -0.0316777673076912 -0.0219170338612714 0.9992578059165330 0.3069422106799775
0.6534057741993945 -0.7569805966085535 0.0064242198785628 20.9198902659837707 0.7563031527126171 0.6531400968572163 0.0375972748254691 2.9886615056874914 -0.0326563231219560 -0.0197076187172469 0.9992723224049839 0.3023308603267018
0.6109272385736282 -0.7916361444860552 0.0089511961242487 21.1814988358612091 0.7909472903347124 0.6108061642707538 0.0363072114190157 3.3713873966841437 -0.0342095466350773 -0.0151011400927991 0.9993005866539457 0.2876487755748785
0.5662335182623033 -0.8241524840035627 0.0123404176206289 21.4227931817069859 0.8234241989706977 0.5662742772933611 0.0361390567855111 3.7323981961848944 -0.0367721544889446 -0.0103017467761109 0.9992705753036072 0.2964999321965144
0.5203531836649159 -0.8538664987653294 0.0120235824954043 21.6766925076291876 0.8531115344128134 0.5204142486671464 0.0370097235334790 4.1966849928020080 -0.0378586067044378 -0.0090006705554107 0.9992425700639218 0.2681717878508810
0.4707223943691122 -0.8822199211300971 0.0104133664400830 21.8761118490681170 0.8815074038591632 0.4707709668976304 0.0363234589177362 4.6195756627774731 -0.0369475896492348 -0.0079188059374932 0.9992858290457420 0.2446324951002831
0.4193363549818833 -0.9077509797055132 0.0120490760720090 22.0662597727635763 0.9070803256509921 0.4194923427497603 0.0350921243473239 5.1340354256167444 -0.0369094054056480 -0.0037859236651863 0.9993114442327792 0.2332042782301123
0.3657199280120190 -0.9306126359370840 0.0144587720472988 22.2518253451365489 0.9299977233538467 0.3660040666615395 0.0338416569316162 5.6194278853249306 -0.0367854429298534 0.0010700567496420 0.9993226136573750 0.2253715950184043
0.3116895394384605 -0.9500779338813259 0.0141968502292411 22.4212936390704769 0.9495356260091468 0.3119939506102231 0.0322780067854811 6.1143573079777038 -0.0350959533857999 0.0034196980008225 0.9993780964787676 0.2242647421972087
0.2586492763664829 -0.9658774665733521 0.0134637068052589 22.5330179545777121 0.9651906593003698 0.2589753829759799 0.0365888263239229 6.7019204951664282 -0.0388270915008112 0.0035313705962131 0.9992397041687744 0.1639101483394616
0.2071864073183900 -0.9781856938651169 0.0150512770261548 22.6386223294868572 0.9773156993618933 0.2076436341515890 0.0416910659145872 7.2819802786049523 -0.0439069060999699 0.0060720271689886 0.9990171740679874 0.1340881995646674
0.1583060420293969 -0.9872194874663999 0.0183543080383287 22.7323792268694582 0.9863396237629000 0.1589675263057733 0.0431679531074234 7.8593226859730780 -0.0455339834875914 0.0112698334860067 0.9988992177396824 0.1456049087831624
0.1138868596736837 -0.9933191770960306 0.0186224490046586 22.7863674428501604 0.9924438669607980 0.1146080227076479 0.0438197679471372 8.4975155790298817 -0.0456612978961873 0.0134912395393347 0.9988658730430867 0.1208840172976756
0.0731743971639924 -0.9971789512886768 0.0167226405361345 22.8341223830561297 0.9963530189868557 0.0738311095947779 0.0427741605619792 9.1307665793002961 -0.0438881436775854 0.0135316799702909 0.9989448055231667 0.1096620269857201
0.0379583101952861 -0.9992108468848448 0.0116982970893153 22.8215466027785467 0.9985446973281427 0.0383766138033244 0.0378909349427893 9.7853502371544661 -0.0383099742229962 0.0102429966641572 0.9992134040806155 0.0749159618293699
0.0091346430537539 -0.9999256644130785 0.0080761342451026 22.8209051953422133 0.9992720014871226 0.0094272480993740 0.0369674726914571 10.4540423771076902 -0.0370408604138900 0.0077325701637465 0.9992838345627639 0.0297248675736343
-0.0123422547041236 -0.9999066492243446 0.0058618756181274 22.7971760444715876 0.9990870256316108 -0.0120919285664165 0.0409743880750667 11.1823522713585231 -0.0408996817029183 0.0063622402099055 0.9991430017450512 0.0034173283611251
-0.0253651584590782 -0.9996590999186225 0.0061881084537564 22.7683585509315840 0.9985757196520756 -0.0250460559787471 0.0471086743737173 11.9109072947615822 -0.0469376273120544 0.0073742138427813 0.9988706022866604 -0.0289516158120025
-0.0334777082176201 -0.9994192961637077 0.0063492919396296 22.7455093807147435 0.9981897270810060 -0.0331175726941593 0.0502045329506590 12.6533019090062115 -0.0499651058484081 0.0080185306937005 0.9987187749126736 -0.0362453781006461
-0.0373695111628640 -0.9992800403380973 0.0065513828570386 22.7044215279184272 0.9981883906870448 -0.0370177300479650 0.0474302051408565 13.4146594601030582 -0.0471535399843566 0.0083119578913102 0.9988530697870217 -0.0736994731708470
-0.0372071723378802 -0.9992189173495345 0.0133109555420942 22.6801485876834015 0.9984115691752775 -0.0366065731882388 0.0428286975797087 14.2051932203842028 -0.0423079763588300 0.0148833467418598 0.9989937542978846 -0.1440326704076493
-0.0336920358215971 -0.9991075264809041 0.0254754244597728 22.6890154229571834 0.9986100643114296 -0.0326196548717992 0.0413992460313819 15.0073788385500055 -0.0405312987469980 0.0268348401384112 0.9988178538535580 -0.1164457866008425
-0.0279424219705260 -0.9992392316623051 0.0272062301936060 22.6502804380240335 0.9987729510697461 -0.0267954216697273 0.0416485004408601 15.8373133115824114 -0.0408878131703309 0.0283366067917088 0.9987618452111996 -0.1607718115551834
-0.0225272913075980 -0.9994159967540034 0.0256940961807429 22.6312348847210778 0.9989554578117122 -0.0214800326118081 0.0403311481015450 16.6884198423446328 -0.0397556845562457 0.0265758091353455 0.9988559515336863 -0.2401606049933120
-0.0194077800038155 -0.9993738664142811 0.0295840024928182 22.6195537013999868 0.9992208295716396 -0.0183707299009872 0.0349320774227665 17.5632964112157275 -0.0343667255566875 0.0302389055866206 0.9989517189351219 -0.2149657981513792
-0.0169564932494746 -0.9994820301638262 0.0273523073300414 22.6106661188847475 0.9995843764897171 -0.0163076582686430 0.0237725589589513 18.4354296920989071 -0.0233141934096847 0.0277440383035647 0.9993431426313317 -0.2283752403795481
-0.0155716671002277 -0.9996737405909647 0.0202468653521747 22.5784647594466357 0.9997674238561381 -0.0152645741910877 0.0152345321827216 19.3285992532848674 -0.0149205019949495 0.0204793834778828 0.9996789351949877 -0.2806237071127543
-0.0166820512685704 -0.9997585275080982 0.0143037002314785 22.5493084415630669 0.9997906416078901 -0.0165096513380161 0.0120873638970817 20.2567567408491449 -0.0118482960275357 0.0145023476560298 0.9998246345203280 -0.2733684552184159
-0.0204315738764440 -0.9997784465972075 0.0050604850169473 22.5115184410071230 0.9996344407083320 -0.0203384644641307 0.0178138096145167 21.1948756815135368 -0.0177069404096915 0.0054225992767889 0.9998285151356762 -0.2912876152729561
-0.0243192038261522 -0.9997041902498477 -0.0003291233185116 22.4573568868079612 0.9993655696084000 -0.0243195325899790 0.0260195813933172 22.1736274556894806 -0.0260198886727168 0.0003038609906995 0.9996613791989555 -0.3448040174186613
-0.0291168009220686 -0.9995734529049566 -0.0022636589245848 22.4337568346176823 0.9989569914359803 -0.0291783819163220 0.0351219488343096 23.1526151149732016 -0.0351730175736919 -0.0012386591167367 0.9993804703706959 -0.3341965393493666
-0.0312814752008663 -0.9995025608319825 -0.0040125053977885 22.4004067031987226 0.9984858679498640 -0.0314308904113993 0.0451449956512787 24.1744143056883232 -0.0452486553796348 -0.0025942278728557 0.9989723865893785 -0.3975787312652369
-0.0319651201684692 -0.9994868009509472 -0.0020894538658074 22.3605035216534880 0.9980784899735324 -0.0320309638035579 0.0530409767064005 25.1913119668564249 -0.0530806833487388 -0.0003899777649814 0.9985901506486902 -0.4190335873387881
-0.0338941550272032 -0.9994250400554777 -0.0008806617396701 22.3332321300080601 0.9979241019503357 -0.0338915070799233 0.0547617795042172 26.2074894796978022 -0.0547601406280965 0.0009772706683991 0.9984990595591123 -0.4382146822709175
-0.0351660690388000 -0.9993791874088002 -0.0021418128968307 22.2772640305856662 0.9980540406096498 -0.0352297024812376 0.0514490047118061 27.2201856740617174 -0.0514925199530021 -0.0003283857642388 0.9986733262442126 -0.5067101994353057
-0.0379217466411628 -0.9992696929502785 -0.0046927478879525 22.2392832924031438 0.9981831798400380 -0.0380997179677840 0.0466770926173179 28.2572208578583570 -0.0468217963785439 -0.0029141451288041 0.9988990074787613 -0.5446638446715594
-0.0423741672671867 -0.9990891335911193 -0.0050331986409718 22.1840147248921014 0.9982556509033870 -0.0425450326929617 0.0409337957268846 29.2802059830167138 -0.0411106481080993 -0.0032898834784575 0.9991491836952229 -0.5607623870156356
-0.0480497725582738 -0.9988350047125075 -0.0044556389063129 22.1354068195156799 0.9981639304793378 -0.0481812298201501 0.0367060891822848 30.3187183576658938 -0.0368780049235058 -0.0026837388068094 0.9993161713386203 -0.5942379561801664
-0.0548719387325523 -0.9984724604213777 -0.0064665384721603 22.0773701550669053 0.9979025900314118 -0.0550610765453978 0.0340396630162862 31.3411022847867926 -0.0343437206535852 -0.0045851531864001 0.9993995623482761 -0.6233018237714508
-0.0613139930384146 -0.9980994197565854 -0.0061759646414733 21.9907988792068458 0.9974364347694086 -0.0614996341048775 0.0365835154059517 32.4156229488985232 -0.0368938050650317 -0.0039170507443318 0.9993115149247955 -0.6500081632683596
-0.0677089493464760 -0.9976718591951376 -0.0081461370302043 21.9278796603102322 0.9968297813452699 -0.0679892342010877 0.0413261546226097 33.4705643343613204 -0.0417837911341054 -0.0053221614846003 0.9991125008704441 -0.6720891646042778
-0.0736346600636297 -0.9972246496264198 -0.0109970457295704 21.8340402743264903 0.9962540209457181 -0.0740553865859608 0.0446511530320655 34.5351169033909287 -0.0453416209106240 -0.0076679785516432 0.9989421101936432 -0.7236926179805568
-0.0778986173753935 -0.9968554958158936 -0.0145232872536245 21.7444291282514754 0.9958403533640036 -0.0784933810225905 0.0462685611133446 35.5938057496485314 -0.0472630513494303 -0.0108586185719779 0.9988234550609278 -0.7551381639482975
-0.0806409118620874 -0.9965588100844783 -0.0191724118738433 21.6541252212539952 0.9955080943493854 -0.0814833606976701 0.0482088789982620 36.6541041467516635 -0.0496052156421752 -0.0151986832463424 0.9986532544425371 -0.7907129883357186
-0.0815566469866400 -0.9963978313748298 -0.0232352095715331 21.5420157654698023 0.9953739800541437 -0.0826164734919195 0.0490424116345469 37.7256790346748048 -0.0507853636737000 -0.0191279883755568 0.9985263976967432 -0.8467897875532241
-0.0835623141998343 -0.9962041820022562 -0.0243837529265755 21.4500879937813984 0.9952113340053517 -0.0846743025516234 0.0488330129593182 38.8141038313220221 -0.0507123290024920 -0.0201863877058830 0.9985092735866457 -0.8800358000978467
-0.0850452722302328 -0.9960665991401481 -0.0248723088728393 21.3482222263119716 0.9951099098928271 -0.0861692115932722 0.0482818206624844 39.9002944667548007 -0.0502351361536523 -0.0206445404592655 0.9985240277754210 -0.9154984377709195
-0.0856646171866153 -0.9959864882835588 -0.0259323835937906 21.2466229808267535 0.9950777949530990 -0.0868299089242821 0.0477571869720102 40.9693644367659573 -0.0498172194481921 -0.0217136379445203 0.9985222894726311 -0.9556227725317197
-0.0869415989652103 -0.9958300173453918 -0.0276357544360564 21.1447140112373049 0.9949901183496461 -0.0881757462405686 0.0471137152162404 42.0537234294334468 -0.0493540551113148 -0.0234011608429221 0.9985071671827264 -0.9992710324317672
-0.0875827420661277 -0.9956471147663026 -0.0318761062508423 21.0320234067965544 0.9950272838040699 -0.0889622880500673 0.0447930328331470 43.1475460569826410 -0.0474338252481571 -0.0277944987800405 0.9984876053611751 -1.0337303086773155
-0.0873579651672480 -0.9954726509272915 -0.0374538005765605 20.9243803114637927 0.9952515921936598 -0.0888353055430287 0.0397813615285088 44.2325757939894899 -0.0429284772362481 -0.0338007358628125 0.9985062123478798 -1.0699583833322768
-0.0868914736188113 -0.9954420259291783 -0.0393070582257854 20.8135889163659407 0.9953446100028316 -0.0883993271978116 0.0384013839501375 45.3202140373201985 -0.0417010689390938 -0.0357873156996737 0.9984890028860353 -1.1127227268268667
-0.0846516165593902 -0.9956222879190278 -0.0396278136258230 20.7023801409130748 0.9953584035656459 -0.0863225530638407 0.0425448620139946 46.4391778016008132 -0.0457793869020917 -0.0358423859616153 0.9983083547198467 -1.1551521667138167
-0.0830744532133529 -0.9957468855943786 -0.0398343451357972 20.6134860803715938 0.9953116877225751 -0.0848921962738856 0.0463460817614091 47.5397825285259401 -0.0495305916191354 -0.0357974138855234 0.9981308860329726 -1.2044246392143168
-0.0814922259784112 -0.9959680409817164 -0.0375057122066203 20.5141896590292099 0.9954642037767678 -0.0831892038234974 0.0461581560105975 48.6543519341205624 -0.0490921185545052 -0.0335740630584815 0.9982298062999199 -1.2327226805556004
-0.0794670163556448 -0.9961354661931394 -0.0374048967878378 20.4295661919289167 0.9956771265339186 -0.0811286128657001 0.0452239745228874 49.7598258316441715 -0.0480838123352451 -0.0336493858289346 0.9982763474232195 -1.2581910934044267
-0.0749031354812393 -0.9963530385066818 -0.0408673825144504 20.3297090033065579 0.9959966523921423 -0.0767556371337907 0.0458174703779292 50.8744425822233950 -0.0487871778106266 -0.0372719039852961 0.9981135288405749 -1.3088556701085010
-0.0687447502222853 -0.9965722367600267 -0.0460210412310826 20.2195127550496139 0.9964026330060278 -0.0708783074193384 0.0464549079863977 52.0085052289086249 -0.0495575650686203 -0.0426619556102055 0.9978597122281180 -1.3598872678500586
-0.0632963531919972 -0.9967860301710272 -0.0491037852764755 20.1402983673607636 0.9967636021116213 -0.0655849228858982 0.0464859053425482 53.1339217595283912 -0.0495569690160681 -0.0460024776064836 0.9977113204108718 -1.3998911071045026
-0.0573204075537823 -0.9970794565024328 -0.0504671011519459 20.0663633814577480 0.9971737573529138 -0.0596385180827104 0.0456918461825491 54.2577944744002849 -0.0485681842829211 -0.0477053936333270 0.9976799721823374 -1.4416614819913012
-0.0517128319602633 -0.9974300903238935 -0.0495882841719615 20.0043021027428303 0.9975157620987518 -0.0539681241168319 0.0452741200229978 55.3788759776598241 -0.0478339562988066 -0.0471238421160656 0.9977430812233298 -1.4764550499795215
-0.0463391604018584 -0.9978014478072648 -0.0473809346359686 19.9457415041775654 0.9978010160797417 -0.0484851029287869 0.0451921132966876 56.5035714495235055 -0.0473900255695919 -0.0451825801356231 0.9978540574296431 -1.5155423969464086
-0.0405681734113721 -0.9980916033237511 -0.0465550714819407 19.8939893975428994 0.9980355655448098 -0.0427040935748919 0.0458407057057238 57.6519915172895949 -0.0477413155842686 -0.0446039433970883 0.9978633448622675 -1.5549651935227553
-0.0354479593236647 -0.9984005646238373 -0.0440426468163598 19.8408598094093804 0.9981639333071953 -0.0375365680200241 0.0475370203734638 58.7892883819462000 -0.0491141977894053 -0.0422766912149106 0.9978980293373779 -1.5878827404819684
-0.0298081323233002 -0.9985072099531200 -0.0457692792059583 19.7962314992586847 0.9983219453822656 -0.0320144172315644 0.0482531911638224 59.9349374928565908 -0.0496464360812103 -0.0442541383484036 0.9977859503037085 -1.6445641026218274
-0.0241090015011018 -0.9987046069367956 -0.0448091969336697 19.7648736450125817 0.9984853790092337 -0.0262725696116799 0.0483394248081872 61.0990239557620214 -0.0494540589982947 -0.0435759127181516 0.9978253533957600 -1.6841654528004890
-0.0196682823064211 -0.9988028472046064 -0.0447887383957936 19.7390332813470053 0.9987817899620177 -0.0216561362291645 0.0443390099561566 62.2341068513600391 -0.0452558804066743 -0.0438621041400863 0.9980120345511977 -1.7140344779891745
-0.0153464012987534 -0.9989004725930248 -0.0442982372178538 19.7095770548561831 0.9990989852672336 -0.0170725730374170 0.0388554357569968 63.3940339819271941 -0.0395689980308027 -0.0436620327437202 0.9982624511076857 -1.7355748335650154
-0.0118603978760110 -0.9989402057675851 -0.0444724213781684 19.6894208260607613 0.9991880209371800 -0.0135525220814745 0.0379424295594385 64.5301729236780091 -0.0385049318641719 -0.0439862983921790 0.9982898255396023 -1.7809926256610586
-0.0089087141214246 -0.9990309901679830 -0.0431012238420529 19.6799729821070741 0.9991337998951590 -0.0106452088007365 0.0402284655020488 65.7151905969303556 -0.0406483052508163 -0.0427055056587408 0.9982604645415282 -1.8270850342855822
-0.0060554161144626 -0.9990712989586858 -0.0426599523286741 19.6590280486337754 0.9991476664543981 -0.0077868233236367 0.0405377108536867 66.8943764734420796 -0.0408322489511826 -0.0423781191127037 0.9982669094315699 -1.8502677306413822
-0.0053297103563004 -0.9989881974496767 -0.0446561926698161 19.6526780441910027 0.9991824931641854 -0.0071097271352489 0.0397969488059713 68.0374762526145673 -0.0400741754964559 -0.0444075797168467 0.9982094105557066 -1.8862717646920146
-0.0039568809479158 -0.9989470275947389 -0.0457075393430923 19.6256707059489663 0.9991516444838014 -0.0058230904011283 0.0407686514799745 69.2222203736020276 -0.0409918823485743 -0.0455074463996454 0.9981226066489548 -1.9231705514286199
-0.0034247254374946 -0.9989389039121976 -0.0459275244964829 19.6143584856639279 0.9991569639844959 -0.0052971670406992 0.0407099661339559 70.3821132741922639 -0.0409100547171803 -0.0457493854826509 0.9981149037816223 -1.9528808934196460
-0.0019163879863382 -0.9989133205120264 -0.0465672155139581 19.5978947922480415 0.9992290936005401 -0.0037388163485794 0.0390799149762972 71.5448284342699594 -0.0392115539009721 -0.0464564242699456 0.9981504168634715 -1.9889315555645974
-0.0007435475173574 -0.9989671706896404 -0.0454316962199793 19.5946350697881151 0.9992838670224036 -0.0024609849090651 0.0377583985628166 72.7341182794841359 -0.0378312073008592 -0.0453710859205773 0.9982536072143927 -2.0177438063426427
-0.0010927742849356 -0.9991132440604426 -0.0420895638772953 19.6084040952150254 0.9992947336434196 -0.0026708505550839 0.0374553316610586 73.9174111370132607 -0.0375345328582849 -0.0420189493006565 0.9984115217397981 -2.0403199397386942
-0.0011506280076390 -0.9992175007308221 -0.0395355825610010 19.5943643388322783 0.9992810398050985 -0.0026471307475622 0.0378205788539325 75.0937246779905792 -0.0378956401348394 -0.0394636406335630 0.9985021489845256 -2.0722353064501098
-0.0007705478360311 -0.9992415998546295 -0.0389311106442311 19.5974924940299289 0.9991737453050032 -0.0023513085824736 0.0405745984714926 76.2868559625107281 -0.0406353657446965 -0.0388676789622298 0.9984177835870532 -2.0997897501602214
-0.0007239433314732 -0.9991716596240494 -0.0406874736273457 19.5744718374806581 0.9990136835948091 -0.0025290526833155 0.0443312968776695 77.4595060591847613 -0.0443974762389021 -0.0406152495578711 0.9981879911153850 -2.1502295596039573
0.0002472444275305 -0.9990760588616366 -0.0429763595444315 19.5700114483838625 0.9989993067934774 -0.0016753481514922 0.0446942751895890 78.6437757640137534 -0.0447249806746126 -0.0429444038038774 0.9980758760162400 -2.1758741243779185
0.0004461985990784 -0.9990268779220286 -0.0441032662755744 19.5530880160507365 0.9990901652672046 -0.0014354493244615 0.0426237158350425 79.8171708618286431 -0.0426455457599000 -0.0440821582343803 0.9981172880740216 -2.2101167450621051
0.0006555801687269 -0.9990099643343284 -0.0444821467036617 19.5472201637717582 0.9991803774398285 -0.0011459759569101 0.0404630705496758 80.9880841288931919 -0.0404739861373232 -0.0444722149193167 0.9981904019506128 -2.2431142838326137
0.0007381339909301 -0.9990966118126202 -0.0424901803097420 19.5404890162023790 0.9992124398351044 -0.0009488315197190 0.0396686248504449 82.1700447713671878 -0.0396731047057018 -0.0424859974967064 0.9983090627554777 -2.2699035258464830
0.0005132604582934 -0.9991644432437120 -0.0408674922301976 19.5466529977367571 0.9991602063621835 -0.0011619792808002 0.0409576833625887 83.3391373786648444 -0.0409709480727629 -0.0408541939295625 0.9983247549031250 -2.2936915347735845
0.0006162631952469 -0.9991769839007330 -0.0405582921571978 19.5388547882013164 0.9990524263525908 -0.0011498685030857 0.0435077832281383 84.5179093102592418 -0.0435186123247886 -0.0405466724338760 0.9982294815000531 -2.3266659366999316
0.0016568357463049 -0.9991807066583570 -0.0404372394831341 19.5426714928165595 0.9989285547201793 -0.0002164899299197 0.0462784582366800 85.6977168454435088 -0.0462492968591271 -0.0404705889976513 0.9981097805182652 -2.3625931293781197
0.0015920755013582 -0.9991271932073723 -0.0417410719694209 19.5283304202503487 0.9989178548590677 -0.0003512485123067 0.0465080193971052 86.8650603278012312 -0.0464820883712951 -0.0417699463495107 0.9980454333559180 -2.4015632713862138
0.0021176110833888 -0.9991442690954072 -0.0413067216939811 19.5102897465120293 0.9990021274332296 0.0002708974258133 0.0446617957371405 88.0341542490106264 -0.0446123873736980 -0.0413600791632364 0.9981478240944224 -2.4317373681294354
0.0020877224667107 -0.9991945944616631 -0.0400724819981850 19.5118917459375290 0.9990698782204608 0.0003581828432657 0.0431190229203414 89.1857027407036611 -0.0430699413449348 -0.0401252302628117 0.9982659695937252 -2.4645571595840003
0.0019334410482205 -0.9992483190040904 -0.0387176803697408 19.5104309936377867 0.9990380916624337 0.0002339805981367 0.0438501614656423 90.3449473099878588 -0.0438081409465896 -0.0387652192123307 0.9982875861024335 -2.4919489621764019
0.0023435267152032 -0.9993418249590051 -0.0361997896422062 19.5207017866473507 0.9989016586454127 0.0006453642742246 0.0468514659364742 91.5314062116356268 -0.0467972674199913 -0.0362698275782834 0.9982457189337020 -2.5319805426605404
0.0025695521840606 -0.9994223136646522 -0.0338885873232722 19.5089887035254925 0.9987950209529354 0.0009041261017706 0.0490682043243626 92.6736543317008881 -0.0490092187368733 -0.0339738355972026 0.9982203539167169 -2.5726571426838611
0.0025622406073121 -0.9993966495217529 -0.0346377229009858 19.5140173993953070 0.9987145186634968 0.0008039232823377 0.0506819881032372 93.8378915659648669 -0.0506235630295893 -0.0347230562026350 0.9981140036259074 -2.6079529042707512
0.0033610694356305 -0.9993119590568917 -0.0369365902341530 19.5073355193039575 0.9986133099689449 0.0014135692199007 0.0526256494014879 95.0243539243283379 -0.0525372283729989 -0.0370622490944276 0.9979309742296538 -2.6582245253144876
0.0032705933428510 -0.9992395929652721 -0.0388527871559082 19.4976951173506130 0.9986639711298489 0.0012600734755819 0.0516593165072435 96.1561043961017248 -0.0515710770330146 -0.0389698353272469 0.9979087012087940 -2.7108195231204624
0.0043134289636394 -0.9991131893430488 -0.0418835195672162 19.4973979751766464 0.9988087866639576 0.0022687828177750 0.0487427974925467 97.3306623472169576 -0.0486045472507386 -0.0420438759546205 0.9979328186212052 -2.7373688817185529
0.0044206633327063 -0.9990333806239948 -0.0437351361572324 19.4861407828905087 0.9989100576411905 0.0023793955434814 0.0466158258547666 98.4574286828162428 -0.0464667029062008 -0.0438935402518463 0.9979550103312205 -2.7738061802739331
0.0046731279258385 -0.9990240723577398 -0.0439211193521586 19.4863123275325592 0.9989590874084392 0.0026708389961386 0.0455368894760640 99.6185594467708881 -0.0453751425285619 -0.0440882010158559 0.9979966567938483 -2.8081530715645959
0.0048859596508999 -0.9991064642326229 -0.0419809543349877 19.4846694361757677 0.9989656061754383 0.0029787025203970 0.0453744973507582 100.7737333327093410 -0.0452089048399623 -0.0421592274583101 0.9980875484962678 -2.8467307554241756
0.0041262217670935 -0.9991028746470003 -0.0421475997659289 19.4896193894506808 0.9988563534755313 0.0021101995344297 0.0477653868349189 101.9427991077743627 -0.0476335954499901 -0.0422964883888138 0.9979689612680755 -2.8822527745545377
0.0048093501614909 -0.9991987504207135 -0.0397332015914880 19.4944906522745427 0.9987541450410841 0.0028260593553888 0.0498213925113896 103.1088477892033097 -0.0496691847555232 -0.0399233083073719 0.9979674852115755 -2.9190458524180922
0.0042027220328539 -0.9990362472708348 -0.0436911177074003 19.4817263295662748 0.9987980559230661 0.0020600400044503 0.0489714173726258 104.2653799273176389 -0.0488342155851654 -0.0438444166820293 0.9978441193463006 -2.9681688805273643
0.0041966464830006 -0.9988321432164176 -0.0481325029059852 19.4690457354159427 0.9987654636578323 0.0018041957170276 0.0496416506793455 105.4152937591639301 -0.0494968358852585 -0.0482814100406421 0.9976066202075020 -3.0187776279963607
0.0041655397726713 -0.9986918177082097 -0.0509637275037374 19.4677058216638201 0.9987942954094809 0.0016622510430204 0.0490631468512692 106.5935445672609774 -0.0489142488021795 -0.0511066547931176 0.9974946145719161 -3.0775586306677769
