1.0000000000000000 0.0000000000000000 0.0000000000000000 0.0000000000000000 0.0000000000000000 1.0000000000000000 0.0000000000000000 0.0000000000000000 0.0000000000000000 0.0000000000000000 1.0000000000000000 0.0000000000000000
0.9999973865783517 -0.0013666961795110 0.0018327514887449 1.5612625473260051 0.0013699265585554 0.9999975084640759 -0.0017624888268432 -0.0200798849453622 -0.0018303381356327 0.0017649949556564 0.9999967673223328 0.0155886341559029
0.9999930998946863 -0.0022896485752985 0.0029253499649632 3.0632576095193333 0.0022963363502564 0.9999947531693315 -0.0022848354807671 -0.0207749327134112 -0.0029201031458439 0.0022915373026234 0.9999931109034743 0.0340532033340509
0.9999880297957138 -0.0039711994626824 0.0028582932169919 4.5825508021223866 0.0039748295435791 0.9999912996342327 -0.0012654587854747 0.0070236949528271 -0.0028532429595466 0.0012768048659977 0.9999951143750393 0.0373507881094807
0.9999835302325660 -0.0049689285941653 0.0028721093712999 6.0944359289312766 0.0049718006723316 0.9999871467808781 -0.0009937158111078 0.0123779389423891 -0.0028671347525405 0.0010079790001428 0.9999953817476589 0.0446025560545156
0.9999749801956886 -0.0063653040009599 0.0030857555974883 7.6024938271298339 0.0063678352183491 0.9999793961337952 -0.0008111612184259 0.0199852489421326 -0.0030805287312437 0.0008307905064999 0.9999949100519814 0.0602344837070164
0.9999635657805567 -0.0079164857210487 0.0031931747936338 9.1183746965600001 0.0079203961397322 0.9999678964474872 -0.0012138366353263 0.0352546052841670 -0.0031834629609879 0.0012390836194449 0.9999941651006570 0.0652495237523346
0.9999530337579097 -0.0092337309223171 0.0029442302231691 10.6310179522237025 0.0092398742573296 0.9999551484946152 -0.0020798372101565 0.0541886234032635 -0.0029248935128506 0.0021069438450653 0.9999935028716798 0.0888394583302437
0.9999368366681453 -0.0108990847319042 0.0027445630088949 12.1341966752216717 0.0109070699000035 0.9999362775060686 -0.0029114864765066 0.0777492661638470 -0.0027126555806920 0.0029412377179031 0.9999919952781559 0.0957903383592750
0.9999258541269864 -0.0118512845806440 0.0027988037096520 13.6207100330723421 0.0118601393906804 0.9999246454817836 -0.0031686671903312 0.1005609203926742 -0.0027610400305329 0.0032016264488597 0.9999910630830816 0.1132836415519037
0.9999155435943243 -0.0126846447125070 0.0028293933951100 15.1030073680273613 0.0126922995601834 0.9999157930714369 -0.0027041261424226 0.1407084080382993 -0.0027948542612081 0.0027398092701924 0.9999923410880813 0.1189742406822411
0.9999027724253721 -0.0135730344569456 0.0031966281743615 16.6088837732743109 0.0135789671082609 0.9999061057182120 -0.0018415753344746 0.1595477526483149 -0.0031713322637851 0.0018848031914083 0.9999931950611476 0.1387899228073912
0.9998942900108392 -0.0139896301968752 0.0039622027553599 18.0920247112573520 0.0139908554687721 0.9999020835130887 -0.0002816903192323 0.1964917440203968 -0.0039578740469896 0.0003370951478399 0.9999921107688248 0.1460073039364661
0.9998851612738840 -0.0144448380778689 0.0045837667046871 19.5605896977034064 0.0144437691991506 0.9998956478877432 0.0002662075727997 0.2293050769265563 -0.0045871337042336 -0.0001999701335159 0.9999894590526068 0.1550491338416867
0.9998732580835881 -0.0151378493338893 0.0049308505204355 21.0492382146490797 0.0151356359767306 0.9998853316434778 0.0004858886624379 0.2593159700991019 -0.0049376404172751 -0.0004111955214447 0.9999877252373415 0.1727342622775664
0.9998726109148897 -0.0152088267512643 0.0048428845837768 22.5145555634062013 0.0152043118234556 0.9998839394569353 0.0009677386294177 0.2975356479236707 -0.0048570406851173 -0.0008939826227423 0.9999878049010664 0.1770231157993797
0.9998607724766498 -0.0157229808973573 0.0055878022601343 23.9797893431472140 0.0157123363718121 0.9998746642461617 0.0019437809455862 0.3212828737472093 -0.0056176639394018 -0.0018557128890889 0.9999824989376250 0.1907204991183856
0.9998571742994169 -0.0156696176141781 0.0063319890880308 25.4321757930586365 0.0156547391373306 0.9998745946653883 0.0023925060642712 0.3543984804936743 -0.0063686846779872 -0.0022930387155228 0.9999770906520417 0.1966092861631445
0.9998678498100961 -0.0152778704102898 0.0055560410240977 26.8552764092467768 0.0152624331592112 0.9998795728357260 0.0028103309247587 0.3800422786804583 -0.0055983077975111 -0.0027251608342332 0.9999806160362469 0.2109009956080466
0.9998755123503484 -0.0153079734912378 0.0038243626553674 28.3050931295869965 0.0152958610143791 0.9998779654360824 0.0031766131695929 0.4082781537752916 -0.0038725234611306 -0.0031177208008405 0.9999876416131607 0.2180476514207064
0.9998779855791101 -0.0151655379265423 0.0037443842830967 29.7379014567266893 0.0151572251958780 0.9998826168433014 0.0022385394687786 0.4324803673608831 -0.0037778934106635 -0.0021815118588829 0.9999904842184185 0.2285181930811634
0.9998811132879722 -0.0142890376642268 0.0057950576041624 31.1538979406541650 0.0142856127248478 0.9998977557108583 0.0006319758416286 0.4672521957732279 -0.0058034954192210 -0.0005491147594474 0.9999830088125998 0.2381102990593455
0.9998705662911522 -0.0144527590708933 0.0070688344052874 32.5900357699648779 0.0144584957543644 0.9998951808089921 -0.0007611146260327 0.4885764971731314 -0.0070570932494682 0.0008632208243810 0.9999747258229463 0.2519025743091503
0.9998769852162583 -0.0141652966187522 0.0067348946947248 33.9872941342129238 0.0141759247986699 0.9998983414205000 -0.0015329646556735 0.5160009896171865 -0.0067124951358434 0.0016282494390773 0.9999761453218848 0.2592260583425910
0.9998871524472448 -0.0139453405842644 0.0055865773895244 35.3455136335506666 0.0139533967628310 0.9999016585464661 -0.0014056865957278 0.5417369776330571 -0.0055664252190515 0.0014834796982979 0.9999834069614683 0.2716106907603179
0.9998980155383252 -0.0135224091736445 0.0045937971939918 36.7178905326524330 0.0135268114415757 0.9999080773204577 -0.0009285911530374 0.5670549138230797 -0.0045808181303180 0.0009906358796125 0.9999890173125958 0.2754354314320826
0.9999201547959162 -0.0120189395287872 0.0039024512187080 38.1077821541570572 0.0120204941428768 0.9999276808736156 -0.0003751576653289 0.6015593595712136 -0.0038976599995518 0.0004220371028059 0.9999923150360766 0.2967043962607704
0.9999300129131784 -0.0108975073764741 0.0046058233173483 39.4386244953879910 0.0108974139887592 0.9999406203918924 0.0000453721825651 0.6579750104211740 -0.0046060442690589 0.0000048225563500 0.9999893921102035 0.3092519625654233
0.9999361629155361 -0.0094405783582333 0.0062085081957333 40.7576458200234413 0.0094388111080526 0.9999554041647121 0.0003138895566723 0.6833292670602763 -0.0062111946210800 -0.0002552685827558 0.9999806777629905 0.3246781207037345
0.9999450805198365 -0.0074923156523138 0.0073281068731019 42.0670494734376348 0.0074927179130344 0.9999719288186675 -0.0000274399244624 0.6950606942398190 -0.0073276955759095 0.0000823458551127 0.9999731486878570 0.3442556272117559
0.9999526881229599 -0.0055672623322256 0.0079766600648785 43.3472959179201354 0.0055641277721017 0.9999844339639526 0.0004151047205021 0.7124168648885989 -0.0079788468967748 -0.0003707019253230 0.9999680997823283 0.3506056967254945
0.9999671936791462 -0.0022001250464510 0.0077955766453103 44.6005889142054031 0.0021991660009934 0.9999975731729884 0.0001315942010148 0.7150957612984422 -0.0077958472504919 -0.0001144461167767 0.9999696053719500 0.3556376410061319
0.9999784956808806 0.0018084651881787 0.0063037789829719 45.8896763385370789 -0.0018055580914499 0.9999982610143904 -0.0004668277772981 0.7344619498407456 -0.0063046122625751 0.0004554358993352 0.9999800220216203 0.3710443578297544
0.9999725120719928 0.0056160612058439 0.0048409665316449 47.1214671686920141 -0.0056140046940637 0.9999841452971935 -0.0004382984558680 0.7256401610182022 -0.0048433512905138 0.0004111091991191 0.9999881863989709 0.3833465720121721
0.9999455883455912 0.0090836587255499 0.0051290829928180 48.3245323706396448 -0.0090814918582047 0.9999586631190402 -0.0004455993840398 0.7149487424567099 -0.0051329186452578 0.0003989954128008 0.9999867468865984 0.3885226307830420
0.9998806372147951 0.0145823818167527 0.0051054347009496 49.5224910591121485 -0.0145826197808125 0.9998936679028626 0.0000093855253854 0.7129992571838437 -0.0051047549660564 -0.0000838350181627 0.9999869671392854 0.4030443582744112
0.9997693777440204 0.0209991729970172 0.0044973390772352 50.7475683454043676 -0.0210047582689976 0.9997786576199488 0.0011982894951593 0.7092221493520838 -0.0044711805370906 -0.0012924786631036 0.9999891689630994 0.4146665919414395
0.9995762380683016 0.0287575698671054 0.0045107055501905 51.9390483963654503 -0.0287691070020419 0.9995829221017222 0.0025140256338243 0.6846279346604208 -0.0044365269667875 -0.0026427292560936 0.9999866665163851 0.4283610664904114
0.9993101442392291 0.0367370307619436 0.0054429947057643 53.1058180463642557 -0.0367555722417877 0.9993186822994247 0.0033465081085108 0.6759007792288788 -0.0053163455257997 -0.0035442598857330 0.9999795871377138 0.4404981648529677
0.9988712704826309 0.0471042689899516 0.0061133335699171 54.2891896596276737 -0.0471377593323221 0.9988735036010781 0.0054548555283491 0.6204433381717129 -0.0058494999395565 -0.0057368673184383 0.9999664352886189 0.4486934937463320
0.9981863913366245 0.0598436902664018 0.0065315301167701 55.4229377630928397 -0.0598929628744687 0.9981756554406648 0.0076284915754553 0.5801642621060870 -0.0060630972682960 -0.0080058491678428 0.9999495713437838 0.4625980377385224
0.9971711828093865 0.0747773794221504 0.0076141776499292 56.5587550042999467 -0.0748523628091309 0.9971435658497881 0.0100912271929398 0.5015018316270788 -0.0068378327282225 -0.0106326201439277 0.9999200925236255 0.4721691987596988
0.9957967038443210 0.0911350507812274 0.0091283696183312 57.6926830795979981 -0.0912410974226824 0.9957569441699556 0.0119653783231642 0.4213265209750449 -0.0079991720753052 -0.0127479667561136 0.9998867448814864 0.4699496885271749
0.9940504723719746 0.1084173988640759 0.0104559074499543 58.8078190314126985 -0.1085453152716463 0.9940121760889116 0.0125581973055707 0.3197707389368502 -0.0090317722310215 -0.0136184217343495 0.9998664739253098 0.4801680463851568
0.9917922440680695 0.1274437548100367 0.0103069862880501 59.9020858409003623 -0.1275653863715977 0.9917556632463606 0.0121563406762273 0.1718381498938116 -0.0086727623216479 -0.0133713790870933 0.9998729866413141 0.4911765075729765
0.9888993690976715 0.1482748010346172 0.0096239896286263 60.9912570184379135 -0.1483821009933148 0.9888620675146896 0.0116001523861977 0.0309440228969149 -0.0077967879948686 -0.0128994111771812 0.9998864011917780 0.4980313784548722
0.9856256715294618 0.1686908285431831 0.0092433753311182 62.0555093457239835 -0.1687720028466043 0.9856154568605501 0.0088420728743257 -0.1299975199909100 -0.0076188370007044 -0.0102749969821654 0.9999181855330831 0.4947182108040296
0.9815139974632350 0.1910887270089877 0.0107410983528403 63.1104519101845227 -0.1911373885139931 0.9815563450190341 0.0036932729286801 -0.3434586053289077 -0.0098372504182657 -0.0056780245648854 0.9999354921899957 0.5146305448161831
0.9767347547507387 0.2141521161621442 0.0113176855094070 64.1293093947802504 -0.2141458588982597 0.9768000801648915 -0.0017760930685834 -0.5559439162314550 -0.0114354702020079 -0.0006888636563950 0.9999343755907794 0.5057459974698899
0.9712033123897533 0.2380465631908253 0.0098974621094318 65.1481678993773556 -0.2379854294683914 0.9712437117310909 -0.0069704937815627 -0.7975353521778257 -0.0112721499243264 0.0044143148788857 0.9999267235453974 0.5159700551310019
0.9646026146361155 0.2636145068421004 0.0070133885936683 66.1589615762768091 -0.2635139043467292 0.9645721205766140 -0.0126904067025810 -1.0797981130455401 -0.0101102944127490 0.0103930740750870 0.9998948774537038 0.5401380311016890
0.9571757834129494 0.2894390057455457 0.0062913910096763 67.1181835691813546 -0.2893060058143946 0.9570945179498462 -0.0164960210375993 -1.3499076013626707 -0.0107960477735205 0.0139694546558346 0.9998441376980166 0.5364401601394932
0.9483577995581238 0.3171121228965674 0.0075753237096334 68.1041805589400866 -0.3169303757750243 0.9482628730494115 -0.0187792573649156 -1.6910911064975076 -0.0131385283945857 0.0154086050020155 0.9997949559602292 0.5257453969227757
0.9387909106049892 0.3443828615950304 0.0084894525779558 69.0300995218240416 -0.3441091817390346 0.9386297774250405 -0.0237278733541600 -2.0107180363032868 -0.0161399259089772 0.0193542132528590 0.9996824081782252 0.5232049780564193
0.9277535393286851 0.3731330862381835 0.0067134355933653 69.9347818154626708 -0.3728334427495260 0.9274985167980457 -0.0272346342909396 -2.3782157387051108 -0.0163888447010121 0.0227640350507899 0.9996065248274305 0.5374180453603880
0.9153480092688747 0.4026579533338711 0.0021434888584236 70.8648082693540999 -0.4024632183064803 0.9150473418087848 -0.0266780838717347 -2.7642573640272334 -0.0127035364327593 0.0235570555387352 0.9996417784868971 0.5171753556657190
0.9025403598799967 0.4305864217398279 -0.0040289205721984 71.7047052228772515 -0.4305279264522834 0.9021614213688122 -0.0273947867029814 -3.1757401421798801 -0.0081610864707660 0.0264594634695341 0.9996165732222135 0.5331020974016449
0.8881410234055437 0.4594933066840630 -0.0084512517829645 72.5473313084996079 -0.4595333731990519 0.8876827203117184 -0.0291284564693806 -3.5983032711491134 -0.0058823006089773 0.0297538093785197 0.9995399488599804 0.5382707850516825
0.8721634027480115 0.4891694189849852 -0.0066542044529695 73.4201242822356761 -0.4891331159743054 0.8716889700984873 -0.0301186697233692 -4.0816781787810257 -0.0089327355427474 0.0295231932305883 0.9995241804464726 0.5495117177663998
0.8546882415145631 0.5191412501211838 -0.0006101142173965 74.2295618288412271 -0.5189345394179816 0.8543135529704617 -0.0292454613578482 -4.5630628346228415 -0.0146612965249023 0.0253123612806184 0.9995720738148942 0.5332691695958827
0.8345565265989611 0.5509195398245944 0.0017505857690238 75.0382867639387428 -0.5506370984668402 0.8342224850237652 -0.0295234021209119 -5.0895570193679429 -0.0177253971209915 0.0236750104589400 0.9995625564098889 0.5137813457006437
0.8133918533704690 0.5817161219792604 0.0002151742638098 75.8195039724399606 -0.5815377134558215 0.8131514415554508 -0.0244667309803972 -5.5932504434173955 -0.0144076611262290 0.0197759077086914 0.9997006215738635 0.5289558071557543
0.7911743948043624 0.6115811128129275 -0.0034087323820357 76.5680588670199569 -0.6115412507317221 0.7910274399909472 -0.0171139660759748 -6.1418980643878660 -0.0077701775676114 0.0156247122171815 0.9998477347619976 0.5296871418369211
0.7683204735889244 0.6400496278237743 -0.0044859543844159 77.2940109642417355 -0.6400396025368443 0.7682078387426560 -0.0143535249613473 -6.7630224366113447 -0.0057408229871193 0.0138992955571728 0.9998869198736650 0.5199476458469241
0.7450122276923783 0.6670408023132784 -0.0036535788068303 77.9818532371046018 -0.6669936352361613 0.7448654883316708 -0.0171725026385885 -7.3448758361736779 -0.0087333351756631 0.0152306382558176 0.9998458663789284 0.5325761321004923
0.7204798589591239 0.6934656969939907 -0.0037549869347104 78.6487686285601484 -0.6934078501519614 0.7203228028134790 -0.0179056721339641 -7.9543258118797207 -0.0097121666931867 0.0155044135513931 0.9998326294828306 0.5121764073772924
0.6946473119902465 0.7193223401081902 -0.0063626225726720 79.2887394777386874 -0.7193116679212802 0.6944907837717283 -0.0165310510384731 -8.6369366589475067 -0.0074723715801037 0.0160599588233512 0.9998431083852912 0.5443984485641931
0.6686010737754744 0.7435842250080897 -0.0074232382018432 79.8802581726538108 -0.7436013642299493 0.6684768015413638 -0.0139920304597426 -9.2640367362252825 -0.0054419905954495 0.0148750166435776 0.9998745514404356 0.5463153335995387
0.6411672952588205 0.7673665093430434 -0.0072897070696491 80.4866015216015001 -0.7673883220613572 0.6410727741799652 -0.0118685032357951 -9.9832498584552312 -0.0044342591650794 0.0132037321949621 0.9999029946958758 0.5321459958169882
0.6130719842987895 0.7899787104051998 -0.0087395179776738 81.0278911011690326 -0.7900206984541869 0.6129851774007580 -0.0107920480410316 -10.6710629505359833 -0.0031682932161436 0.0135207024040379 0.9999035716130821 0.5366979491360828
0.5846629402556889 0.8111991050624315 -0.0111918826603419 81.5944844673504974 -0.8112724813038864 0.5846469124851363 -0.0049948774391968 -11.3717420307155237 0.0024914595336918 0.0119999861461351 0.9999248936604611 0.5490664344959233
0.5539340284834944 0.8324296127030373 -0.0147659061055725 82.0864368313202561 -0.8324785451946004 0.5540412814708917 0.0042107263950157 -12.1667233549512197 0.0116860548830116 0.0099598353984142 0.9998821119512579 0.5551375151917828
0.5232821283131628 0.8519766726111676 -0.0176511618441995 82.5668361093317031 -0.8519366056712675 0.5235067446400552 0.0120294735417398 -12.9210280396108352 0.0194893331175272 0.0087428623902931 0.9997718380970022 0.5808718928007673
0.4911520262026244 0.8709215483008648 -0.0162893788181540 83.0539569790596346 -0.8707745161089713 0.4913876012538974 0.0170284300253407 -13.7187784106820470 0.0228348254261714 0.0058208280480981 0.9997223057972603 0.5984698585936568
0.4588253606672208 0.8884386886193451 -0.0124893944182096 83.5054257421395647 -0.8882892419655769 0.4589823329946257 0.0166565484729477 -14.5529297224540155 0.0205307334699901 0.0034517478397892 0.9997832637227104 0.6176825678480775
0.4250900634817359 0.9051297204007630 -0.0062150765345714 83.8763523684093855 -0.9050053532885599 0.4251348129806134 0.0150233588450738 -15.3635166641956413 0.0162403339911072 -0.0007616030302761 0.9998678270214927 0.6382491201513714
0.3909678124024862 0.9204040300831854 -0.0007688119700830 84.2611327654916096 -0.9202838589784262 0.3909300090618256 0.0158539243942072 -16.2597328897052833 0.0148925675754938 -0.0054908488917409 0.9998740230696352 0.6568934129524505
0.3563105668928489 0.9343453350062449 0.0064478579826816 84.6124756969204697 -0.9342503783603238 0.3561480913255233 0.0182966548521527 -17.1038004552951328 0.0147990017936581 -0.0125432052225473 0.9998118110667908 0.6837822814875408
0.3202917323426797 0.9472407162652897 0.0121750417718375 84.9839110522003267 -0.9471960133215830 0.3200166623949094 0.0202249384998296 -17.9831398214439950 0.0152616689986580 -0.0180100316169428 0.9997213212793514 0.6825609542370926
0.2840720570840032 0.9586614374615149 0.0164716334431360 85.2289246688231970 -0.9586989607393784 0.2837463422957670 0.0196039769181963 -18.9056562137947211 0.0141198109512339 -0.0213602799137938 0.9996721309412930 0.7109743407088731
0.2473248753301079 0.9687595108849399 0.0183143690286719 85.4821555621176969 -0.9688341828528272 0.2469861585975733 0.0189252106225754 -19.8310029295782506 0.0138105821325906 -0.0224242621101830 0.9996531499925225 0.7311138716822716
0.2114067645850329 0.9772172958476174 0.0188025685468528 85.6975726519809626 -0.9773057102779256 0.2110830494583561 0.0178183862771368 -20.7509391745043708 0.0134435317475925 -0.0221427850017072 0.9996644279589625 0.7592367668675654
0.1759657042075663 0.9842425025712459 0.0174002033041774 85.8648431155931604 -0.9843048558156905 0.1756809471959490 0.0167378496225569 -21.6780427779970601 0.0134172188022866 -0.0200723921002356 0.9997084961702516 0.7631891284223881
0.1411341864679612 0.9899255863927611 0.0113346731305034 86.0465637932633172 -0.9899011363663132 0.1409583890385583 0.0150490126033779 -22.6141563159301562 0.0132996853612765 -0.0133441359631499 0.9998225104510741 0.7983674274012764
0.1071526332835272 0.9941984055296870 0.0093724928719242 86.1222100708424279 -0.9941065389488907 0.1069772715340924 0.0175514271265678 -23.5912800576060775 0.0164469571490930 -0.0111979380847274 0.9998020322959873 0.8320331189615964
0.0749047762944054 0.9971578037506296 0.0080986978895498 86.2119808102462173 -0.9969295649852171 0.0746968431384817 0.0234909361995472 -24.5418079008840877 0.0228192231829050 -0.0098334146849488 0.9996912458399156 0.8118119086905196
0.0449967282094466 0.9989790611389895 0.0040161992366796 86.2780448128913520 -0.9986653496832887 0.0448798383708898 0.0255601144316272 -25.5236054191537285 0.0253537727449046 -0.0051609605371787 0.9996652193079109 0.8784251092793003
0.0196398058718844 0.9998053761756865 0.0018675640575142 86.2990622688821389 -0.9995136756647579 0.0195887542996311 0.0242629937170610 -26.4868371107493878 0.0242216883069730 -0.0023431763021392 0.9997038658224630 0.8981101630218251
-0.0039841268933936 0.9999918353583320 0.0006752403810284 86.3427431357834934 -0.9997621426984812 -0.0039976890789979 0.0214400678396723 -27.4927049693454713 0.0214425921902980 -0.0005896598192973 0.9997699072994036 0.9128793245151087
-0.0224905453710618 0.9997470078100651 -0.0003094248442251 86.2808803439027514 -0.9995595484988732 -0.0224803319935460 0.0193737884315190 -28.5044554604278737 0.0193619310411312 0.0007450156253164 0.9998122626663850 0.9404740712721126
-0.0396314323838571 0.9992140714864506 -0.0007674051565982 86.2630949059579990 -0.9989891988074033 -0.0396061865101598 0.0212586607354555 -29.4751416652073495 0.0212115589560625 0.0016091406380592 0.9997737146139922 0.9793500972128841
-0.0539558424714159 0.9985395783464491 -0.0027345088948472 86.2060741694980663 -0.9982049090768473 -0.0538660638064701 0.0261802724371006 -30.4450025847989032 0.0259947409697284 0.0041421788582258 0.9996534978662472 0.9907498341243673
-0.0665174470234848 0.9977664140044140 -0.0061328888992023 86.1548104554790513 -0.9973318557565891 -0.0663006888168478 0.0305514018586638 -31.4308993031666333 0.0300765479168724 0.0081487267216173 0.9995143818466148 1.0335453647342991
-0.0754885449710665 0.9970844169229809 -0.0111420423402170 86.0770752477582590 -0.9965892603327835 -0.0750680703993678 0.0342728901009493 -32.4111691441797305 0.0333365530237822 0.0136912503401073 0.9993504009588514 1.0600129375864764
-0.0821697848512806 0.9965242811216083 -0.0136924648094022 85.9972064158779119 -0.9958961541419494 -0.0815795526830698 0.0391870737527745 -33.4178659324101872 0.0379338453464633 0.0168562664636243 0.9991380733703115 1.1033260749991163
-0.0855897245230897 0.9962032093710599 -0.0159237148574762 85.8808144963175835 -0.9954055205279585 -0.0848108328554233 0.0444406608055505 -34.3925639867288453 0.0429214254018452 0.0196542175924160 0.9988851099962918 1.1336984363919169
-0.0888694282020328 0.9959054274688447 -0.0165711879218513 85.8095363807686482 -0.9949681869613137 -0.0879884348127900 0.0479201656310938 -35.4103028421090116 0.0462658801489800 0.0207464425213816 0.9987136994438132 1.1916683015797391
-0.0914551071505321 0.9956646072561203 -0.0169691848242939 85.7027836886080081 -0.9945831268766773 -0.0904838920229027 0.0511572968069992 -36.4180993791295577 0.0494000719462675 0.0215558609641102 0.9985464324455822 1.2393974890325392
-0.0939889271552683 0.9954185894785805 -0.0175474582967151 85.6331551000044584 -0.9941829384277252 -0.0929119365553484 0.0544762056750374 -37.3964318764034900 0.0525962594812188 0.0225655437782527 0.9983608714901522 1.2941791331243411
-0.0955365137574833 0.9952621957977370 -0.0180537019731029 85.5061033927260468 -0.9938483492217507 -0.0943487325492514 0.0579980638948520 -38.3955495043022452 0.0560199365250237 0.0234835747325077 0.9981534393215880 1.3522242054548919
-0.0980665894302448 0.9949888196414846 -0.0194985339440184 85.4006843147544004 -0.9935332827851032 -0.0967589254441146 0.0594081336616227 -39.4101487975658458 0.0572237715969227 0.0251983954915088 0.9980433261281179 1.4222246080260561
-0.1008180675449892 0.9947051147410138 -0.0199361973445483 85.3297378274979366 -0.9933044874853414 -0.0994995648779649 0.0587029107504827 -40.4230379913215145 0.0564084426125866 0.0257210283068628 0.9980764080494339 1.4737529105117926
-0.1027685841383126 0.9944963460885275 -0.0203871462145818 85.2204370108546527 -0.9931318169398716 -0.1014321070285895 0.0583157083936268 -41.4649807000638262 0.0559268477201809 0.0262401463469422 0.9980899971564562 1.5453651520284588
-0.1043738572975659 0.9943470890986420 -0.0194926733385860 85.0969047682457216 -0.9929107807246845 -0.1030622827140193 0.0592144188730496 -42.4682797426468213 0.0568707256286111 0.0255349228084407 0.9980549525370045 1.6092578814470089
-0.1072251288907315 0.9940771234595084 -0.0177043595997165 85.0235144822771787 -0.9924893165129479 -0.1059652258937416 0.0611255062060877 -43.4941073165282717 0.0588874209150660 0.0241255780398811 0.9979730598278761 1.6624993924704619
-0.1093121744340133 0.9938825798962111 -0.0157564557994522 84.8868645057899585 -0.9921026501919658 -0.1081081297452899 0.0636000295994769 -44.5319248249522062 0.0615075605319103 0.0225842790858555 0.9978510762311106 1.7292420433283158
-0.1116648718300326 0.9936569165770999 -0.0132999450252028 84.7853025462814003 -0.9916165710133542 -0.1105399476353373 0.0669140946923358 -45.5398519249141600 0.0650194777808956 0.0206603996880000 0.9976700934646842 1.7940156624835943
-0.1139926182579747 0.9934396583551225 -0.0091284275726808 84.6920143517790933 -0.9910547573669420 -0.1130675217353116 0.0708957222192358 -46.5836864924318093 0.0693984933773339 0.0171283605722456 0.9974419624123818 1.8638763631739743
-0.1164601688279183 0.9931775681047743 -0.0059453586989732 84.5745683536815989 -0.9905764274723390 -0.1157165692727276 0.0732667518857523 -47.6400436498268292 0.0720789179490864 0.0144219904741584 0.9972946584525820 1.9413156724648746
-0.1193511746023370 0.9928453128927779 -0.0036717554227649 84.4754506539940024 -0.9903069960146988 -0.1187797838654505 0.0719959484222564 -48.6963824454786050 0.0710447096227847 0.0122289660936246 0.9973981660414737 2.0359617789890070
-0.1219342574445823 0.9925360030482626 -0.0020783441529474 84.3417259871076794 -0.9902338348294579 -0.1215082954144955 0.0683570516070577 -49.7375100058303445 0.0675942987269235 0.0103931130294761 0.9976587562795066 2.0829109480924464
-0.1244284881715765 0.9922264187935989 -0.0020700674785920 84.2222310411574000 -0.9900652674807157 -0.1240192415487797 0.0662570287139765 -50.7976660759982153 0.0654852461221238 0.0102937638255161 0.9978004414544169 2.1802017596504437
-0.1261127768415655 0.9920139736310329 -0.0019605198489048 84.1008313568347461 -0.9898253787133118 -0.1257027903419836 0.0666672944950408 -51.8559835520960775 0.0658884449077276 0.0103481699352011 0.9977733350849949 2.2480030266265438
-0.1271441964344591 0.9918819283080152 -0.0021432706336482 83.9472142027694730 -0.9895163089465978 -0.1266911480716060 0.0693312867975165 -52.9077484861737588 0.0684969170235916 0.0109358719941185 0.9975913888271046 2.3250849431611913
-0.1279734983353480 0.9917767309164300 -0.0013037394417129 83.8055877602695176 -0.9892423535743091 -0.1275523229705249 0.0716238144724551 -53.9748160413201603 0.0708685375789176 0.0104556643759297 0.9974308645033416 2.4033243636779913
-0.1283407759580293 0.9917300055912865 -0.0004911582211575 83.6817038899664567 -0.9891298135931061 -0.1279684105960546 0.0724313312785789 -55.0500308573087125 0.0717694718369767 0.0097817124997041 0.9973732806792122 2.4880394567249384
-0.1275233165621970 0.9918334359116566 0.0020589173502828 83.5426724683486839 -0.9892787094922374 -0.1273432582554705 0.0714935628029122 -56.1403734180378038 0.0711718952842420 0.0070802531422361 0.9974389361445094 2.5642383822365455
-0.1276709642091811 0.9918035265175178 0.0050881907701560 83.4138085544866925 -0.9892669621355308 -0.1277087025304655 0.0710025698487291 -57.1822014047737426 0.0710704054092600 0.0040313875279587 0.9974631549032590 2.6414441012412233
-0.1271672321264627 0.9918351530375562 0.0095668318821833 83.2789377607476240 -0.9892507790482878 -0.1275260609823650 0.0715541747396890 -58.2604324625030614 0.0721899662394308 -0.0003646495437344 0.9973908340289980 2.7286024074413140
-0.1276566014054954 0.9917221743588615 0.0138174166373557 83.1679966642126089 -0.9891305104761522 -0.1283232458272583 0.0717912099462294 -59.3261839211131630 0.0729700305795812 -0.0045026064994452 0.9973239700177301 2.8085403356496892
-0.1277699330584874 0.9916541717411682 0.0172292737678279 83.0349197022554506 -0.9891362668571582 -0.1286802886181049 0.0710691839621476 -60.4311272475445520 0.0726931206794287 -0.0079615946580043 0.9973225773120689 2.8983846177057435
-0.1276567753950277 0.9916721739469390 0.0170307696565859 82.9055167493131222 -0.9894876551908884 -0.1285145122643447 0.0663189291401439 -61.5592181667991269 0.0679553376901420 -0.0083856756919092 0.9976531223439382 2.9776594761318207
-0.1284186034101795 0.9916412036024806 0.0125054234635499 82.7714639190275534 -0.9899376809871447 -0.1289332834431407 0.0583060561379776 -62.6542775974318431 0.0594310529939803 -0.0048920076036742 0.9982204256583975 3.0458962708647230
-0.1289783741370754 0.9916338257779890 0.0051898533568364 82.6275216354281952 -0.9902255031482109 -0.1290718355073206 0.0528574894754152 -63.7372969732743755 0.0530851384083065 0.0016783479019679 0.9985885795604168 3.0963004626785522
-0.1288417855581558 0.9916639132981580 -0.0015739619974940 82.4714816009573468 -0.9901938220270452 -0.1285640315554257 0.0546578869852095 -64.8293132357482307 0.0539998992004484 0.0086007472000342 0.9985038998591556 3.1797395161276563
-0.1280778791427226 0.9917471784197376 -0.0057957718029509 82.3113159161433003 -0.9900189152883323 -0.1275037852272587 0.0600444179256936 -65.9692064529853184 0.0588098992144725 0.0134282854158982 0.9981788802139488 3.2545472763134016
-0.1270039211881524 0.9918633799730545 -0.0087772131830853 82.1751295666879429 -0.9898281829188995 -0.1261614604892336 0.0657529785385634 -67.0754449320386215 0.0641106255023519 0.0170388190803031 0.9977973272874837 3.3135340799869413
-0.1261792682771412 0.9919795317060427 -0.0074431803220070 81.9990060827281866 -0.9897154736017679 -0.1253744457003798 0.0688805464449234 -68.1809250594740490 0.0673949075989718 0.0160579276864486 0.9975971478448317 3.4412524459889733
-0.1265517845220188 0.9919373697300439 -0.0067007736370257 81.8843492595698450 -0.9897289467880818 -0.1258114678944995 0.0678828876520840 -69.3172170335340923 0.0664925388599853 0.0152226502053177 0.9976707939980402 3.4784545967453715
-0.1258830833322420 0.9920166199616295 -0.0075149884013307 81.7553098193783967 -0.9901045797551419 -0.1251596655117564 0.0634663633500400 -70.4481577463197652 0.0620191138171280 0.0154299659393517 0.9979556832206772 3.5389618941391698
-0.1257220130864403 0.9920561243789554 -0.0043152644993934 81.6119731714735934 -0.9902494478766373 -0.1252276066089146 0.0610252203848390 -71.5793596748866179 0.0600000533792115 0.0119454018437915 0.9981268962257666 3.6225597788152171
-0.1259067622004619 0.9920371787696823 -0.0031181999431972 81.4767671309785584 -0.9901766633732526 -0.1254767218240234 0.0616909036350512 -72.7181689736791697 0.0608084084910043 0.0108548707493956 0.9980904313927697 3.6839101613739267
-0.1254566961750723 0.9920967974559650 -0.0021358516929217 81.3425618907556611 -0.9899490011287836 -0.1250428541038819 0.0660701127718093 -73.8404658699941194 0.0652808742968409 0.0104033223142327 0.9978126970207717 3.7756219886492142
-0.1249951584389715 0.9921548426584280 -0.0022312678563238 81.1943296785482005 -0.9897969528226379 -0.1245424373828374 0.0692183030257381 -74.9894350296347341 0.0683973870103040 0.0108604548786993 0.9975990416845790 3.8521985252959285
-0.1242797783631078 0.9922467973548406 -0.0009109495480730 81.0551169405529350 -0.9899717056689898 -0.1239325768523520 0.0677992505088902 -76.1563444236472691 0.0671606928556297 0.0093278901043139 0.9976985676051427 3.9541180867661034
-0.1242738147983324 0.9922345610311479 -0.0051570195651423 80.8933656763110349 -0.9903771815094683 -0.1237188344956108 0.0620216763431095 -77.3295245939559663 0.0609020303506507 0.0128150648212606 0.9980614794754856 4.0024437927971466
-0.1246508659868539 0.9921904734950026 -0.0044973230360409 80.7417213764518351 -0.9904459606870816 -0.1241596918950096 0.0600097481012943 -78.4855736974521818 0.0589827141404318 0.0119346225034310 0.9981876598207016 4.0796223804927125
-0.1241133507585455 0.9922663323490682 -0.0018444104790457 80.6363912861738896 -0.9903159525744459 -0.1237524304386084 0.0629257501910445 -79.6345106436758527 0.0622108530728731 0.0096364748257001 0.9980165069340682 4.1592156787141983
-0.1237793691201032 0.9923096041456329 -0.0005632943873935 80.4949354971554811 -0.9901636293680071 -0.1234743291966061 0.0658033213920421 -80.7755983275520606 0.0652277154053815 0.0087028472229385 0.9978324536680538 4.2393762430735764
-0.1236979183425522 0.9923197981904981 -0.0004930688476528 80.3619079401450733 -0.9901972546065227 -0.1234008187679572 0.0654342028078820 -81.9463726601453430 0.0648708098255643 0.0085823100950172 0.9978567642632926 4.3189519026087284
-0.1231021947820798 0.9923939880586998 -0.0001486767769210 80.1929471061826433 -0.9904641714027711 -0.1228534680286026 0.0623518288486148 -83.1623027428833552 0.0618593146361703 0.0078229060006010 0.9980542206385629 4.3847515993523265
-0.1226861928703893 0.9924449060107713 -0.0010984590304206 80.0360590773767768 -0.9906046442349917 -0.1223911666321877 0.0610150895310177 -84.3586430180571938 0.0604196731126189 0.0085738476592430 0.9981362393166979 4.4711406509905762
-0.1218007088840214 0.9925522069163101 -0.0021688386092503 79.8967396522353965 -0.9907066023304961 -0.1214403683114313 0.0612589996910554 -85.5658984300589367 0.0605393707773272 0.0096100723174701 0.9981195474971615 4.5544174988108823
-0.1208302956492280 0.9926636908203214 -0.0043401129360801 79.7630239458399046 -0.9908188241328083 -0.1203363108356748 0.0616216685796437 -86.7305010757554555 0.0606473197874377 0.0117460300288076 0.9980901429135359 4.6293618853798719
-0.1198060729400909 0.9927853645453832 -0.0048708142198527 79.6339402816440725 -0.9909466371674751 -0.1192818777188052 0.0616165232250951 -87.9415742811516594 0.0605909826058816 0.0122087506472511 0.9980880117677433 4.6902124925840543
-0.1182354951627880 0.9929784154915299 -0.0037728042012890 79.4590891240864465 -0.9911393951091735 -0.1177832365776148 0.0613987674462902 -89.1355110852942261 0.0605232777221487 0.0109988885453279 0.9981061853853702 4.7893273792104400
-0.1170256422370970 0.9931067021873010 -0.0066390609018619 79.3317954299807724 -0.9913709390980125 -0.1164183026612686 0.0602531320131517 -90.3448401623056441 0.0590648810285776 0.0136329335116434 0.9981610506090423 4.8612725451734669
-0.1157811516276936 0.9932628647526204 -0.0048586449945653 79.2160081210022469 -0.9915621022797046 -0.1152930081496748 0.0592631385808421 -91.5643205778092266 0.0583037070040840 0.0116792026790035 0.9982305715486601 4.9353352072266015
-0.1142052260183495 0.9934399187473905 -0.0058561240830722 79.0599859188248928 -0.9917894988219381 -0.1136701235630406 0.0585891887270374 -92.7657320555629781 0.0575391725403403 0.0124992339101923 0.9982650012772316 5.0086754275569296
-0.1125707128718134 0.9936293707511606 -0.0053393055901373 78.9577958094961474 -0.9919322383039201 -0.1120599477803408 0.0592705889699357 -93.9793542175229106 0.0582946757166338 0.0119683617976914 0.9982276739797250 5.0735001331581771
-0.1117412672116149 0.9937310621673729 -0.0035306211418643 78.8078758864848936 -0.9918909212072617 -0.1113164607435724 0.0613273674156535 -95.2296352886505844 0.0605498937121473 0.0103547888066150 0.9981114610704649 5.1723784514885960
-0.1101737565951268 0.9939086799288900 -0.0026980214471935 78.6967531343840392 -0.9920788590236881 -0.1098053052248000 0.0610109205203968 -96.4535030316977497 0.0603430264071619 0.0093984523460119 0.9981334521282834 5.2282309903398989
-0.1093905654572003 0.9939977739825956 -0.0014592829058270 78.5760686963621993 -0.9922094559001355 -0.1091054730636087 0.0601364396179538 -97.7134001084940280 0.0596162713637109 0.0080262734323857 0.9981890998821200 5.3074604327775807
-0.1090822131211135 0.9940285298583106 0.0028900879443432 78.4364191234142112 -0.9922077211055208 -0.1090575812509000 0.0602518227964338 -98.9361598712521726 0.0602072168364349 0.0037048346021648 0.9981790246450689 5.3991982332703756
-0.1095776350815894 0.9939498170600366 0.0075168514849155 78.3049563095387668 -0.9921755157343920 -0.1098310258750574 0.0593707986507346 -100.1677834560356359 0.0598371779675446 -0.0009523242896922 0.9982076964296196 5.4666993724901616
-0.1099472626174045 0.9939065158876033 0.0078381834059351 78.1644776844185998 -0.9922439550000313 -0.1102166673760101 0.0574823451019719 -101.4184026901851468 0.0579959757986339 -0.0014573636099299 0.9983157530974219 5.5427313219608960
-0.1109726698236755 0.9937666399135049 0.0106269443975258 78.0429253448400004 -0.9922075811058101 -0.1113954218129682 0.0558137617014688 -102.6857474426134047 0.0566496473807471 -0.0043503326463006 0.9983846413369466 5.6201965785299945
-0.1118673951664182 0.9936597716086222 0.0112224857042284 77.9285958720307832 -0.9921293429642122 -0.1123202168786455 0.0553492159812128 -103.9516348941077410 0.0562588013388247 -0.0049423847518396 0.9984039864227724 5.6998796387668174
-0.1140910976687379 0.9933970752122738 0.0120611936574589 77.7915755272322258 -0.9918828397198294 -0.1145864387272397 0.0551215051421517 -105.2094136494303029 0.0561395912175196 -0.0056744179885500 0.9984068045032651 5.7813544126102467
-0.1161812404147835 0.9931353202034490 0.0135703773003982 77.6648680528587221 -0.9917266132817146 -0.1167457518002191 0.0533737196135131 -106.4580372013370066 0.0545916100189631 -0.0072570793708301 0.9984823938931237 5.8694419292007911
-0.1196071484888490 0.9927657358820338 0.0105035084124647 77.5512943958284069 -0.9915000514525790 -0.1199869103632654 0.0503069509214323 -107.7107567239029180 0.0512033006738833 -0.0043971581825103 0.9986785704119309 5.9186471857154066
-0.1234301873409536 0.9922714114474870 0.0127449941934060 77.3608779711454702 -0.9910513416096672 -0.1239157507341484 0.0496198046516907 -108.9762547353064264 0.0508156191210600 -0.0065063618102028 0.9986868578835600 5.9919187661810822
-0.1282095549815045 0.9915625255245607 0.0191329032506746 77.2551288444428650 -0.9901431123537591 -0.1290751540236532 0.0543711474238110 -110.1968179623523412 0.0563819746892227 -0.0119734117579457 0.9983374731727837 6.0832930233464744
-0.1366531238586921 0.9902674119467718 0.0263889479878263 77.0977256148372305 -0.9888304324858426 -0.1379580264983049 0.0564088531575960 -111.4352372559307298 0.0595004162130249 -0.0183857488543769 0.9980589485143353 6.1475408230109014
-0.1451824072625942 0.9891772241605387 0.0212246984310526 76.9113177253999538 -0.9878185698637058 -0.1461305572715745 0.0534820835787221 -112.6467144780425684 0.0560048359863731 -0.0132014936105726 0.9983432169913258 6.2245303598195241
-0.1563175656455622 0.9875682510304968 0.0165459429229879 76.7275074543119189 -0.9862506663283159 -0.1569745135619469 0.0516587384567492 -113.9048900400147488 0.0536138213299334 -0.0082432789929473 0.9985277194519171 6.3060030584836158
-0.1693534345006269 0.9853700055565510 0.0191145591716140 76.4976976536181468 -0.9840831911057605 -0.1701283400096105 0.0513480370479542 -115.1342731455651176 0.0538487437731427 -0.0101143499572453 0.9984978781745091 6.4056502828240651
-0.1833837384666817 0.9828502699061517 0.0193843083804517 76.3020444699938452 -0.9815601582275590 -0.1841538895280115 0.0512542754508732 -116.3286376652981744 0.0539449742448056 -0.0096276641564658 0.9984974951579085 6.4678586685443369
-0.1982900488554278 0.9800223554757659 0.0154025742213489 76.0821689860729862 -0.9787052754291905 -0.1988256223439939 0.0510328888717511 -117.5529252926752548 0.0530757983640858 -0.0049552666180107 0.9985781917109743 6.5187308134112678
-0.2133060766262158 0.9768526425807963 0.0161069040242415 75.8192327430601551 -0.9754987650955843 -0.2138616965574152 0.0516268732597112 -118.7878090648446658 0.0538764973928444 -0.0046999392016528 0.9985365459512133 6.6113156156119643
-0.2287048265491387 0.9733670403865382 0.0158337298915903 75.5316158262646695 -0.9718050011296779 -0.2292356007877125 0.0551912956075779 -119.9469762086727087 0.0573510426450557 -0.0027647822062306 0.9983502460994724 6.6831033114301492
