1.0000000000000000 0.0000000000000000 0.0000000000000000 0.0000000000000000 0.0000000000000000 1.0000000000000000 0.0000000000000000 0.0000000000000000 0.0000000000000000 0.0000000000000000 1.0000000000000000 0.0000000000000000
0.9989702385023531 0.0453604735199294 -0.0009434132708057 0.9296243566782221 -0.0453610630151765 0.9989704690529069 -0.0006131250674979 -0.0349064031396929 0.0009146303542588 0.0006552879237366 0.9999993670243257 0.0165220654383923
0.9958479810061239 0.0908709369881979 -0.0054103176351818 2.0094804511863131 -0.0908916946921349 0.9958538256914373 -0.0037225920700503 -0.1060169099010933 0.0050496100857713 0.0041988887357534 0.9999784351531619 0.0201924520009852
0.9906474227983390 0.1361510126500392 -0.0089769403127133 2.9763232836668254 -0.1361911872237316 0.9906743993273288 -0.0040243061546847 -0.2219052379196646 0.0083453115939204 0.0052092486795149 0.9999516085804330 0.0645904305159397
0.9831471755195174 0.1824392454285019 -0.0117282989164791 4.0101561744359042 -0.1824744942291922 0.9832085530488354 -0.0020000418535650 -0.3818714185913847 0.0111664776808058 0.0041064509122066 0.9999292209137153 0.0465039384595586
0.9735486093640635 0.2281753041539784 -0.0117955830520358 4.9386289764362292 -0.2282362638518438 0.9735971780537587 -0.0040917904038816 -0.6099731352454267 0.0105505008530208 0.0066757366632589 0.9999220576983754 0.0861486162967219
0.9618568072674496 0.2732330845775509 -0.0132349463733427 5.9096115954790900 -0.2733171520777606 0.9619110313558520 -0.0049902040061998 -0.8512006976973577 0.0113673520826363 0.0084171995436805 0.9998999620254374 0.1027152894877836
0.9480449588784849 0.3176807662389617 -0.0170201852786040 6.9162661074012100 -0.3178399219523699 0.9481141384592643 -0.0075739333875137 -1.1595146851310798 0.0137309853398524 0.0125901237274802 0.9998264593548840 0.1101465281236192
0.9327607316679831 0.3599816702412885 -0.0192513518616489 7.7652136536466037 -0.3601991806467849 0.9328295388260468 -0.0092521216469348 -1.4981702059270130 0.0146276354751407 0.0155643369237850 0.9997718658256639 0.1910532568466592
0.9153482721586993 0.4021287180858574 -0.0207372791539517 8.6815655757824590 -0.4023727946196414 0.9154297394886279 -0.0091938136680427 -1.8868749882031657 0.0152864255489548 0.0167596584215751 0.9997426864166241 0.1675034070327610
0.8953965629493665 0.4447910419261436 -0.0206379282079562 9.6122374866015239 -0.4450453292270079 0.8954546241025459 -0.0097811607998354 -2.3286955363326829 0.0141297555423048 0.0179428313157009 0.9997391683897811 0.2060551852540749
0.8735134621813684 0.4863903885631841 -0.0199655027803925 10.4574363419302063 -0.4866356448069234 0.8735494624161193 -0.0098532185532841 -2.7699535257214301 0.0126483434199496 0.0183228443715397 0.9997521156681127 0.2473743069262380
0.8490021109570566 0.5280024835815168 -0.0202186280991548 11.3329729491724684 -0.5282545249750704 0.8490283855891025 -0.0098973383959964 -3.2923908503180068 0.0119403699199191 0.0190834429732239 0.9997465927776215 0.2570653761493141
0.8233277669810506 0.5671958310883362 -0.0205006661845057 12.1042113908309670 -0.5674579045999687 0.8233390781691204 -0.0102121920583063 -3.8249599073266403 0.0110866868364591 0.0200412463593100 0.9997376825044436 0.2777285882485535
0.7959251340724032 0.6049883480046311 -0.0221873777282104 12.8876497020244702 -0.6053020887128530 0.7959105481262906 -0.0116525010690860 -4.4005992930665538 0.0106095405972365 0.0227045845576379 0.9996859204211994 0.3204497333570911
0.7664429644950470 0.6418839762091486 -0.0234551329558626 13.6892127513312030 -0.6422232984258029 0.7664336862112215 -0.0113419398588140 -5.0191168827669168 0.0106965945574355 0.0237563828604437 0.9996605509563044 0.3101108096947112
0.7362963559081099 0.6761515555295793 -0.0262059197771794 14.3769087756254859 -0.6765905943729570 0.7362208568356038 -0.0142834717872836 -5.6475910302623671 0.0096355530451854 0.0282475470648251 0.9995545168735590 0.3528235785931794
0.7040510628741028 0.7096693764585643 -0.0261051141112001 15.0578233065276272 -0.7100968563120108 0.7039701584954000 -0.0137284596281217 -6.3306036188125523 0.0086345539343763 0.0282026960568328 0.9995649315644684 0.3746509219334262
0.6690273921181643 0.7427154964195614 -0.0278574940332538 15.7555803540991928 -0.7431822113258796 0.6689655190766157 -0.0128582679755018 -7.0502099308897517 0.0090856680736088 0.0293057275084376 0.9995292016598902 0.3651365583224191
0.6337789639314935 0.7728662839809883 -0.0316533088845526 16.3372026746566910 -0.7734569933099207 0.6336989499716853 -0.0137811575987191 -7.7731206348920479 0.0094076765409920 0.0332166809028491 0.9994038961960766 0.4070337768786161
0.5963412950665938 0.8020655127351441 -0.0326798573927152 16.9448471304272630 -0.8026779368267023 0.5962756161966243 -0.0127874649936802 -8.5518499742065845 0.0092298174373203 0.0338570939427255 0.9993840641414227 0.4213489199967753
0.5588296701246618 0.8285164671467488 -0.0356351435388185 17.4590700316236251 -0.8292230160695037 0.5587879717852831 -0.0120495729669335 -9.3026034958665011 0.0099292199571431 0.0362831400895833 0.9992922216930753 0.4522066924016146
0.5200035509406855 0.8532124174373074 -0.0403097722626134 17.9530732041859515 -0.8540814201251871 0.5200304996309878 -0.0106398895900646 -10.1139747689316781 0.0118842250913331 0.0399606079074262 0.9991305795588720 0.4738313691481322
0.4800336808229954 0.8762163854279159 -0.0425735972542206 18.4760905816043390 -0.8771698648495729 0.4800804128343703 -0.0097890455388967 -10.9970710259734883 0.0118614280467691 0.0420433481114253 0.9990453760486923 0.4740820430991668
0.4420060648460492 0.8958323498919447 -0.0459895588844514 18.8667776468990382 -0.8969569423296733 0.4419659907887961 -0.0115890721233888 -11.8346018111031821 0.0099439552449436 0.0463730942805641 0.9988746937834257 0.4910753891453096
0.4046548744971382 0.9131247477585842 -0.0495744649646107 19.2660988260500687 -0.9144297364409510 0.4045476893559272 -0.0126263276257625 -12.7038356221020479 0.0085258230240981 0.0504416699525528 0.9986906168950219 0.5238901784141367
0.3684043955420039 0.9282685250613733 -0.0509484712794560 19.6649243976028103 -0.9296236580694509 0.3683549517461220 -0.0106997140936087 -13.6450013716037795 0.0088349138594301 0.0513047259469824 0.9986439652812215 0.5409040239102054
0.3355125218954095 0.9406466802167518 -0.0511387392158497 19.9735049671115661 -0.9420126352044350 0.3353898308055508 -0.0112185786720209 -14.5324250286064220 0.0065986943086261 0.0519373121120868 0.9986285459789306 0.5501777288061009
0.3015636694257871 0.9520081123141605 -0.0523441245077537 20.2832260976085905 -0.9534390511003873 0.3013168832551603 -0.0127323093816046 -15.4698518620267773 0.0036509066336151 0.0537465343387342 0.9985479362190520 0.5511090621152279
0.2686619657013222 0.9617594014727924 -0.0532879148043706 20.5512155213622876 -0.9632328552359488 0.2683530420247581 -0.0130042850653225 -16.4217522938018661 0.0017929806199029 0.0548224271147738 0.9984945101029560 0.5753034875662775
0.2364223009236834 0.9703124087858396 -0.0509737675885630 20.8021160454268070 -0.9716490144381883 0.2361849308564178 -0.0107177972385272 -17.3989033643018054 0.0016396241180023 0.0520625373235947 0.9986424804904811 0.5943733533403059
0.2047119754746850 0.9774999133568835 -0.0508618372115800 21.0345344474502696 -0.9788205497612140 0.2045320601200064 -0.0087731264792500 -18.3992189898407901 0.0018271459730370 0.0515805755139607 0.9986671646585973 0.5777374674531536
0.1740779016744740 0.9833463539104329 -0.0522190808007018 21.2128345136806580 -0.9847317498926084 0.1738606644137007 -0.0087091976133400 -19.3799035079944915 0.0005146863645194 0.0529378656604572 0.9985976754816034 0.5864885867051590
0.1434391023166949 0.9882091795473277 -0.0535522304388747 21.3742147689519726 -0.9896578514266962 0.1431412588609955 -0.0093764130233847 -20.3813300750842679 -0.0016003237411012 0.0543433295822689 0.9985210270664492 0.5960178906219447
0.1123411426689893 0.9922785638610711 -0.0525615768944981 21.5044106707464948 -0.9936617740836534 0.1119717316510106 -0.0099302586069363 -21.4507664116425190 -0.0039681719660751 0.0533440063445231 0.9985683104316715 0.6013996844475231
0.0828758795946754 0.9951495903370956 -0.0529988814346123 21.6041978224661193 -0.9965434898924962 0.0824522526461026 -0.0101340409742623 -22.4708217943072093 -0.0057150095619890 0.0536555578248376 0.9985431486822249 0.5948779495410919
0.0554124468840351 0.9969480167813392 -0.0549919318271218 21.6636384326338849 -0.9984391883833366 0.0549422492209616 -0.0100267816853667 -23.5696062557639472 -0.0069747996923379 0.0554617082886614 0.9984364532021831 0.5853731464054429
0.0303936957974326 0.9977817000890650 -0.0592275461516713 21.7108844663992855 -0.9995053764871038 0.0298605220411094 -0.0098666912795207 -24.6265690115086251 -0.0080762385518313 0.0594981360280105 0.9981957454227334 0.5834939140528619
0.0074944210998418 0.9979364617677118 -0.0637703059967464 21.7241362519892434 -0.9999323827968694 0.0069118079991571 -0.0093518310698043 -25.7186648820823756 -0.0088917650977528 0.0638360805871038 0.9979207840949718 0.5719784645999049
-0.0132805179927864 0.9974903078661719 -0.0695464848492963 21.6943690676831515 -0.9998511103039132 -0.0140139149140335 -0.0100681384979907 -26.8419317982662271 -0.0110174890912481 0.0694024199998267 0.9975279038865489 0.5831324854210952
-0.0304840178310866 0.9967767996445501 -0.0742073874169064 21.6934517226894208 -0.9994558139594122 -0.0313334762825228 -0.0103096656969134 -27.9609581243235787 -0.0126016109923901 0.0738527247596283 0.9971895378743075 0.5718762805909068
-0.0463649415766396 0.9959619805700178 -0.0768766899108078 21.6301740110657263 -0.9988229575646567 -0.0473203925838710 -0.0106526939081456 -29.0784743643565307 -0.0142475132702908 0.0762922912538090 0.9969836982924329 0.5565731064969580
-0.0608647517888505 0.9949612811717768 -0.0796713936033406 21.5495841259236300 -0.9980165268733788 -0.0619483818353297 -0.0111986640088312 -30.2391415064660443 -0.0160777510019315 0.0788317636299036 0.9967582750926720 0.5526475037526998
-0.0739831729532079 0.9940376653175200 -0.0800975033934896 21.5011785360547556 -0.9970982956498591 -0.0751762761941646 -0.0119798292861399 -31.3610101216605557 -0.0179298335720690 0.0789787783374308 0.9967150413435151 0.5387060560511276
-0.0863339142036605 0.9930145397124337 -0.0804274777546746 21.3915433562004580 -0.9960875367298450 -0.0875657498178968 -0.0119104420698691 -32.5144677640270174 -0.0188699345453330 0.0790845331182605 0.9966893007310360 0.5220928962068183
-0.0983778434459699 0.9919112258983348 -0.0802117189429546 21.2998611612478435 -0.9949957162110227 -0.0994579152116357 -0.0095732869731143 -33.6671279205838587 -0.0174735411589862 0.0788685174110580 0.9967318758426194 0.5058388773075065
-0.1080962236214680 0.9908804768156991 -0.0804430674717901 21.1622750652548035 -0.9940278022559998 -0.1089475690504940 -0.0062574387807928 -34.8475680207119467 -0.0149644505707734 0.0792862400639684 0.9967395634545835 0.4933688804491744
-0.1183204732117293 0.9896769665750749 -0.0808688286653826 21.0307645709862818 -0.9928839694610758 -0.1190220913171571 -0.0038942220928390 -36.0494797543484111 -0.0134791990181332 0.0798325974101364 0.9967171452245520 0.4791420254762858
-0.1255070585179938 0.9888045974712314 -0.0807059247014559 20.8881711187288310 -0.9920091147785202 -0.1261366720817070 -0.0027305956289738 -37.2730665174550637 -0.0128800022708826 0.0797183038950786 0.9967342161105908 0.4615088953931453
-0.1315141264844444 0.9880115015604142 -0.0808536166127996 20.7377709900687606 -0.9912369913377929 -0.1320843105157863 -0.0017210227104843 -38.5022563274213354 -0.0123798844354145 0.0799187568716216 0.9967245009336634 0.4371736158611318
-0.1371175406236782 0.9872163166644756 -0.0812571483916360 20.5526678263233293 -0.9904863584369212 -0.1376101585585026 -0.0004669174136254 -39.7894660629226848 -0.0116427575634506 0.0804200744399694 0.9966930609888827 0.4288740587494799
-0.1416988970623279 0.9866443408445742 -0.0803390767353954 20.3781561116530732 -0.9898564113075756 -0.1420667745163484 0.0011474196307199 -41.0555868253795140 -0.0102814184141952 0.0796867382812031 0.9967669317235074 0.4084033319873200
-0.1451924453871256 0.9861437820533200 -0.0802470866765967 20.1766055751557545 -0.9893545668879552 -0.1455130432371929 0.0018695522988080 -42.3588144795349777 -0.0098333504185373 0.0796642665529876 0.9967732489659425 0.4013620598168631
-0.1484487702033230 0.9856458128070777 -0.0804070539256120 19.9825261449322085 -0.9888615681703841 -0.1488331178900102 0.0012255671125985 -43.7208248237180754 -0.0107592574432522 0.0796933793675082 0.9967613574292776 0.3862421866363935
-0.1506978592119821 0.9852333685121319 -0.0812733953958052 19.7988400119681955 -0.9884945049948286 -0.1512551207402606 -0.0007085512525611 -45.0581735844897935 -0.0129911055708877 0.0802315275941225 0.9966915938021950 0.3714885475342063
-0.1527504121000378 0.9848471393918166 -0.0821183513900783 19.5832419925672632 -0.9881675938460774 -0.1533725989786658 -0.0012854396069749 -46.4354473642394368 -0.0138606664963298 0.0809503422740452 0.9966217557378488 0.3475837796790575
-0.1550576005410669 0.9843708636291933 -0.0834933731044772 19.3796284391365994 -0.9878026889725667 -0.1557056288949952 -0.0012668026606210 -47.8194802963490559 -0.0142473917968803 0.0822785510830774 0.9965075272463604 0.3482853486894192
-0.1558878406260698 0.9841858136107821 -0.0841264847252300 19.1618971518896544 -0.9876754641028650 -0.1565134221949263 -0.0008522218158604 -49.2355498293585541 -0.0140056686427944 0.0829568138257253 0.9964547196364480 0.3006482784706828
-0.1569637331643481 0.9839261812972290 -0.0851566569856086 18.9427600616926064 -0.9875129152496215 -0.1575380639721928 -0.0000248009680515 -50.6827173267215940 -0.0134398171976442 0.0840894057402390 0.9963675743198126 0.3021116303280606
-0.1565462630485992 0.9839910874013589 -0.0851751574123031 18.7107044319501945 -0.9875882905788336 -0.1570635693688998 0.0006352075871850 -52.1281718857650702 -0.0127528756402944 0.0842174274826334 0.9963657907972907 0.2595542688915349
-0.1560816583773033 0.9841259473804236 -0.0844667722289311 18.4753087951678872 -0.9876765809529089 -0.1564995459855707 0.0016922007805821 -53.6131074227838553 -0.0115536728083461 0.0836899743033395 0.9964248596084624 0.2621523277863673
-0.1551510887229794 0.9842809751340182 -0.0843747690799811 18.2457539095716399 -0.9878239781651883 -0.1555667452466110 0.0016661138248651 -55.0749231663206658 -0.0114859840664846 0.0836059194232203 0.9964326983832990 0.2450422388889255
-0.1533398676609967 0.9845287110008308 -0.0847944703430059 18.0191016439406440 -0.9881029709722730 -0.1537886506248252 0.0012528745999588 -56.5843440730141367 -0.0118069361595545 0.0839777836932979 0.9963976756819969 0.2189393283667442
-0.1523874913028791 0.9846467206216261 -0.0851404020632573 17.7856114981616500 -0.9882530673664061 -0.1528193077544451 0.0014608279647053 -58.1260074273959617 -0.0115726978404026 0.0843628754045896 0.9963678928579365 0.2128255448779315
-0.1514755392557234 0.9848145979511498 -0.0848255189757368 17.5415910442036633 -0.9884042125846553 -0.1518279902975377 0.0023181689150052 -59.6812174284767281 -0.0105959214840181 0.0841930461767841 0.9963931239342122 0.1860670501828387
-0.1508429216917253 0.9848338443562902 -0.0857246288175950 17.2984513780601112 -0.9885060521209416 -0.1511536316584772 0.0028921543395728 -61.2647848261836643 -0.0101092974916412 0.0851755754125785 0.9963146709034058 0.1755292382693846
-0.1495503656543313 0.9850952198219599 -0.0849829160277558 17.0485504628673503 -0.9887046871177499 -0.1498488533079747 0.0028918564413879 -62.8903800747007153 -0.0098858385607045 0.0844554855898057 0.9963782119003515 0.1573608841365509
-0.1481521319270618 0.9851539524720042 -0.0867331293927253 16.8128897170103606 -0.9888974410547559 -0.1485931812827046 0.0013847568890144 -64.4919136562290873 -0.0115237528966441 0.0859753243964452 0.9962306192413999 0.1457288003767242
-0.1474390761616107 0.9850173266537000 -0.0894571685926208 16.5802932815913096 -0.9889830745606173 -0.1480286332130798 0.0000445162416864 -66.1477058885770646 -0.0131983731284991 0.0884781890697661 0.9959906691358588 0.1177969526979448
-0.1469603349920712 0.9849128183054277 -0.0913750528135472 16.3434256477464928 -0.9890604928881106 -0.1475085101925000 0.0007621211959438 -67.7975110882245389 -0.0127279749743001 0.0904874563597046 0.9958162575970549 0.1022084500889472
-0.1464892189784741 0.9850094451879934 -0.0910895252678286 16.0917374490446896 -0.9891451744727076 -0.1469293962898779 0.0018911169316951 -69.4418666051898583 -0.0115209609162590 0.0903777926060034 0.9958409120252252 0.1083522653657055
-0.1459572657361472 0.9850210110488163 -0.0918154909108198 15.8667731794748157 -0.9892268232864093 -0.1463741538200043 0.0022134100741347 -71.1119140914325669 -0.0112591593605498 0.0911494096845660 0.9957735768961983 0.0802816243861875
-0.1459610110118779 0.9849946716252128 -0.0920916941658153 15.6147611885593829 -0.9892183933711610 -0.1464393358488079 0.0015783321384841 -72.8121661959645223 -0.0119311977843718 0.0913291727001818 0.9957492800566469 0.0798361338829599
-0.1451144293492574 0.9850675785306364 -0.0926480875270936 15.3433453225195962 -0.9893390956263985 -0.1456247006634597 0.0012650777912486 -74.5164349261667383 -0.0122456628966969 0.0918439561673296 0.9956981126103203 0.0425734126158862
-0.1454063789500248 0.9849805223644157 -0.0931147438559815 15.1037427762345242 -0.9892914084883262 -0.1459505295993162 0.0009757053158010 -76.2518455272003450 -0.0126290954476537 0.0922594898772066 0.9956549063183346 0.0395305924776986
-0.1451584263248211 0.9849387833385190 -0.0939394716960851 14.8615873842192556 -0.9893289020276439 -0.1456948124410349 0.0011598450536511 -77.9708927829860841 -0.0125441173335668 0.0931053956729134 0.9955772347823708 0.0142087625537721
-0.1455404731585193 0.9848962588797707 -0.0937940825288339 14.6141341666081672 -0.9892796688626830 -0.1460230403684812 0.0017344902666046 -79.7330551754129857 -0.0119878041247903 0.0930410174394944 0.9955901072359494 0.0040601129028357
-0.1458082762726629 0.9848680448424464 -0.0936743338306298 14.3475705879626698 -0.9892507390005579 -0.1462051968180340 0.0026487374823026 -81.5176602295424289 -0.0110870175090092 0.0930536118139288 0.9955993689085674 -0.0193014648542152
-0.1470184521419400 0.9847348142152149 -0.0931821892977095 14.0992256739388075 -0.9890774892141535 -0.1473610542577264 0.0032311016507547 -83.3000360583398560 -0.0105496473691871 0.0926394373934637 0.9956438316887261 -0.0334587503560220
-0.1485093225026857 0.9846110825191542 -0.0921194730241802 13.8445165169478130 -0.9888593092886523 -0.1488083496550467 0.0036526026489399 -85.0843906355241728 -0.0101117537036358 0.0916356440114911 0.9957412621678566 -0.0338311528058844
-0.1499487782642119 0.9844456090043184 -0.0915543926263916 13.6035973125698018 -0.9886378873494811 -0.1502805595127557 0.0032986557395927 -86.8911177770782501 -0.0105114981912857 0.0910087707017868 0.9957946133923020 -0.0569640333518014
-0.1504136213442360 0.9844290238398886 -0.0909683435913653 13.3225962238461086 -0.9885615700125113 -0.1507932224682724 0.0027251333972440 -88.7103954006050373 -0.0110347092626606 0.0903377057450432 0.9958500560386642 -0.0626930826178994
-0.1505656429575597 0.9845590618426908 -0.0892941258102564 13.0524519851641116 -0.9885331670265521 -0.1509904226764034 0.0020174113255459 -90.5682889676408536 -0.0114962971965802 0.0885739578174208 0.9960032575987519 -0.0923325435305278
-0.1523940262286598 0.9843076472940310 -0.0889635669715868 12.7714512776669125 -0.9882594239438401 -0.1527611978419636 0.0027069207741361 -92.4212940134848822 -0.0109257382362721 0.0883316020027822 0.9960312024889655 -0.1017247069939209
-0.1552832868007699 0.9839578594310816 -0.0878295605371766 12.5051827800776802 -0.9878147421271495 -0.1555999024875685 0.0032719385893338 -94.2808890943743592 -0.0104468213645598 0.0872674120715340 0.9961301434620449 -0.1206965702177200
-0.1597475073525483 0.9832174151435445 -0.0881149729222806 12.2165093034063528 -0.9871047673551349 -0.1600274365648651 0.0039240044907077 -96.1885218841064074 -0.0102426636873698 0.0876055597831826 0.9961025819340409 -0.1326234650177907
-0.1635194572212677 0.9827505291134379 -0.0863874101783368 11.8946271366297900 -0.9864837802471457 -0.1638177673810777 0.0036729279301989 -98.0899888760529421 -0.0105422207984501 0.0858203741400454 0.9962548494050603 -0.1473511456888169
-0.1685724801245918 0.9820376993597756 -0.0847660072246148 11.5963600293372640 -0.9856234823866009 -0.1689302676246243 0.0029859083011725 -99.9748433819355000 -0.0113872697673423 0.0840507091964859 0.9963964112595014 -0.1701564937030548
-0.1736791815758094 0.9812657423606003 -0.0833851590911553 11.2663673255094228 -0.9847410601435155 -0.1739888671285481 0.0035942430009461 -101.9044328338255667 -0.0109811818390561 0.0827370351464489 0.9965109114608796 -0.1851560251847181
-0.1778897431844200 0.9805104877827808 -0.0833931808828152 10.9241853188806317 -0.9839982215500493 -0.1781133141343709 0.0048111655979185 -103.8195497284194602 -0.0101360374960265 0.0829145986907232 0.9965051078985172 -0.1873514398947578
-0.1829810798717957 0.9796216910434231 -0.0828206909303201 10.5963485830190525 -0.9830772147058183 -0.1830758347233792 0.0065137290846641 -105.7389950937803604 -0.0087814768235180 0.0826110233416947 0.9965431774324863 -0.1886373754794137
-0.1883757053361577 0.9787071080445896 -0.0815290764212472 10.2542471129387884 -0.9820598272452011 -0.1884410255435482 0.0069624423316707 -107.6879224873018757 -0.0085492309730815 0.0813779856908016 0.9966466445509545 -0.2043275261734438
-0.1931804468540645 0.9778701588218611 -0.0803197823638284 9.8781961229550053 -0.9811224998850990 -0.1932701200529556 0.0067305953622686 -109.6245233898039970 -0.0089417656242170 0.0801037650827033 0.9967464229417112 -0.2060626535004318
-0.1988804252912968 0.9769034729598599 -0.0781420562496117 9.5004838484107648 -0.9799770396176256 -0.1990163479733771 0.0061233211262173 -111.5776240198920277 -0.0095696529836777 0.0777952296629057 0.9969234293482463 -0.2195918238554308
-0.2038427035034898 0.9759017130544001 -0.0778716808979754 9.0902010418046419 -0.9789484864513713 -0.2040297865850897 0.0056309022911499 -113.5528239643063984 -0.0103929352426610 0.0773801824986892 0.9969474882126498 -0.2296278594199071
-0.2095741935805062 0.9746904020906972 -0.0778285131385381 8.6908518860758051 -0.9777295584237622 -0.2098006496766074 0.0053477078967402 -115.5226806569859974 -0.0111161130596923 0.0772159793536843 0.9969524184046576 -0.2529657230745523
-0.2150996865799160 0.9734488639741874 -0.0782907022614162 8.2660012682648318 -0.9765372181753387 -0.2152451958635826 0.0066758651887848 -117.4978162428685664 -0.0103530841584886 0.0778897611051145 0.9969082198293860 -0.2558891214549242
-0.2210174216816749 0.9722210124653801 -0.0770558384158953 7.8368278116395782 -0.9752213909553873 -0.2211032333054030 0.0075232203833724 -119.4746539596769850 -0.0097230620806906 0.0768092646930589 0.9969983946431843 -0.2653046519264513
-0.2265215238356342 0.9708670565718865 -0.0781355085900336 7.3843619135594158 -0.9739516805448959 -0.2266273010709288 0.0076282614716246 -121.4624543510202699 -0.0103016116678468 0.0778281753142624 0.9969135629152095 -0.2719042510155302
-0.2328638355727406 0.9694051708222401 -0.0776405104662192 6.9346580635007866 -0.9724506991957537 -0.2329833309794249 0.0076423242159233 -123.4613000068366802 -0.0106804361353466 0.0772811896184004 0.9969521282464487 -0.2908438493157753
-0.2378908163534017 0.9682344703052967 -0.0770062984913166 6.4673694977899263 -0.9712373606087557 -0.2379688522229295 0.0082954643896374 -125.4648123306839977 -0.0102931458966779 0.0767648088926378 0.9969960959117274 -0.2993515438385783
-0.2436063250370091 0.9669391735036433 -0.0753962409278742 5.9668315785064809 -0.9698217558762995 -0.2436643870087478 0.0085690333563484 -127.5082595402772796 -0.0100856447971417 0.0752083854882031 0.9971168329344781 -0.3084172893091001
-0.2476578671433221 0.9658144467001549 -0.0766031029873757 5.4663499647596279 -0.9687835473301661 -0.2477750557952649 0.0081215853152756 -129.4848045712768396 -0.0111363936891864 0.0762232003456116 0.9970285875864705 -0.3204588975506875
-0.2512966504724030 0.9646570451994105 -0.0792892086509476 4.9438216818329526 -0.9678298741700169 -0.2514860961590828 0.0077510065613406 -131.5298598705931568 -0.0124630704643857 0.0786862668183413 0.9968215202777239 -0.3351402248118174
-0.2551466834402980 0.9635947028231019 -0.0799088144116448 4.4207555837602852 -0.9668213173319523 -0.2553225320597290 0.0081819909018183 -133.5300934440638514 -0.0125183977379331 0.0793451530584386 0.9967685972201411 -0.3472342336755125
-0.2582154922791535 0.9627562714721903 -0.0801568542795962 3.8938791828597874 -0.9660081960406431 -0.2583661360924667 0.0086663084961989 -135.5894240745062405 -0.0123662738663180 0.0796699533175145 0.9967445880510455 -0.3645011207573509
-0.2616136093978849 0.9619047781353700 -0.0793568974831818 3.3577164935695136 -0.9650916187380296 -0.2617715775603018 0.0085911945153851 -137.5862714506286011 -0.0125094691902243 0.0788342500562810 0.9968092466458377 -0.3824547257005932
-0.2655390118592438 0.9609324718307798 -0.0780885251621808 2.7858574130997926 -0.9640225547695732 -0.2656726475507662 0.0088633085759195 -139.6924161651430438 -0.0122289442047139 0.0776326537260868 0.9969070287640084 -0.3964987373018661
-0.2700072442401329 0.9598131090630320 -0.0765172119761685 2.2516980759260030 -0.9627888646922658 -0.2700881972878151 0.0094851310163197 -141.7260915325425970 -0.0115624427534890 0.0762309737349258 0.9970231434430182 -0.4101196161775709
-0.2744178524587011 0.9586017045898753 -0.0760106190564199 1.6815486709962550 -0.9615370826034256 -0.2745153631191088 0.0093677206446905 -143.8361976577523365 -0.0118861697130593 0.0756576986761393 0.9970630028240858 -0.4302166992772085
-0.2790732930785662 0.9572205922813781 -0.0764645983627231 1.0909219719370058 -0.9601947039504095 -0.2791612351924950 0.0097537311520375 -145.8877947279290765 -0.0120094794171291 0.0761429082599840 0.9970245884259030 -0.4352500160968557
-0.2836802160779064 0.9559058531621806 -0.0759574545141967 0.5218911410903323 -0.9588478508747441 -0.2837323934711633 0.0103309132224411 -147.9644200341364240 -0.0116762099534480 0.0757623177140778 0.9970575396313465 -0.4541776283898851
-0.2884486926470107 0.9545645114603136 -0.0748595028754754 -0.0954490052569823 -0.9574215925314731 -0.2885140378392490 0.0101756633292693 -150.0755483797371994 -0.0118846903505537 0.0746072612432959 0.9971421717614024 -0.4603944165248386
-0.2923673246583394 0.9533593754012716 -0.0750149905460411 -0.7314516706690569 -0.9562217183647163 -0.2924827241458636 0.0096892416547483 -152.1460933964701212 -0.0127032594145994 0.0745637808236153 0.9971353317326256 -0.4769078828575813
-0.2962646182966093 0.9521014241233851 -0.0756977815248618 -1.3530819079371723 -0.9550166388372786 -0.2963885784852989 0.0098503851401983 -154.2054980591784101 -0.0130573921404979 0.0752109614729476 0.9970821509709238 -0.4961894888549963
-0.3008661020683541 0.9505828836674863 -0.0766274748677104 -1.9910690418910448 -0.9535764164431779 -0.3009687304586459 0.0104805195242687 -156.3559515907988668 -0.0130998713574739 0.0762233859423590 0.9970047085174171 -0.5096475763011360
-0.3042284132330511 0.9495107130021444 -0.0766451464599020 -2.6516874093289942 -0.9525161708413304 -0.3042774120325646 0.0113225797649966 -158.4657112404549366 -0.0125704760239903 0.0764503918951683 0.9969941427669500 -0.5316686880225714
-0.3079181374199467 0.9483524120712739 -0.0762503978116079 -3.3234065277315650 -0.9513447342866945 -0.3078647075904617 0.0127482691067782 -160.5690069155184290 -0.0113849546687802 0.0764658377240263 0.9970072008106826 -0.5395082744029458
-0.3117464961552048 0.9470681168135084 -0.0766557515798240 -4.0010985597948459 -0.9501053878679517 -0.3116167817463611 0.0139546866080842 -162.7101157434837830 -0.0106711798430123 0.0771813672420723 0.9969599603150582 -0.5541511095318231
-0.3148209292581092 0.9460970242463806 -0.0760802419370775 -4.6861541417253711 -0.9490976445692578 -0.3146408455629817 0.0146560354973197 -164.8111032153957183 -0.0100719200824547 0.0768216051352455 0.9969939806289189 -0.5639409158865132
-0.3184955679342867 0.9449038670027442 -0.0756125342087973 -5.3939807751431408 -0.9478679126948802 -0.3183322176132308 0.0145265038083353 -166.9572757440371618 -0.0103437560715166 0.0762973220545982 0.9970314565537187 -0.5762854739566505
-0.3219390472547770 0.9437093768514021 -0.0759464409661488 -6.0960173427779765 -0.9467041890886588 -0.3217566071478872 0.0149620893816678 -169.0626162205764444 -0.0103164051234567 0.0767156946095025 0.9969996359005906 -0.5883316273350215
-0.3258554160830394 0.9422787940328975 -0.0769994943181949 -6.8198774173881755 -0.9453586102707131 -0.3256771292454765 0.0152153039224107 -171.1773160533907117 -0.0107399160320499 0.0777501241306634 0.9969150276735179 -0.6020617452970730
-0.3297699354313439 0.9407150575813964 -0.0794164348560031 -7.5363983569866262 -0.9439921502220449 -0.3295953244698360 0.0156761732187524 -173.3356398635941957 -0.0114284734224673 0.0801380217328459 0.9967182588214073 -0.6091636379847476
-0.3321138579754879 0.9397570925693172 -0.0809752573710129 -8.2762116615410317 -0.9431617535795561 -0.3319613951532026 0.0157333630440682 -175.4756839811175553 -0.0120951198991400 0.0815980336380949 0.9965919270097575 -0.6246012458206370
-0.3345969460022729 0.9388841278369636 -0.0808794054242297 -9.0351664000338392 -0.9422740358244875 -0.3344996447172819 0.0151535175799305 -177.6348099824465692 -0.0128267352426547 0.0812808844676103 0.9966086958697370 -0.6387846036270304
-0.3373382049601807 0.9380261541211473 -0.0794346880080307 -9.8076678397703869 -0.9413015523265355 -0.3372193528048482 0.0153132518275655 -179.8245145257449167 -0.0124226833614232 0.0799377400141474 0.9967224461501468 -0.6585031900223622
-0.3405210544757435 0.9369932938430117 -0.0780319085499752 -10.5732840721388577 -0.9401781698586107 -0.3402526609136913 0.0171212050529846 -181.9671022578848181 -0.0105081102031452 0.0791940277696280 0.9968038350576215 -0.6758603038387720
-0.3438775342182296 0.9358712986142458 -0.0767668801637513 -11.3426732327402462 -0.9389693884227689 -0.3435113828418919 0.0183416864825136 -184.1451402862811051 -0.0092048392143427 0.0783890444394922 0.9968803482098046 -0.6752672002982191
-0.3473722054006425 0.9347063840423380 -0.0752098832972894 -12.1221988289728966 -0.9376942195466955 -0.3469149167696950 0.0194830991217956 -186.3280155531249136 -0.0078804532742656 0.0772917599306273 0.9969773730145627 -0.6968013100836482
-0.3503232850265503 0.9337517291619801 -0.0733573735572534 -12.9285294018683903 -0.9366047124752341 -0.3498004065364153 0.0202802405346350 -188.5070458499011181 -0.0067237294257346 0.0758115022537516 0.9970994973364689 -0.7017740441777207
-0.3544849333248625 0.9321337749402158 -0.0739395541058460 -13.7329760977445812 -0.9350356720121410 -0.3539553849133761 0.0205882868551037 -190.6836588474507721 -0.0069802657880583 0.0764343581547424 0.9970501816774322 -0.7026985171317638
-0.3580430000682975 0.9307847141838835 -0.0737904190509840 -14.5503637198886384 -0.9336723137739490 -0.3575728646507599 0.0199413379052209 -192.8583061369595555 -0.0078243590212851 0.0760359277386425 0.9970743789200633 -0.7148926567871623
-0.3615119728661986 0.9294036924616828 -0.0742823660970702 -15.4038159569502415 -0.9323257418709722 -0.3611004121042820 0.0193701683745796 -195.0569905790096925 -0.0088206869987944 0.0762579098632269 0.9970491094545751 -0.7155317704291970
-0.3658166126766191 0.9277004463767194 -0.0744989106110983 -16.2392188009220710 -0.9306390007849256 -0.3654365171771932 0.0191625189220725 -197.2579865297790320 -0.0094475450695058 0.0763415594931021 0.9970369653058611 -0.7217152487291387
-0.3692773083224159 0.9264565890283317 -0.0728866119677739 -17.1063762528663510 -0.9292762615470004 -0.3688771407486457 0.0193722677643975 -199.4640693035580910 -0.0089386399067812 0.0748855371823775 0.9971520731751620 -0.7373723443680390
-0.3727986240899508 0.9251163501417873 -0.0719786397271935 -17.9592086476266353 -0.9278759788373804 -0.3723468686221687 0.0200991871437223 -201.6660276115323995 -0.0082069344588866 0.0742802001047589 0.9972036392328222 -0.7440195254489393
-0.3764964456761517 0.9236690994422349 -0.0713149432362953 -18.8448799335379462 -0.9263815308541986 -0.3760480845701684 0.0201270311605983 -203.8736701654330830 -0.0082271310586835 0.0736426019819979 0.9972507615880092 -0.7526399332740876
-0.3790604206803860 0.9225208526908351 -0.0725842532797855 -19.7231064469739685 -0.9253344597848734 -0.3785830434341495 0.0207609431089716 -206.0578398697989542 -0.0083267645725019 0.0750343626261471 0.9971461825715636 -0.7449496188916862
-0.3819813543157335 0.9212379354791572 -0.0735588960576415 -20.6420922670747267 -0.9241275861231634 -0.3815147904965206 0.0208487217491138 -208.2801406906907857 -0.0088571734370534 0.0759416280211113 0.9970729259247837 -0.7541612174270504
-0.3841047375821525 0.9202226655893757 -0.0751917302802012 -21.5508068524062537 -0.9232389047929093 -0.3836606702896148 0.0208426185906100 -210.4851131076740955 -0.0096682596022241 0.0774256792576479 0.9969512470265313 -0.7627269161908505
-0.3866868137797526 0.9190684376076660 -0.0760691464541777 -22.4472346955257187 -0.9221556661966551 -0.3862502953411322 0.0209675141657648 -212.6894089830295513 -0.0101111497994279 0.0782554556711046 0.9968820633893667 -0.7681581716726108
-0.3896991165755672 0.9178208548339937 -0.0757593358736646 -23.3755185256045159 -0.9208913205677356 -0.3892218197353281 0.0215766249661761 -214.9006929484484374 -0.0096837101997995 0.0781745065460347 0.9968926583554772 -0.7696070891045212
-0.3926700069441882 0.9165962540443751 -0.0752434230897997 -24.2837247245609902 -0.9196316945230825 -0.3921669122076157 0.0219695106488112 -217.0587297119041921 -0.0093708097331696 0.0778230045768188 0.9969231504401838 -0.7817995488654625
-0.3950799037664996 0.9156380772879334 -0.0742884988427542 -25.2181162359695605 -0.9186094750418575 -0.3944985634100462 0.0229677127884469 -219.2885942821700382 -0.0082765936940404 0.0773162006817863 0.9969722679738677 -0.7810209670513691
-0.3984064429540570 0.9142680359378937 -0.0733911757295247 -26.1836530021554559 -0.9171796662652582 -0.3977559789280318 0.0239090153823333 -221.5191369970239066 -0.0073325304121616 0.0768383998354296 0.9970165968069366 -0.7763782582197420
-0.4005725393145998 0.9134529644649522 -0.0717309030839870 -27.1224249518539615 -0.9162425404208258 -0.3998820801447627 0.0243706606863443 -223.7215043796404927 -0.0064224504859764 0.0754851223042557 0.9971262449862940 -0.7830669702385052
-0.4035394449935961 0.9121501172347195 -0.0716804015261341 -28.0784410685569412 -0.9149416864851285 -0.4028153486694122 0.0249300061790717 -225.9193628975900481 -0.0061340578746106 0.0756436283174418 0.9971160488272985 -0.7781508878168145
-0.4066558752882947 0.9106169411305925 -0.0735376476335299 -29.0459717250705012 -0.9135527446134523 -0.4059612859107511 0.0248358038105725 -228.1284129271788572 -0.0072375342996564 0.0772801453651049 0.9969831479165581 -0.7665841673254751
-0.4084999930111073 0.9097315814256800 -0.0742711617430171 -30.0056398229424452 -0.9127187902630677 -0.4078850677512351 0.0239620826785430 -230.3211063237421001 -0.0084950344701096 0.0775771955042356 0.9969501557886680 -0.7716102587256078
-0.4122121003705568 0.9080917056686786 -0.0738284389909787 -30.9790151738272677 -0.9110419646841423 -0.4116495921384060 0.0233912777920032 -232.5356134189962916 -0.0091500214509415 0.0769029738568973 0.9969965946378215 -0.7762984698053755
-0.4146653808898300 0.9070902484750258 -0.0723871743681721 -31.9696105104257242 -0.9099309117292047 -0.4141055714960618 0.0232875832919225 -234.7255747937988133 -0.0088519924960642 0.0755238821660804 0.9971047013485663 -0.7734781224545582
-0.4179611046578149 0.9056778152655086 -0.0711070315026208 -32.9615954837352731 -0.9084204388335843 -0.4174329935389856 0.0228473677801094 -236.8954468639881838 -0.0089900668861529 0.0741443918376622 0.9972069934855079 -0.7845260266498524
-0.4216915850918170 0.9040031414498706 -0.0703884032459633 -33.9545709955087389 -0.9066891511463129 -0.4212124655281377 0.0222450461291111 -239.1259477569334138 -0.0095388812934072 0.0732009503522523 0.9972715932037759 -0.7853815173212311
-0.4250479590138880 0.9024798114114535 -0.0697454122711694 -34.9644649386311528 -0.9051202364207079 -0.4245752942004362 0.0222075927631741 -241.3255188019445256 -0.0095702748053508 0.0725672760227394 0.9973176025172671 -0.7866380143350387
-0.4283735231554009 0.9009585346166699 -0.0690640540426948 -35.9741952361397992 -0.9035469145398535 -0.4279365590567727 0.0217548764225468 -243.4809437056016463 -0.0099547920591173 0.0717218259948273 0.9973749955713886 -0.7935850851445186
-0.4327720442288530 0.8989005669445322 -0.0684553027951740 -37.0066506630476724 -0.9014428518005559 -0.4323735417794377 0.0213050535504228 -245.6945034729837118 -0.0104471370078745 0.0709287749499738 0.9974266720979716 -0.7919312059423999
-0.4363140898614655 0.8972368996883132 -0.0677935161063760 -38.0359243131186915 -0.8997323492700381 -0.4359289430077249 0.0211578903765616 -247.8454476185659132 -0.0105695158536183 0.0702275051947039 0.9974750036210170 -0.8017932354284916
-0.4400964015863014 0.8954130515061990 -0.0674583167826341 -39.0853853131921980 -0.8978898209614435 -0.4396966498390644 0.0214645180269745 -250.0127400049729829 -0.0104415863074635 0.0700165931237754 0.9974911778871648 -0.8068305118188596
-0.4441842124390338 0.8933852104820821 -0.0675518401807192 -40.1166256675899362 -0.8958729205650868 -0.4437799202661348 0.0217046669351326 -252.2064607940858139 -0.0105875218109433 0.0701587347410803 0.9974796520839077 -0.8019664055215234
-0.4472095793112543 0.8919007223143283 -0.0672063516896378 -41.1962563239550548 -0.8943684681395212 -0.4467906723079071 0.0219804080129399 -254.3649916999785034 -0.0104228292712702 0.0699370908304638 0.9974969513518090 -0.8161275532535032
-0.4516151964188546 0.8897505690909761 -0.0662392569843896 -42.2561177423975494 -0.8921518843067618 -0.4512057764255200 0.0218715031065166 -256.5449182606861314 -0.0104273530415929 0.0689729811051281 0.9975640321232606 -0.8155879729304778
-0.4546032711407924 0.8882249308922461 -0.0662747162163332 -43.3514769091433507 -0.8906354923239996 -0.4541663679992958 0.0223903995300374 -258.6684455672934746 -0.0102120360789388 0.0692053633744715 0.9975501651542793 -0.8306707028652863
-0.4581914988878941 0.8863690723977583 -0.0664109768306631 -44.4429394993847708 -0.8887960139188854 -0.4577310177584217 0.0228901949257851 -260.8244804582424194 -0.0101092031716583 0.0695139042104344 0.9975297595223196 -0.8425184778962825
-0.4622996117597105 0.8841873476826844 -0.0670209158746780 -45.5525229393997293 -0.8866678128108209 -0.4617973411428349 0.0237361630994391 -262.9970013428525135 -0.0099628656568273 0.0703985078767146 0.9974691932068058 -0.8418155805945299
-0.4649457044759018 0.8826804463078634 -0.0685618085756115 -46.6745971178191184 -0.8852910151074148 -0.4643321178051900 0.0256027917350940 -265.1501225164230959 -0.0092363661410076 0.0726010611513264 0.9973182919510755 -0.8474746409455096
-0.4680351190929570 0.8809882270905681 -0.0693027490324844 -47.7906420558832039 -0.8836634863149003 -0.4673726326042915 0.0264889646141639 -267.2657711260438873 -0.0090537422891297 0.0736380745290911 0.9972439339149725 -0.8690794946974136
-0.4712820929998407 0.8791709177822711 -0.0703682182776294 -48.9195148871689938 -0.8819443969097576 -0.4705013453368689 0.0283295745763993 -269.4588493162338523 -0.0082018032878688 0.0754120770306386 0.9971187236536841 -0.8708099454465944
-0.4735905712348045 0.8778728859869795 -0.0710715617274798 -50.0749374812057439 -0.8807186320166591 -0.4726577865055990 0.0304845546848259 -271.6132707564486282 -0.0068309630504106 0.0770312462869389 0.9970052783407342 -0.8696088661723962
