1.0000000000000000 0.0000000000000000 0.0000000000000000 0.0000000000000000 0.0000000000000000 1.0000000000000000 0.0000000000000000 0.0000000000000000 0.0000000000000000 0.0000000000000000 1.0000000000000000 0.0000000000000000
0.9999824970190110 -0.0059089734815821 0.0002994795781350 0.0787100161343590 0.0059089334988577 0.9999825330928349 0.0001342167774459 0.0098544491599879 -0.0003002674305318 -0.0001324448233407 0.9999999461489180 0.0051116620111695
0.9999175760535348 -0.0128380659392237 0.0001586258601608 0.1481613070195488 0.0128380117651353 0.9999175322228554 0.0003379456660090 0.0195841648874688 -0.0001629513473828 -0.0003358813705345 0.9999999303152792 0.0088251217545667
0.9997863790932064 -0.0206685677566960 -0.0000805393203853 0.1831143581210431 0.0206686109208625 0.9997862143008099 0.0005781147437426 0.0224263358120769 0.0000685732984782 -0.0005796558822237 0.9999998296483660 0.0089594250157430
0.9995526685400689 -0.0299003217480128 -0.0006584632051051 0.2759540709693302 0.0299007678648127 0.9995526418482965 0.0006784210975623 0.0470891252400601 0.0006378836271249 -0.0006978061739056 0.9999995530854111 0.0103123332110504
0.9991557544180983 -0.0410608242399396 -0.0013368342969426 0.4698230243930555 0.0410618502719864 0.9991563255947892 0.0007493171295436 0.0573541909660797 0.0013049388651061 -0.0008035774116070 0.9999988256982615 0.0089149500125699
0.9984955979597088 -0.0547914755284538 -0.0021059592822323 0.6063703977666248 0.0547928871532986 0.9984975498031141 0.0006185099704316 0.0697150612753358 0.0020689061093851 -0.0007329710720709 0.9999975911875578 0.0076344729136782
0.9974781846743255 -0.0709481078084360 -0.0019071175146610 0.7406195009228032 0.0709491966647082 0.9974798002990847 0.0005093995785327 0.0834363689268228 0.0018661702614556 -0.0006434234224791 0.9999980517055294 0.0122598974642910
0.9960120410093445 -0.0892007029471343 -0.0018024311739663 0.8794882441026185 0.0892010154721086 0.9960136395047152 0.0000935912167792 0.1030452257311500 0.0017868976312126 -0.0002539966698812 0.9999983712399472 0.0183214383092647
0.9940108002833795 -0.1092649319471454 -0.0019244652714469 1.0494679832256826 0.1092646508505811 0.9940126624519027 -0.0002509178756939 0.1365315710685562 0.0019403593728792 0.0000391390524651 0.9999981167350460 0.0234919278255862
0.9913472247981788 -0.1312492406378392 -0.0020776710373871 1.2360555678624523 0.1312489520594492 0.9913494019930441 -0.0002752295953442 0.1649912977660012 0.0020958216158420 0.0000001559491455 0.9999978037634534 0.0189000700990603
0.9878715286032587 -0.1552442325273402 -0.0030118502715315 1.4022274246482063 0.1552463209037503 0.9878756794156557 0.0004710253776534 0.2187759925438365 0.0029022096600327 -0.0009328912336016 0.9999953534357224 0.0168602133421015
0.9834936556486455 -0.1807718540424513 -0.0078591402149369 1.5838313265491650 0.1808101594131350 0.9835078731226234 0.0044665152871609 0.2976434871933347 0.0069221060277961 -0.0058138018428933 0.9999591412434168 0.0215206385483490
0.9781783544403944 -0.2075765526759424 -0.0088927882834304 1.7632886038586360 0.2076514785328471 0.9781656015637165 0.0085392845493798 0.3507198203646689 0.0069260643517613 -0.0101995439439445 0.9999239965797054 0.0373481812999270
0.9715524457627296 -0.2365812335656425 -0.0107314983584496 1.9626714438372057 0.2366824883744881 0.9715414996952574 0.0094081914707662 0.4207811001431953 0.0082002944653697 -0.0116805091690916 0.9998981552519396 0.0322238717881115
0.9633854722326113 -0.2678539013044217 -0.0119465244799401 2.1523423894024289 0.2679714915710986 0.9633786575893575 0.0096354453186202 0.4841873214158612 0.0089281350969452 -0.0124839760224306 0.9998822124362260 0.0376729037456249
0.9541247062577175 -0.2991738718973885 -0.0118759960655588 2.3608550048886974 0.2992945882140428 0.9541067650409616 0.0101503876210620 0.6028220593314779 0.0082942374218970 -0.0132391569594208 0.9998779577271383 0.0429687992655867
0.9430048917820588 -0.3325514085526259 -0.0123018187587034 2.5632555964479677 0.3327080530898456 0.9429223888343098 0.0142379789353435 0.6941964267586281 0.0068648003810722 -0.0175193979537912 0.9998229569334086 0.0625507300002976
0.9303759973740042 -0.3663604145284080 -0.0134368961036394 2.7282737721937393 0.3665411752585707 0.9302777463819643 0.0151947828730657 0.7613384054912388 0.0069332784736167 -0.0190620369600652 0.9997942630344206 0.0517579648119631
0.9167571617652406 -0.3991842667385320 -0.0144300914952433 2.9388314714451460 0.3993928257673484 0.9166229559384305 0.0169625284750429 0.9122546804107966 0.0064557786294905 -0.0213137944795090 0.9997519917895499 0.0558522165733690
0.9008077185821072 -0.4339035116616419 -0.0165286633033259 3.1364563564416899 0.4341594669874498 0.9006591991892283 0.0178483652190206 1.0382293901205948 0.0071422243084893 -0.0232540208031532 0.9997040757886374 0.0396532579506872
0.8824389864280046 -0.4701246997534984 -0.0168582891658393 3.3149630709101907 0.4703500971674766 0.8823756507497830 0.0135645515385646 1.1341935342861711 0.0084983131538769 -0.0198991870582713 0.9997658731062781 0.0362639776918716
0.8614077303391957 -0.5076818389885043 -0.0153581402886520 3.5329521620713016 0.5078490810538434 0.8613874083557502 0.0100520445149604 1.3003084287665971 0.0081260682154566 -0.0164585262831885 0.9998315277725259 0.0598962236726466
0.8366844998665480 -0.5475006469954655 -0.0142158088975331 3.7070639651513759 0.5476525851004710 0.8366359830156128 0.0108110108810716 1.4222732604880999 0.0059744217992880 -0.0168307297241095 0.9998405036910228 0.0790817951333023
0.8082052062616322 -0.5887226058678277 -0.0144926847680840 3.9032834631938371 0.5888945624008066 0.8080663886419169 0.0152284576360489 1.6265340916324924 0.0027457141794289 -0.0208423819993031 0.9997790036634296 0.0647803437821299
0.7762058594723195 -0.6302718669501095 -0.0161813921546136 4.0822549053742216 0.6304769233183520 0.7760210322231447 0.0170354545096380 1.8382311665677691 0.0018201329244975 -0.0234250139498037 0.9997239398141813 0.0777425054868940
0.7406029953551523 -0.6717227505303252 -0.0171973745365636 4.2404412133338667 0.6719410188383754 0.7404182394337546 0.0166161943977916 1.9838156718797437 0.0015717739730142 -0.0238616247098516 0.9997140353084896 0.0651256061070453
0.7012488972962372 -0.7127664665575564 -0.0146269679656253 4.4278397606388751 0.7129163309139570 0.7011165621797548 0.0136334644688551 2.2349301335003662 0.0005377331987688 -0.0199882562595617 0.9998000702414004 0.0825724604865266
0.6591442969512282 -0.7519224469118622 -0.0118924188771318 4.5979436480653595 0.7520163675764835 0.6590706563499167 0.0098616852292895 2.4669368303728851 0.0004227218266575 -0.0154435672228930 0.9998806516468299 0.0918748714119537
0.6147098840110334 -0.7886983299074272 -0.0093114392215736 4.7441191010780290 0.7887520978519570 0.6146455583679513 0.0089980949476132 2.6821676897295581 -0.0013735476979777 -0.0128756351216047 0.9999161621790782 0.0903508042341293
0.5673112937018743 -0.8234745117760959 -0.0069010501683593 4.9031035352161965 0.8234964980009502 0.5672522198008568 0.0088564615491491 2.9865551775145054 -0.0033784343232905 -0.0107073613052414 0.9999369673111412 0.0880040138254778
0.5166524342233088 -0.8561743185702770 -0.0059831790756636 5.0569586151960495 0.8561817456623677 0.5165924746650454 0.0092213618292144 3.2534660738498613 -0.0048042278953564 -0.0098869277415297 0.9999395822019265 0.0895376070521582
0.4643894101989989 -0.8856148215712236 -0.0053724769330179 5.1289801578959899 0.8856119934193003 0.4643309726579050 0.0093885538000798 3.5362785810039878 -0.0058200349585792 -0.0091178749680898 0.9999414940631013 0.0824365333701887
0.4099582003655922 -0.9120952739416803 -0.0040601978100063 5.2823576624117221 0.9120706248388748 0.4099007405616101 0.0104191263102164 3.8995939745130417 -0.0078389577770016 -0.0079745934250600 0.9999374763457340 0.0751887635593851
0.3551325207255301 -0.9348067281343218 -0.0041561710666763 5.3519962067549205 0.9347577471474262 0.3550572743107948 0.0127391564421522 4.2004492121897163 -0.0104329703823761 -0.0084091018422640 0.9999102160370235 0.0822557202897963
0.2999559372146215 -0.9539486901411659 -0.0028865736872531 5.4628796283716934 0.9538592008208960 0.2998826071414342 0.0149347562208995 4.5957343529108199 -0.0133813578914654 -0.0072331536697457 0.9998843036816661 0.0802843050398139
0.2462734312838012 -0.9692003899879497 0.0000330289152107 5.5322788761732982 0.9690770672294052 0.2462426383571099 0.0159436766457547 4.9751771450050013 -0.0154607507501308 -0.0038944963905432 0.9998728909636996 0.0757766984201592
0.1959730665591134 -0.9806083326413079 0.0013620344532242 5.5681487767278410 0.9804689980935851 0.1959683359391916 0.0166419676296420 5.3225700204665456 -0.0165861677544640 -0.0019259448742368 0.9998605851695336 0.0886342623700569
0.1481350900596849 -0.9889666562159735 -0.0009736457291779 5.6078901616669219 0.9888289249061201 0.1480978572173546 0.0168636282168161 5.7731768458717125 -0.0165333711630739 -0.0034608641442536 0.9998573248505804 0.0847806841520029
0.1057479165217369 -0.9943851301050215 -0.0039485664907107 5.6248327091655090 0.9942635890240923 0.1056692712826302 0.0165505482546396 6.1713592516179148 -0.0160403769358148 -0.0056761018857749 0.9998552336089156 0.0655594542682153
0.0672650930840661 -0.9977196256718451 -0.0055637938158674 5.6337947124242591 0.9976229254677978 0.0671728500254593 0.0153722737592742 6.6475012169157761 -0.0149634833332623 -0.0065845856886166 0.9998663597690666 0.0610106051150675
0.0325339905359108 -0.9994535218892554 -0.0058478237809486 5.6443869233221999 0.9993820451397909 0.0324526526963184 0.0135038211325932 7.1193531718208423 -0.0133066641957404 -0.0062835432787479 0.9998917190235380 0.0593335168997737
0.0010637098308588 -0.9999779221377609 -0.0065592498383719 5.6300085057028575 0.9999515363678035 0.0009994378454374 0.0097941839712424 7.5553124900225423 -0.0097874121740718 -0.0065693501230757 0.9999305226873991 0.0684326311385557
-0.0254913880912413 -0.9996500473879952 -0.0070690798807853 5.5985039209984233 0.9996404310051736 -0.0255487107451196 0.0081407664905100 8.0683260749538999 -0.0083185234851212 -0.0068590186208684 0.9999418763261123 0.0518491383649443
-0.0466916801413702 -0.9988781756767388 -0.0078915880712489 5.5632259364945460 0.9988879628560786 -0.0467409187909429 0.0061744774525516 8.5641439670233694 -0.0065364108507317 -0.0075945156059345 0.9999497980728341 0.0557791974987428
-0.0630667979798396 -0.9979773417767238 -0.0079877589369398 5.5336390987740369 0.9979939969142916 -0.0631081447785582 0.0050343009093435 9.1126869374717128 -0.0055282108866593 -0.0076542382294451 0.9999554247672841 0.0463989334735070
-0.0763638091043648 -0.9970455265415749 -0.0082937725135190 5.4818250541645490 0.9970657081445419 -0.0764046404646894 0.0047227701283318 9.6608947916657186 -0.0053424995363287 -0.0079087874478579 0.9999544533526559 0.0540812658926983
-0.0858190057798800 -0.9962784586643244 -0.0080206638373040 5.4241908903014719 0.9962902447132286 -0.0858661006060282 0.0057237274542534 10.2222223106850372 -0.0063911294939194 -0.0074997045377511 0.9999514527694024 0.0448250991778911
-0.0931115079820999 -0.9956005354779671 -0.0104795437536458 5.3675747254273727 0.9956277984201434 -0.0931825202012797 0.0065042249343301 10.7985165532925009 -0.0074521201250125 -0.0098281068839997 0.9999239342173579 0.0462906513525325
-0.0968470933108700 -0.9952596659772344 -0.0088790650476358 5.2892591121227719 0.9952616310831506 -0.0969171618328817 0.0078325880758619 11.3905815220861459 -0.0086559927762660 -0.0080784293735548 0.9999299039272271 0.0457390714374106
-0.0992864468198817 -0.9950173616143447 -0.0090912905525856 5.2452959943745672 0.9950163209805811 -0.0993625688353061 0.0083427151886278 11.9777033908664219 -0.0092044804390214 -0.0082176639306901 0.9999238708718629 0.0450091375081920
-0.0981151515060585 -0.9951426981094934 -0.0080266708105626 5.1859825466965184 0.9951116298161254 -0.0981967750032848 0.0104994087285501 12.6073495438124041 -0.0112366031182940 -0.0069572823941708 0.9999126636722078 0.0374955923236997
-0.0965348134039392 -0.9953054340364342 -0.0069370583543858 5.1231537249902539 0.9952398299696321 -0.0966173703500663 0.0127579225838804 13.2581320418127184 -0.0133682700109180 -0.0056724531010516 0.9998945507565943 0.0413253347740875
-0.0947733318291291 -0.9954673704291140 -0.0079202263194513 5.0574092715175194 0.9954120486896502 -0.0948671448985885 0.0124530374714131 13.9287723039201587 -0.0131479617233998 -0.0067036728541719 0.9998910900056986 0.0284514667329241
-0.0933125849265775 -0.9955737701100756 -0.0112084683668470 4.9975163824755429 0.9955642862493642 -0.0934357950552331 0.0110228919613080 14.5778079165147894 -0.0120213742606432 -0.0101301762673126 0.9998764254094996 0.0263966690008384
-0.0920136355202523 -0.9956770958643271 -0.0126732651485747 4.9167432939668014 0.9956932641978349 -0.0921450646808484 0.0102083635330687 15.2737233432222048 -0.0113320125929661 -0.0116793761024389 0.9998675800647057 0.0288954233953123
-0.0900779784400150 -0.9958414539906529 -0.0136292448045521 4.8442496623357156 0.9958370485539257 -0.0902523584338077 0.0127704551423076 15.9558597817879466 -0.0139474201043205 -0.0124221701372061 0.9998255643668629 0.0084890427046197
-0.0885213783181920 -0.9960132575872664 -0.0110252569606999 4.7777647202694311 0.9959295273276019 -0.0886917868798052 0.0160668458972866 16.6608717395027242 -0.0169806412619625 -0.0095581196094814 0.9998101320610145 0.0104164290700204
-0.0863904401741888 -0.9961902406539997 -0.0119036243319729 4.7130033175208919 0.9960770995383639 -0.0865980844386631 0.0181984490216925 17.3874679337813234 -0.0191599483754757 -0.0102847555771144 0.9997635321319578 0.0043076018710816
-0.0844263031788359 -0.9963466574468884 -0.0128661387357902 4.6335183842145273 0.9962440669670363 -0.0846527832653052 0.0182116808235065 18.1333841986988702 -0.0192343017688524 -0.0112802694937043 0.9997513676687890 0.0085595295814914
-0.0832113817267190 -0.9963919636499566 -0.0167009198822731 4.5617264812701377 0.9963794543700445 -0.0834801140209944 0.0160951381570464 18.8892395133598221 -0.0174312610095444 -0.0153011547546469 0.9997309767146317 0.0034517249078390
-0.0814774397445364 -0.9965248463656070 -0.0173106149133791 4.5026565959692348 0.9965393247861970 -0.0817408124331684 0.0150934998405493 19.6635961853200456 -0.0164560313364600 -0.0160209287736202 0.9997362296495431 -0.0020683196523980
-0.0800212688418540 -0.9966905146268751 -0.0143043554819696 4.4316105386041853 0.9966302264456880 -0.0802594032442938 0.0169298530911076 20.4366752681617285 -0.0180218830247105 -0.0129014047174984 0.9997543525729503 -0.0192062387996173
-0.0789096215127552 -0.9967903601760665 -0.0134999812141250 4.3826138866099136 0.9966858665040826 -0.0791553441792350 0.0187540661957073 21.2063541064162067 -0.0197624680574022 -0.0119753642088606 0.9997329821048945 -0.0297137772884078
-0.0776983891930225 -0.9969276526762647 -0.0099103807294484 4.2996327568552823 0.9967613132612856 -0.0778844656653694 0.0200223473563221 22.0355045604377047 -0.0207326964586604 -0.0083225799733549 0.9997504138334428 -0.0316601722298961
-0.0769037571310618 -0.9969872664292413 -0.0101095359476161 4.2342135033822439 0.9968856887503591 -0.0770655449731308 0.0167279808320297 22.8221551823226534 -0.0174566807798345 -0.0087916071308863 0.9998089677234382 -0.0335925816074219
-0.0767240488132095 -0.9970184061242019 -0.0082291058605679 4.1753000127806699 0.9969955851928251 -0.0768051479408480 0.0100385435099437 23.6653962243038904 -0.0106406503431343 -0.0074341845108001 0.9999157511815355 -0.0315980053195547
-0.0767597638934008 -0.9970262884664708 -0.0068204658054535 4.1098878196309556 0.9970304541549538 -0.0767989039138115 0.0056746669685231 24.4659406985452819 -0.0061815964439503 -0.0063646260228821 0.9999606389258494 -0.0229587756601864
-0.0772192227636712 -0.9969856553388816 -0.0075362248026361 4.0484583718467739 0.9969905149049660 -0.0772672207839451 0.0062999826869910 25.3033289613776198 -0.0068632955135161 -0.0070270648799057 0.9999517566032212 -0.0141851202510481
-0.0770796181491251 -0.9969974954645859 -0.0073977363651854 3.9774011270677025 0.9969387943620549 -0.0771683723828867 0.0125730903006900 26.1599704456403614 -0.0131062108146571 -0.0064059613735846 0.9998935897869142 -0.0447106951435606
-0.0772493436713242 -0.9969724949612954 -0.0088534283190125 3.9068088393655156 0.9968251941116456 -0.0774036400363864 0.0186603561969794 27.0193994385728153 -0.0192891494532619 -0.0073838201337634 0.9997866812043467 -0.0670612101844759
-0.0777655797880061 -0.9969269892464054 -0.0094388935968693 3.8453341069538123 0.9966536408687727 -0.0779764064207322 0.0245193838570338 27.8414974993894440 -0.0251800465300412 -0.0075005435674058 0.9996547939678669 -0.0724287170928851
-0.0778351739460141 -0.9969104225744975 -0.0105496473462769 3.7646579141631360 0.9966231282483359 -0.0780816261559558 0.0254086579209282 28.6945238156258213 -0.0261538895251725 -0.0085363352311531 0.9996214808834024 -0.0701824948662358
-0.0784377287240381 -0.9968528757476893 -0.0114833281837879 3.7037170269113333 0.9966367612030469 -0.0786844016295623 0.0228895425664057 29.5204730687313450 -0.0237210651387279 -0.0096493032784810 0.9996720472309527 -0.0670780699030729
-0.0784714307782695 -0.9968479362106584 -0.0116801808274973 3.6336472145418872 0.9966869994096548 -0.0786993039415007 0.0205291199739022 30.3744303887492819 -0.0213836329792403 -0.0100305349645496 0.9997210253910508 -0.0642241719454464
-0.0787280249006690 -0.9968102130328172 -0.0130880590123167 3.5627631629724630 0.9966406565405360 -0.0789982747967897 0.0216026458930610 31.2096412900445515 -0.0225676721371462 -0.0113433580830873 0.9996809633086493 -0.0808553824964061
-0.0789196761177686 -0.9967854804872675 -0.0137982104359332 3.4855477321267814 0.9966076185925633 -0.0792146002741163 0.0223226715845622 32.0403500741118634 -0.0233439346453578 -0.0119897036318575 0.9996555945534910 -0.0999312522795344
-0.0783092853318408 -0.9968328450813005 -0.0138540534839514 3.4157722005271682 0.9966619460561957 -0.0786024441708695 0.0220594889750911 32.8567935288718616 -0.0230785856215921 -0.0120803450896567 0.9996606644998199 -0.1015480627533220
-0.0778195477121113 -0.9968569794211810 -0.0148418520799238 3.3375013073883144 0.9968031249506355 -0.0780683879018813 0.0169957906273865 33.6893299814060541 -0.0181010519730492 -0.0134717997936901 0.9997453988530218 -0.1015568226905625
-0.0782293218337655 -0.9967970129031195 -0.0166098847933274 3.2793850135869738 0.9968286279376110 -0.0784539124926080 0.0133292962538305 34.5313362460661253 -0.0145897131380070 -0.0155144668622758 0.9997731950740277 -0.0953298177789697
-0.0771799481893922 -0.9968525071627432 -0.0181200044380741 3.1887896562745919 0.9969083059541626 -0.0774273507296712 0.0133729158595343 35.3651216625051674 -0.0147338086415031 -0.0170318619750624 0.9997463831195280 -0.1132432861235290
-0.0767540833125231 -0.9969355440195117 -0.0151106507263765 3.1393640848833981 0.9969060119146039 -0.0769917846218835 0.0158325143062268 36.1775931786824216 -0.0169473922292966 -0.0138486884309597 0.9997604711756555 -0.0993761454401989
-0.0763608430444416 -0.9969591068100329 -0.0155422327251890 3.0699544975464250 0.9968547230629478 -0.0766658132322033 0.0200752132875041 37.0492305444643080 -0.0212057246194518 -0.0139603878881173 0.9996776604552976 -0.1323583032628616
-0.0757255344709242 -0.9970035146127681 -0.0157998505967878 3.0100888528014900 0.9967822484490788 -0.0761073814883730 0.0251558275511348 37.8675255172447862 -0.0262829337383032 -0.0138440721166576 0.9995586771477384 -0.1459556746349597
-0.0754806179873906 -0.9970365105477309 -0.0148617947451366 2.9238107878014667 0.9966919940378859 -0.0758881089373784 0.0290871783212427 38.6789359307366212 -0.0301288122737153 -0.0126171136443151 0.9994663891868809 -0.1429088702279832
-0.0754309217427287 -0.9970625198737335 -0.0132856128230169 2.8680299775512821 0.9966900830932683 -0.0757944306167155 0.0293952811012555 39.5083106499110386 -0.0303159085065292 -0.0110243254001634 0.9994795695465191 -0.1337806283073810
-0.0752383898829185 -0.9970874129357497 -0.0124850171373495 2.8004485615276975 0.9968128648060632 -0.0755388661531657 0.0256513597577864 40.3364175627500785 -0.0265197519776337 -0.0105152586933508 0.9995929832134961 -0.1459033118155737
-0.0749097483001198 -0.9970699559019761 -0.0154929870342836 2.7205906901828478 0.9969369228077135 -0.0752319045241747 0.0213759791437209 41.1779287483524783 -0.0224789135035488 -0.0138442616017337 0.9996514566929829 -0.1532567862327349
-0.0752394631840279 -0.9969998250318315 -0.0181761400268785 2.6519180928880139 0.9969816154940332 -0.0755631260956107 0.0178289747760985 42.0101937522975675 -0.0191489306930496 -0.0167798349561678 0.9996758252514445 -0.1605568955629569
-0.0747994864905934 -0.9969789697117072 -0.0209277512725825 2.5764796032983424 0.9970409091626912 -0.0751443888364907 0.0162094504047858 42.8546118249292505 -0.0177330842432566 -0.0196533655889736 0.9996495800750620 -0.1731151500693086
-0.0757997238107189 -0.9969124130717563 -0.0204949392208714 2.5245766079236165 0.9969954036544207 -0.0761028977850442 0.0144400152589333 43.6714243300099838 -0.0159551547212128 -0.0193388110329358 0.9996856723118795 -0.1828342096564636
-0.0767019468668457 -0.9968805593548912 -0.0186000464277794 2.4641265166958348 0.9969752286589867 -0.0769171253952923 0.0111422287396447 44.4591419287039002 -0.0125381333218809 -0.0176891549036366 0.9997649168737608 -0.1794867175854294
-0.0775832654998361 -0.9968619867027514 -0.0157167547994474 2.3869669442859487 0.9969273885723421 -0.0777398272473968 0.0096073499923596 45.2938034738066833 -0.0107990198033309 -0.0149230937338378 0.9998303268278566 -0.1767893803600852
-0.0793825182431560 -0.9967265146637613 -0.0153189674458330 2.3295120992891505 0.9967441886344571 -0.0795828889892696 0.0129455090112430 46.1341081345504094 -0.0141222597629965 -0.0142414446722626 0.9997988512860141 -0.1798691866743490
-0.0811362846590522 -0.9966191029439699 -0.0129331728080056 2.2762705246670740 0.9965131002476997 -0.0813672930082989 0.0184663115759397 46.9452589170008068 -0.0194562161388929 -0.0113897882183167 0.9997458318882347 -0.1892101041183065
-0.0831720358437589 -0.9964721977298703 -0.0112058736833582 2.1818960383929666 0.9962777995388463 -0.0834008604895677 0.0217908837736006 47.7677399848959325 -0.0226485893520854 -0.0093517710088813 0.9996997478139914 -0.1994188339497678
-0.0845264157008363 -0.9963637752288403 -0.0107010495047326 2.1158109606989295 0.9961630009586631 -0.0847441246532088 0.0218565518276030 48.5664992864826814 -0.0226839275655846 -0.0088125336024748 0.9997038454871046 -0.1923378938608328
-0.0858292958697189 -0.9962584183459994 -0.0101240231743964 2.0408317173282744 0.9961351281046208 -0.0860001135482407 0.0178546079677029 49.3793162004988417 -0.0186584706366547 -0.0085524466918637 0.9997893363749605 -0.1795011713845467
-0.0868617003133272 -0.9961152591946371 -0.0144718837156508 1.9595268294365589 0.9960901723560477 -0.0870760437831621 0.0149040643709263 50.1596873271630983 -0.0161063203239476 -0.0131207087718014 0.9997841934372377 -0.1789396920740911
-0.0880621572486266 -0.9959908654455163 -0.0157242618208201 1.8625014534058910 0.9960005248918906 -0.0882803598477548 0.0137670795824525 50.9620384303801259 -0.0151000289998665 -0.0144490143000301 0.9997815837021408 -0.1775048794054390
-0.0893433025002810 -0.9958631257896839 -0.0165652947677798 1.7815513304159292 0.9958760705622427 -0.0895830511255091 0.0143432573898517 51.7491239957125444 -0.0157678907863549 -0.0152155066772210 0.9997599021648673 -0.1873490166655550
-0.0900609594302522 -0.9957884480914707 -0.0171578038828811 1.7130447236633166 0.9957948693843259 -0.0903250895594367 0.0152956302234806 52.5625431775277434 -0.0167809920551852 -0.0157081139434584 0.9997357918280125 -0.1854804046844592
-0.0910230743400953 -0.9957054889252076 -0.0168931720494204 1.6308575275702411 0.9957066171151149 -0.0912836128026149 0.0153503963100934 53.3618244128887937 -0.0168265436395045 -0.0154234029291884 0.9997394590948342 -0.1897264868496009
-0.0917374832557827 -0.9956346927898502 -0.0171986243390551 1.5570372484725794 0.9956401454371701 -0.0920033969396890 0.0153647566010396 54.1346711034986470 -0.0168800165801496 -0.0157141167368390 0.9997340304178081 -0.1899526169218016
-0.0922322634986934 -0.9955809094222973 -0.0176596252445997 1.4941395200123484 0.9955806422648711 -0.0925180344158929 0.0161120468993561 54.9136675299393389 -0.0176746801208672 -0.0160955304880508 0.9997142289579224 -0.1960225938991388
-0.0925463176193719 -0.9955463152726439 -0.0179642211675441 1.4108438734432822 0.9954776131713402 -0.0928982163264054 0.0198555553451578 55.6683174271237959 -0.0214359690657218 -0.0160454214788669 0.9996414575635501 -0.2003130273407699
-0.0922659004667881 -0.9955636332162147 -0.0184406027120418 1.3425119677109203 0.9954240203395218 -0.0926836919778506 0.0232540958211315 56.4454224528920179 -0.0248600752644925 -0.0162106587986268 0.9995594985788281 -0.2142778853919883
-0.0928631493726482 -0.9954980854444608 -0.0189735965227081 1.2636610618682544 0.9952948317456449 -0.0933396966022155 0.0259980564391890 57.2181315773889239 -0.0276520051533721 -0.0164700611601676 0.9994819176435251 -0.2072898078266172
-0.0933539680960520 -0.9954584951060905 -0.0186392371581795 1.1871980053909057 0.9952465859858670 -0.0938229014897498 0.0261054829398165 57.9595848491233383 -0.0277357120730235 -0.0161135867255634 0.9994854088973185 -0.2116629879635260
-0.0937447946341508 -0.9954268832676951 -0.0183639197058649 1.1173986701415808 0.9952505125140372 -0.0941823648107849 0.0246190881064824 58.7099985419286412 -0.0262360595278223 -0.0159687891404064 0.9995282221897698 -0.2129470466320106
-0.0942543989874687 -0.9953881200017379 -0.0178493369881777 1.0276158546842915 0.9952966311159300 -0.0946184325333359 0.0207838474353368 59.4420375752768848 -0.0223768711126435 -0.0158064159233213 0.9996246459821142 -0.2270557893810462
-0.0939590277265598 -0.9954337378675592 -0.0168337346925628 0.9647484878882578 0.9953782497640372 -0.0942639771725187 0.0183423691027481 60.1204698019125416 -0.0198454278200830 -0.0150325022081794 0.9996900433994523 -0.2185624164213287
-0.0926288480226731 -0.9955628447314691 -0.0165686059817108 0.8859591911777046 0.9955429971967580 -0.0928975083667425 0.0162540355526470 60.8572758976445201 -0.0177210960859709 -0.0149891670694432 0.9997306075258855 -0.2128899674821502
-0.0903458502268926 -0.9957110136020761 -0.0199299959434584 0.8102976205610158 0.9957633303457838 -0.0906583783683339 0.0153768777811966 61.5752432549961526 -0.0171177476746719 -0.0184563220374589 0.9996831232402575 -0.2268456242336065
-0.0865507907767045 -0.9960283359934643 -0.0208929297614813 0.7330897514522718 0.9960918293697774 -0.0868888910460746 0.0158552223432644 62.2276509381902798 -0.0176076142250467 -0.0194389945952582 0.9996559895336132 -0.2287574121143955
-0.0804534989171133 -0.9965453570369335 -0.0206054817979393 0.6685423723237751 0.9965755555210752 -0.0808174581745189 0.0174842955840475 62.8896896521089559 -0.0190891762487147 -0.0191282467137231 0.9996347900747575 -0.2239249084668066
-0.0733156448785819 -0.9971121330713846 -0.0198042999843825 0.6414580094714293 0.9971044077191034 -0.0736881664631759 0.0187844145618576 63.5318901176830408 -0.0201895102262069 -0.0183697633389500 0.9996273983198424 -0.2282008757940394
-0.0644410925456556 -0.9976972726235546 -0.0211541435903905 0.5896743451891220 0.9976828315394909 -0.0648748086758328 0.0204994353731485 64.1818058822515525 -0.0218246017802408 -0.0197841198640390 0.9995660435200564 -0.2335870591760491
-0.0527556642219180 -0.9983544948035997 -0.0224753775931348 0.5358611905536852 0.9983376095228192 -0.0532512326931356 0.0220527465165917 64.8080323988337454 -0.0232133001696818 -0.0212746074490525 0.9995041439499494 -0.2302196395813456
-0.0381502479579998 -0.9989832481540372 -0.0240214172844323 0.5170113623141293 0.9989750842030894 -0.0387138706285328 0.0234524489635532 65.4085548563788421 -0.0243585656838407 -0.0231020806112114 0.9994363182060472 -0.2216027693706124
-0.0193465875435854 -0.9994799938028016 -0.0257963473842715 0.5065604907344590 0.9994907201449594 -0.0199888040499119 0.0248746468671310 65.9846764727445105 -0.0253773500296746 -0.0253019702909844 0.9993576939238851 -0.2426983303567273
0.0026582691995043 -0.9996478280949850 -0.0264036624323688 0.5245843463506887 0.9996586493973074 0.0019701892864099 0.0260519296660920 66.5436470392710788 -0.0259907346955459 -0.0264639025685032 0.9993118349998815 -0.2498986571186551
0.0281555937514175 -0.9992565546579453 -0.0263362965057406 0.5408855209589140 0.9992699680416059 0.0274558227242802 0.0265651796278734 67.0741190218181345 -0.0258223451807426 -0.0270650285731615 0.9993001004291456 -0.2583334447344089
0.0570194292036027 -0.9980463870366244 -0.0255380895220546 0.5730900499557889 0.9980549808794338 0.0563369518786665 0.0266908784938662 67.6013741491080538 -0.0251999967271596 -0.0270103161062945 0.9993174685698180 -0.2480240599990226
0.0916388573963918 -0.9955007578713804 -0.0240948312422318 0.6196395555607228 0.9954871215349699 0.0909849393870940 0.0269653789653938 68.1089225950634471 -0.0246517884362218 -0.0264571707148495 0.9993459398249742 -0.2616202329987094
0.1286731215129452 -0.9914278207874041 -0.0226738609163560 0.7118401422324659 0.9913878238647005 0.1280390336223199 0.0274988829205241 68.5901038063800712 -0.0243600183277661 -0.0260169567359799 0.9993646519010311 -0.2695743438932528
0.1686127414466890 -0.9854596047201738 -0.0209549728368030 0.8043254682423375 0.9853971538110504 0.1680144605313846 0.0276331379584241 69.0177262648264218 -0.0237106027530614 -0.0253082697375180 0.9993984684799050 -0.2630110000314095
0.2139004610492078 -0.9766968144597795 -0.0176046978688940 0.9060441101922498 0.9765474862338140 0.2133457930606028 0.0289582408609521 69.4618728506859640 -0.0245275333728195 -0.0233860045211059 0.9994255824718437 -0.2619094253358062
0.2602209222570497 -0.9654675968097478 -0.0125455621675830 1.0659072478340810 0.9652564178776645 0.2598001839063709 0.0279984318881470 69.8619904024308624 -0.0237722393911439 -0.0193954621658275 0.9995292375322015 -0.2715881493028578
0.3109662986122970 -0.9504133450026662 -0.0037993115443142 1.2191043716995194 0.9501650002594353 0.3107873094961997 0.0244483238300842 70.3199690944668276 -0.0220552354182634 -0.0112125776232051 0.9996938754907367 -0.2494381681655563
0.3609190301452057 -0.9325950328864676 0.0019895513395896 1.4463867261194074 0.9324074240678841 0.3608878127775373 0.0194005703972450 70.7235494248416217 -0.0188108804189881 -0.0051469626124399 0.9998098116910679 -0.2398737969798563
0.4131951378125777 -0.9106111714475106 0.0075546358639816 1.6141716740891607 0.9104846004105432 0.4132637585064156 0.0151940225221719 71.1177007186946781 -0.0169579038592112 0.0006002833858882 0.9998560242137656 -0.2433964266038660
0.4626744744696868 -0.8864913941847734 0.0080832363899441 1.8842397438753640 0.8863732249385197 0.4627448457150033 0.0144815011751618 71.4837227076255317 -0.0165782021428003 0.0004645433611450 0.9998624642485475 -0.2613594558781192
0.5111857834950615 -0.8594003072140141 0.0109638822047047 2.0888491146315316 0.8592980307352783 0.5112971252300362 0.0134960774291457 71.8525867077200360 -0.0172043345414182 0.0025222394729884 0.9998488131617839 -0.2704466381562857
0.5559854829908381 -0.8309624272673042 0.0195342564095672 2.3582433797569582 0.8309710134634145 0.5562260374078769 0.0099884980410833 72.2052097912426376 -0.0191655286133763 0.0106789409381876 0.9997592923966291 -0.2847645685986588
0.5988706535286034 -0.8003283788114245 0.0287823975947190 2.6916293984272039 0.8005810753907899 0.5992099028562026 0.0041754095830916 72.5182622389547475 -0.0205883964492095 0.0205421125529298 0.9995769802989227 -0.2608240595720331
0.6414944255355663 -0.7665569093621973 0.0295872728697610 2.9501733385996443 0.7668881441932234 0.6417807401776907 0.0002362897573029 72.8272366310021368 -0.0191696714282665 0.0225385502207086 0.9995621728793467 -0.2628727697658947
0.6827470282231400 -0.7302834031225330 0.0232947757285369 3.2702821399939075 0.7305465626117124 0.6828476749436434 -0.0045577055929084 73.1239559056124762 -0.0125783666937453 0.0201296782843676 0.9997182506804032 -0.2774786985947379
0.7235490376513208 -0.6901480790220000 0.0131308467392865 3.5615686544495864 0.6902671637750557 0.7234901208625091 -0.0096585520805384 73.3890629485251509 -0.0028342067299160 0.0160522283996709 0.9998671377916253 -0.2765974868466730
0.7627064176643763 -0.6467248367316615 0.0050897944929052 3.9246110624162225 0.6467288387905056 0.7626084966485636 -0.0130418524796975 73.7075063575746583 0.0045529693891262 0.0132388214665763 0.9999019972356880 -0.2712100530826130
0.7995419858964010 -0.6006100007576700 0.0004896720442465 4.3101527366111840 0.6005577204811670 0.7994610806125604 -0.0138710113640557 73.9589878634602229 0.0079395944042361 0.0113845322990847 0.9999036729930675 -0.2860848076946572
0.8336559792155342 -0.5522839487832824 -0.0003850123809909 4.7124821080156938 0.5522228844040068 0.8335737770562094 -0.0143053886617620 74.1915897791078152 0.0082215727636335 0.0117131601453180 0.9998975985673245 -0.2743217265174901
0.8642731048230899 -0.5030058257970238 -0.0041399871630651 5.1672358252455215 0.5029085253289416 0.8642228595183657 -0.0142078934880709 74.4540529964344273 0.0107245247412368 0.0101974653788730 0.9998904921384748 -0.2783753158900180
0.8904789142746762 -0.4550091167867005 -0.0037425757414741 5.6377223250036446 0.4549487228251513 0.8904505960323335 -0.0109268305297419 74.6652894559877325 0.0083043863083076 0.0080274321329279 0.9999332965260201 -0.2625702278836395
0.9118068376410563 -0.4105877410084054 -0.0050988003129191 6.1324758939225683 0.4105579457707048 0.9118149112809998 -0.0059783551384578 74.8848434530090969 0.0071038014862092 0.0033577521107252 0.9999691302761338 -0.2730152040376360
0.9294000009061335 -0.3689842886086293 -0.0081383705778742 6.6350131230531479 0.3689891440499364 0.9294332177090054 -0.0009515210874386 75.0737294949996539 0.0079151682846466 -0.0021186266939634 0.9999664302025131 -0.2633121478649823
0.9430540344738511 -0.3325388532318070 -0.0081853010859206 7.1591397749746450 0.3325759593910980 0.9430694057623590 0.0036506369474217 75.2576622242022211 0.0065053284070239 -0.0061649822632204 0.9999598360414337 -0.2690346413216986
0.9531801551797738 -0.3023386825500131 -0.0062380129356033 7.7375497430691969 0.3023677144012192 0.9531812896407084 0.0043811375986988 75.4382961406200536 0.0046213698450928 -0.0060621871299353 0.9999709459919106 -0.2577521111317836
0.9608014963977919 -0.2772064491831384 -0.0041314708083316 8.3014575055102409 0.2772238447763304 0.9607948676821064 0.0044902252897436 75.5802263212116827 0.0027247765400213 -0.0054595573996157 0.9999813842396303 -0.2446243614175075
0.9666473799639834 -0.2561053603082664 -0.0016991851397726 8.9002327643335395 0.2561108854349142 0.9666318777828219 0.0054797094630980 75.7499614638712728 0.0002391035559278 -0.0057321266061325 0.9999835426416080 -0.2356759887058343
0.9714007839861158 -0.2374403537493164 0.0016109880691863 9.4971565846027932 0.2374190230064201 0.9713707311758263 0.0084326822315130 75.8974090265365362 -0.0035671257107871 -0.0078090349173363 0.9999631466148257 -0.2325226641740553
0.9749702424760293 -0.2223284320816380 0.0017591402312717 10.1171613411911334 0.2222941267570294 0.9749112097440498 0.0115522432766587 76.0473367292803601 -0.0042833976657037 -0.0108720468870323 0.9999317232196024 -0.2340809230425924
0.9781016426592388 -0.2081141473585024 0.0023829176532638 10.7743968050539696 0.2080574553456055 0.9780046471082789 0.0147988347420361 76.2390729361111283 -0.0054103514128066 -0.0139789807873919 0.9998876517858072 -0.2428479016576558
0.9806570149049052 -0.1957119380822356 0.0029421777471308 11.4177435877498077 0.1956508320364746 0.9805676036005593 0.0144196633973074 76.3352602283283659 -0.0057071044528514 -0.0135651045389117 0.9998917025846412 -0.2236807089589178
0.9831187835984840 -0.1829440639510358 0.0029877752452998 12.0847094765569736 0.1828871019503991 0.9830375206959725 0.0137673833425175 76.4214193387313827 -0.0054557562281882 -0.0129885476091378 0.9999007612533275 -0.2237240334513408
0.9859444062498749 -0.1670287270133043 0.0038771299819132 12.7897452044925934 0.1669599665344993 0.9858639797829886 0.0140208038730346 76.5910058611336666 -0.0061641998167211 -0.0131764076577149 0.9998941868627186 -0.2344948096585840
0.9882513796575003 -0.1527513354939114 0.0051225101145477 13.5018076378143341 0.1526458254453520 0.9881361300449458 0.0169186427914635 76.7114343308606124 -0.0076460826018457 -0.0159379422958090 0.9998437475006888 -0.2157328294816484
0.9901377041717744 -0.1400809695952730 0.0021560924600024 14.2092164855737053 0.1400302032234476 0.9900216195648086 0.0157713341056921 76.7974180014009846 -0.0043438419225194 -0.0153138744777933 0.9998733001164850 -0.2278314715183798
0.9916346784794434 -0.1290566004545282 -0.0022490700502773 14.9496510312069919 0.1290761127535499 0.9914636730626469 0.0184158115096115 76.8921828292232021 -0.0001468107750187 -0.0185520585446718 0.9998278849733845 -0.2135787983656676
0.9928303352598964 -0.1192271596032862 -0.0085328659109477 15.6679005318512043 0.1193559525886072 0.9927121218718150 0.0166372975697643 76.9782989596141647 0.0064870616913869 -0.0175364620631198 0.9998251799834413 -0.2024504798634831
0.9936980621646144 -0.1117734246990029 -0.0084180034061735 16.4302642207475067 0.1119032547682882 0.9935741858117928 0.0169705291813942 77.0510015982716396 0.0064670567148909 -0.0178055839412608 0.9998205530783797 -0.1932582512431925
0.9944728827447602 -0.1049633345126853 -0.0025266367575379 17.2215845287714799 0.1049904470369020 0.9943443023292544 0.0160129465227302 77.1500802089886974 0.0008315746015144 -0.0161897138123709 0.9998685921911717 -0.1915756994896516
0.9949142066136596 -0.1006322523045025 0.0043441080137639 18.0124240906457480 0.1005118666671356 0.9946861670976362 0.0222888681565738 77.2302555452208139 -0.0065640031535830 -0.0217388771728470 0.9997421342935705 -0.1966905904814842
0.9954058114311533 -0.0953473840051704 0.0087262209723246 18.7625358510458113 0.0951240743827635 0.9951955969032988 0.0231761596712923 77.3343582361897433 -0.0108940828852065 -0.0222396103306089 0.9996933123165489 -0.1929153279078348
0.9957117289570236 -0.0921164776236346 0.0085268615345311 19.5206522437240402 0.0919105842384261 0.9955239013105012 0.0220137780599041 77.3862271021480979 -0.0105165261548577 -0.0211356681875444 0.9997213042682946 -0.1836741159948391
0.9960330659589657 -0.0885880515027798 0.0083838324961507 20.2777191632151563 0.0883815740673511 0.9958341522336261 0.0224285222543173 77.4754855982921526 -0.0103358058108696 -0.0215985734731698 0.9997132952712813 -0.1700748397884606
0.9962252586909844 -0.0862810606333965 0.0095295604335827 21.0986719109499496 0.0860636982270062 0.9960629174746257 0.0212533357247251 77.5350817421668097 -0.0113258021160521 -0.0203529606670187 0.9997287047987143 -0.1768814520635169
0.9964056641571948 -0.0837659245340766 0.0126104053230231 21.8581890033568094 0.0835093886318591 0.9963131273715656 0.0196553869822895 77.6134515333014576 -0.0142103640274508 -0.0185316516814292 0.9997272845332198 -0.1657563031220937
0.9966228884550662 -0.0808451507719976 0.0143833168682933 22.6138137562410186 0.0805887221134187 0.9965921284034258 0.0175950979666429 77.6634681998993273 -0.0157567787192347 -0.0163765442319974 0.9997417330107864 -0.1709134438442266
0.9968809333521211 -0.0781879992888308 0.0107257394250321 23.3758828575682642 0.0780046686883511 0.9968154201702270 0.0165616959782055 77.7095114775952425 -0.0119865083249655 -0.0156733811943604 0.9998053154190129 -0.1773568890052025
