1.0000000000000000 -0.0000000000000016 -0.0000000000000048 0.0000000000000008 0.0000000000000016 1.0000000000000000 -0.0000000000000001 0.0000000000000008 0.0000000000000048 0.0000000000000001 1.0000000000000000 0.0000000000000024
0.9999985447524732 -0.0016275142867562 -0.0005115566267481 0.5909736278360807 0.0016271324142067 0.9999983979435377 -0.0007460230992647 -0.0050698219679157 0.0005127699704578 0.0007451896432474 0.9999995908795928 0.0176275894316489
0.9999955854706667 -0.0027282089100622 -0.0011772490482610 1.1542905675728470 0.0027274550986069 0.9999960747594360 -0.0006414471182668 -0.0059301920996809 0.0011789944290187 0.0006382333926606 0.9999991013147326 0.0325552738536272
0.9999902678401559 -0.0039774889717521 -0.0019088757039047 1.6874644359114583 0.0039763615460820 0.9999919177910317 -0.0005940551063317 -0.0127594783038404 0.0019112231236064 0.0005864589449472 0.9999980016440422 0.0435304256911604
0.9999781453140689 -0.0058072836503767 -0.0031598023417452 2.2358332334560003 0.0058015669074371 0.9999815229429783 -0.0018153771124617 -0.0111656245484097 0.0031702863677216 0.0017970056332651 0.9999933600055055 0.0616732035241634
0.9999644632572020 -0.0069991719577573 -0.0046993419370761 2.7881459514818525 0.0069731267383256 0.9999603632706240 -0.0055360085958171 -0.0073675922853397 0.0047379031466533 0.0055030427571895 0.9999736340495111 0.0720367221785012
0.9999441554011786 -0.0086601063965663 -0.0060571145130112 3.3633611293698853 0.0086234820925666 0.9999445349582454 -0.0060466985816546 -0.0102267719115819 0.0061091436079669 0.0059941274876626 0.9999633737292776 0.0760964177361384
0.9999387356468900 -0.0096433365448287 -0.0054342444904826 3.9378077838377217 0.0096098697149656 0.9999349036582879 -0.0061513291207675 -0.0097354703888724 0.0054932100779559 0.0060987298820153 0.9999663145010764 0.0880432309070866
0.9999201144727498 -0.0111823822464631 -0.0058922830971519 4.5334124042516271 0.0111465373057459 0.9999193818186554 -0.0060814940178960 0.0001395640950628 0.0059598136627423 0.0060153296411815 0.9999641475725084 0.1002743471696290
0.9998893650863523 -0.0123536950758943 -0.0082851557126713 5.1298499877112027 0.0123054305992087 0.9999071649536232 -0.0058513120046573 0.0156641131543158 0.0083566718841560 0.0057487122366331 0.9999485578481729 0.1096246967292427
0.9998339179673397 -0.0137599129208738 -0.0119499488906469 5.7367869120389381 0.0137038627648763 0.9998947691707827 -0.0047596985438735 0.0316833381651177 0.0120141844251094 0.0045951475838198 0.9999172685733967 0.1220642153362054
0.9997548473814132 -0.0150244880405177 -0.0162637602198106 6.3386625422746530 0.0149657908793526 0.9998810684292138 -0.0037247953244972 0.0538425191602520 0.0163177890880670 0.0034804821468080 0.9998607983130967 0.1235336586561978
0.9997381421091934 -0.0161807472769870 -0.0161811813418046 6.9731338852353115 0.0161421027680257 0.9998665422027955 -0.0025160090723091 0.0685230456974048 0.0162197327439322 0.0022541519433527 0.9998659105443748 0.1397347677739785
0.9998002486536131 -0.0173721336345054 -0.0098829026686671 7.6114167129055401 0.0173703164300577 0.9998490883008513 -0.0002696869964714 0.0746200048469848 0.0098860962615750 0.0000979639795285 0.9999511265575761 0.1337707153283875
0.9998406390836067 -0.0178518531509018 0.0000881814252633 8.2627527405315995 0.0178517886515292 0.9998404095703781 0.0006848591677083 0.0892235214598371 -0.0001003933576428 -0.0006831758317569 0.9999997615959499 0.1382951222535682
0.9997915495189593 -0.0192083299337683 0.0069208071519005 8.9353118351016647 0.0191996124449070 0.9998147939916329 0.0013238570293449 0.1136515323188606 -0.0069449544594380 -0.0011907042555879 0.9999751746073160 0.1541581914664161
0.9997714335759997 -0.0202655834770737 0.0068107805517582 9.6066536187692186 0.0202414484513693 0.9997886607716796 0.0035941002993549 0.1177058088426430 -0.0068821777062936 -0.0034554187452500 0.9999703474160191 0.1797070314967454
0.9997861717235433 -0.0206720000325067 -0.0005284364081932 10.3044452481062123 0.0206748310975829 0.9997677948004355 0.0060751822162408 0.1438036663061656 0.0004027275355400 -0.0060848085039836 0.9999814062851379 0.1692854147444636
0.9997347927966331 -0.0220865329709256 -0.0065214364366537 11.0098088750181482 0.0221280798396635 0.9997348574017099 0.0063689071740989 0.1771643132948755 0.0063790402477628 -0.0065115249601783 0.9999584530810319 0.1762422402262127
0.9997157311859725 -0.0231784833379025 -0.0055870143593063 11.7549477132955893 0.0232093993278488 0.9997153103560447 0.0055337168844905 0.1842115775471945 0.0054571606295738 -0.0056618150686701 0.9999690811460078 0.1934350844171565
0.9997009695468562 -0.0241670544703584 0.0037316169822820 12.5115930333181780 0.0241563697189942 0.9997040372359143 0.0028823143848230 0.2152967305588423 -0.0038001696113442 -0.0027913101655727 0.9999888835874550 0.1875401314828336
0.9996476368300831 -0.0242138502812251 0.0108761957774162 13.2947039659292301 0.0241921866582474 0.9997050804321337 0.0021190240380120 0.2420755109402934 -0.0109242979052562 -0.0018551584136060 0.9999386071667289 0.1805225153025210
0.9995961194557534 -0.0248939175027689 0.0137073279804794 14.0733181249257360 0.0248698599930353 0.9996888480832909 0.0019227797142593 0.2551676311320575 -0.0137509284386881 -0.0015811038131887 0.9999042014502220 0.1895402437992496
0.9996018952275182 -0.0247998257408747 0.0134543562007235 14.8852036932840779 0.0247966731199577 0.9996924347566883 0.0004011139819064 0.2761327471724707 -0.0134601656652385 -0.0000673310237671 0.9999094055997261 0.1915909082229368
0.9996455699193039 -0.0241876070755530 0.0111217896342689 15.6988655786906932 0.0241892271648235 0.9997073977743525 -0.0000111535285214 0.3018608993103750 -0.0111182655967033 0.0002801770713181 0.9999381509228108 0.1973568488013074
0.9996834263273174 -0.0240304355791079 0.0074555544631611 16.5184559854062627 0.0240177306133750 0.9997099320019500 0.0017889865398844 0.3169711404646674 -0.0074963819712022 -0.0016093546951755 0.9999706066854200 0.1695640341069297
0.9997359009141024 -0.0228679816515363 0.0022768044828421 17.3876837623158629 0.0228695408591777 0.9997382392273478 -0.0006611561787775 0.3289641247960914 -0.0022610891973764 0.0007130510411838 0.9999971895129777 0.1826660813429886
0.9997436530502356 -0.0222818979229078 -0.0040181103423539 18.2502182779248905 0.0222677666289317 0.9997458175812748 -0.0035280019994153 0.3550465849016478 0.0040956995897711 0.0034376232634712 0.9999857038933950 0.1880845021476835
0.9997419005821752 -0.0207728114593161 -0.0091990501909637 19.1277944246518743 0.0207485502575570 0.9997810120457062 -0.0027249981785552 0.3746623283777132 0.0092536415831711 0.0025334279029027 0.9999539748710993 0.2062380751730001
0.9997379453410528 -0.0204184321012788 -0.0103502790192143 20.0186052961132503 0.0204206147174884 0.9997914719690956 0.0001052256101121 0.3876675956081769 0.0103459721539358 -0.0003165570953206 0.9999464288909659 0.2067426178488553
0.9997320750737804 -0.0209539718313671 -0.0098340801889890 20.9549172861093851 0.0209504918237130 0.9997804100181982 -0.0004567671048856 0.4058757235898960 0.0098414918085485 0.0002506159089996 0.9999515399411356 0.2246594021572704
0.9997300596364309 -0.0206193234965782 -0.0107075374331234 21.9044217332714339 0.0206219661399017 0.9997873353351014 0.0001364406911606 0.4403463759626132 0.0107024470035142 -0.0003572143346984 0.9999426633692834 0.2388860498159874
0.9996944605986632 -0.0209219655735253 -0.0131627050748738 22.8333187128303834 0.0209649014792276 0.9997753051244287 0.0031324382391048 0.4712562971386609 0.0130942107174950 -0.0034074359708953 0.9999084613232304 0.2584150670986024
0.9996826179003923 -0.0208454583489456 -0.0141467428774525 23.8191028376241860 0.0209501334387279 0.9997539304514654 0.0072918074402622 0.5058170981599105 0.0139912607265349 -0.0075858693021129 0.9998733415839295 0.2764748570057536
0.9996746510320934 -0.0211136908613649 -0.0143109797733443 24.7858334381196812 0.0212335439724404 0.9997402939969465 0.0082753349943909 0.5272019907760528 0.0141325402611418 -0.0085765154409974 0.9998633480074453 0.2932019015298731
0.9996804273615625 -0.0208683560158711 -0.0142672655894029 25.7590687835043006 0.0209965934882340 0.9997399478540776 0.0088982990855529 0.5747572674516239 0.0140778624831169 -0.0091950194084059 0.9998586227092235 0.3167677693542713
0.9996756688085839 -0.0212499264176654 -0.0140355911651100 26.7447638179349170 0.0213885553383189 0.9997231888233384 0.0098018074575735 0.5867827635901466 0.0138234182693709 -0.0100988294440237 0.9998534526375406 0.3478746232351677
0.9996754474417321 -0.0216180147620480 -0.0134781756896332 27.7379233272250652 0.0217503083717331 0.9997159167734700 0.0097472988830171 0.6325274762914562 0.0132636295148524 -0.0100372898497663 0.9998616549025993 0.3644993534389798
0.9996995900547133 -0.0216006984336256 -0.0115818595923839 28.7581694168541979 0.0217229653253135 0.9997085000410570 0.0105369693524732 0.6603516571984955 0.0113508775834011 -0.0107853962764146 0.9998774088883333 0.3955626896725201
0.9996927920818787 -0.0223225823781448 -0.0107714333079946 29.7641478498637113 0.0224410986073729 0.9996875359280917 0.0110103407447050 0.6863462885493010 0.0105222883837978 -0.0112486810778544 0.9998813672737266 0.4125311411742937
0.9996895982384313 -0.0222676770149133 -0.0111739757581318 30.7823208182456547 0.0223885534786607 0.9996908814580754 0.0108117622388474 0.6863052387973771 0.0109297688455412 -0.0110585754026330 0.9998791167251406 0.4339254599135147
0.9996718596263960 -0.0226987610948820 -0.0118717865488166 31.7997890689712612 0.0228499934327904 0.9996574435408055 0.0127621852980816 0.7215127954411306 0.0115780339965224 -0.0130292677545058 0.9998480821157566 0.4553988618266305
0.9996751072265516 -0.0228472849431842 -0.0112996266446088 32.8176581397251965 0.0229885763528629 0.9996571235173883 0.0125363773957873 0.7579375930600591 0.0110093300818532 -0.0127920667472446 0.9998575686964033 0.4794132817320719
0.9996909782571693 -0.0231902831576310 -0.0089531423697341 33.8729710845582801 0.0232921331057318 0.9996631951315147 0.0114443363650367 0.7875925730608121 0.0086847295069393 -0.0116493376000581 0.9998944286307786 0.5117866564571031
0.9996993318177256 -0.0239313695135486 -0.0053418645058446 34.9233602434142369 0.0239936892655411 0.9996409945143017 0.0119241335905995 0.8084327364646714 0.0050545859000976 -0.0120487194200795 0.9999146361173611 0.5160588876578281
0.9997025707281644 -0.0242284237092231 -0.0027845222329438 35.9852391447229678 0.0242578213528798 0.9996445640344028 0.0110591003106292 0.8334763558699504 0.0025155879454264 -0.0111233574533565 0.9999349692536279 0.5340040762052699
0.9996882500898409 -0.0248680139110564 -0.0022326030617411 37.0381664641869719 0.0248912536847031 0.9996289040002334 0.0110670582042291 0.8640114879719238 0.0019565587942986 -0.0111191803390152 0.9999362658221137 0.5504097456007943
0.9996735723173994 -0.0253403844396292 -0.0032578714862764 38.1138380520286972 0.0253766775549767 0.9996103259101962 0.0116284379854842 0.8936120960067295 0.0029619328891857 -0.0117073160956431 0.9999270801930492 0.5720023799708487
0.9996610201488890 -0.0257633867692282 -0.0037540241157464 39.1936113058507374 0.0258077232936564 0.9995914508784320 0.0122838409770435 0.9269304941837512 0.0034360170663883 -0.0123765598180749 0.9999175038740892 0.5831622747932169
0.9996422792712761 -0.0265661612925812 -0.0030907228126361 40.2738864300539490 0.0266021079575096 0.9995711957594916 0.0122373387693997 0.9614559178765779 0.0027642983820480 -0.0123151809615860 0.9999203443136551 0.5964199579953869
0.9996253053065649 -0.0273454116761742 -0.0012155044291818 41.3435990085949499 0.0273572561880711 0.9995638228539852 0.0111240539097583 0.9864705425250133 0.0009107824202586 -0.0111531386518557 0.9999373870266055 0.6235699674468723
0.9996035964479579 -0.0281224673619115 0.0013329657858958 42.4149992629857877 0.0281072062355248 0.9995514004595766 0.0103432488577285 1.0408823430674641 -0.0016232454964744 -0.0103016828128926 0.9999456187239788 0.6294694466552438
0.9996043582610646 -0.0281020251796604 0.0011845363172278 43.5056311142950420 0.0280877724127559 0.9995482333329146 0.0106960872256329 1.0759056992577396 -0.0014845828957423 -0.0106585844205902 0.9999420936193130 0.6421700730583361
0.9995853059486767 -0.0287487887162759 -0.0016502359944549 44.5551256413199681 0.0287670346077992 0.9995095872041396 0.0123710471215670 1.1189674811562247 0.0012937740777100 -0.0124133893178806 0.9999221139240189 0.6632351384418440
0.9995601590504584 -0.0290686950528682 -0.0058736195778850 45.6328441202172854 0.0291614624085189 0.9994405106578844 0.0163790953994373 1.1502929374262385 0.0053942144209235 -0.0165431745390866 0.9998486014527151 0.6918768907651007
0.9995632284969048 -0.0288696936746712 -0.0063160924609367 46.7220281291399999 0.0289780024757213 0.9994217797475972 0.0177871172105692 1.1988498577607076 0.0057989317431351 -0.0179623760476193 0.9998218468494087 0.7071521274654388
0.9995618197997387 -0.0293033622424648 -0.0041810716235821 47.8043172174745834 0.0293668781837817 0.9994400234001278 0.0160382695977706 1.2294770687417937 0.0037087550975447 -0.0161540269666338 0.9998626368398750 0.7197582667018148
0.9995999374157092 -0.0282117963020200 -0.0020148617628961 48.9032425203353753 0.0282392510727727 0.9994852073548262 0.0152271132434593 1.2638033984487838 0.0015842403097873 -0.0152779196323832 0.9998820307187980 0.7283321480930794
0.9995938763399260 -0.0284782189501749 -0.0010360642579287 49.9656871283961337 0.0284901540288010 0.9994912798239679 0.0143350158444952 1.3105190939175411 0.0006273014712633 -0.0143587116856853 0.9998967116115501 0.7492313054517448
0.9996010937273583 -0.0282127135699779 -0.0013023870728680 51.0406434734984273 0.0282283408739527 0.9995012431632406 0.0141571779193593 1.3279569108867990 0.0009023250928132 -0.0141882947585271 0.9998989339434621 0.7670485989473355
0.9996071453576780 -0.0278925449964158 -0.0027497060746235 52.1363602897370555 0.0279309076653295 0.9994962360286531 0.0150711167982274 1.3655610706194787 0.0023279490683306 -0.0151419978265054 0.9998826433911918 0.7874457801820860
0.9996141848579173 -0.0273139205452943 -0.0050429332026930 53.2241735224218644 0.0273896980441499 0.9995027174212118 0.0156244138662386 1.4115750832348228 0.0046136614409561 -0.0157565101484614 0.9998652141744154 0.7981544339732526
0.9996077201697452 -0.0270005826374837 -0.0074413919585498 54.2903518001504892 0.0271032707158919 0.9995337182056530 0.0140626770738537 1.4361389762987766 0.0070582216985181 -0.0142588466300338 0.9998734253890518 0.8240866231044184
0.9995719986910071 -0.0272644021515885 -0.0106052726594682 55.3461921675464339 0.0273853875246233 0.9995595415753298 0.0114351823703359 1.4699282360919459 0.0102888280669578 -0.0117207175988966 0.9998783750016677 0.8499244008830573
0.9995710900228162 -0.0266870221103600 -0.0120598027131533 56.4084569502188415 0.0268429262644178 0.9995556996926305 0.0129560997811443 1.5066819483886644 0.0117086848177776 -0.0132742631756753 0.9998433380470066 0.8854981403080769
0.9995799871669984 -0.0270348432235914 -0.0104387023666336 57.4930331230936389 0.0271512294142050 0.9995688883329295 0.0111735499358437 1.5351919038960631 0.0101321269494877 -0.0114522805042236 0.9998830858029013 0.9153362329564511
0.9996382406999568 -0.0264918361144982 -0.0046443890424636 58.5669544350673164 0.0265295578503826 0.9996139212628401 0.0082577828617425 1.5590133933985397 0.0044238321123648 -0.0083780091197763 0.9999551183291331 0.9186417630378948
0.9996460883114699 -0.0265671506088444 0.0013728190353596 59.6705568600470144 0.0265576765598250 0.9996260756324553 0.0065114308258903 1.5969321933502296 -0.0015452958683006 -0.0064726674704957 0.9999778580731155 0.9329714783948991
0.9996587120212207 -0.0260172465830353 0.0023584656689726 60.7422050156451618 0.0260064563082776 0.9996516652162404 0.0044958270299685 1.6224878174131196 -0.0024746131737771 -0.0044329573238738 0.9999871125064587 0.9587009641728793
0.9996699249194066 -0.0256875716387085 -0.0004357464103470 61.8371257533181478 0.0256884413214076 0.9996677412883853 0.0021239138058318 1.6550146763735460 0.0003810434417643 -0.0021344064009044 0.9999976495548434 0.9767649802088555
0.9996715378215800 -0.0254327961037741 -0.0031605935805148 62.8936495865452230 0.0254347652059002 0.9996763132199550 0.0005843850436143 1.6886615258373230 0.0031447079924954 -0.0006645820508615 0.9999948345578289 0.9916456667195488
0.9996371979315259 -0.0258121700268813 -0.0076944389081087 64.0035953747870394 0.0258394184721208 0.9996601076630758 0.0034631777416671 1.7254826123644997 0.0076024314945857 -0.0036607411204737 0.9999644003712427 1.0106515676927406
0.9996093353578751 -0.0255180486635992 -0.0114020111291532 65.0806331078626386 0.0255646244660829 0.9996653363102124 0.0039579484203616 1.7697871187851897 0.0112971961696389 -0.0042478903225333 0.9999271617405502 1.0381706353347409
0.9996118012239232 -0.0249409787565733 -0.0124175050846797 66.1523169296347788 0.0250261375488349 0.9996640055073616 0.0067504468270278 1.8008378035337869 0.0122449701204486 -0.0070585885020941 0.9999001135289002 1.0607752946007862
0.9996763062438668 -0.0236644415583093 -0.0093422128188086 67.2519272610120140 0.0237513864218652 0.9996745627759214 0.0093080707888217 1.8474097256744120 0.0091189022177995 -0.0095269483311206 0.9999130376576947 1.0698663669277828
0.9996903303335314 -0.0238538058953473 -0.0070879744597502 68.3265320574814154 0.0239236288763898 0.9996644210563307 0.0099350518617598 1.8790163939683708 0.0068486070860976 -0.0101015453480238 0.9999255249080113 1.1049866431551574
0.9996992512063405 -0.0237249701054977 -0.0062074899094102 69.4066786292937792 0.0237877315284355 0.9996645864145440 0.0102400438167915 1.9096094082792534 0.0059624630995306 -0.0103846262393971 0.9999283017155054 1.1322510403474362
0.9996932489850439 -0.0241427836680205 -0.0055257515765875 70.5134922322095292 0.0241960285998370 0.9996593863017210 0.0097807759846713 1.9304903373047162 0.0052877342712039 -0.0099114769648937 0.9999368992544737 1.1543936603855085
0.9997007766717840 -0.0240734798703513 -0.0043387427630208 71.5868117689731491 0.0241118007017058 0.9996686867607376 0.0090076510247445 1.9546405041442991 0.0041204597744783 -0.0091095706262234 0.9999500175180022 1.1782600453667791
0.9996916773286286 -0.0247145342248285 -0.0023962633250263 72.6961583412804657 0.0247316838902667 0.9996666411886815 0.0074128473943351 2.0002792269427050 0.0022122594389020 -0.0074698254724964 0.9999696533473330 1.1979417831872841
0.9996735234214144 -0.0255420170303560 -0.0006722620291807 73.7656328434346165 0.0255455639373665 0.9996560132619245 0.0059396390796808 2.0188504691276834 0.0005203204174308 -0.0059548732392851 0.9999821342160905 1.2167431595463400
0.9996686442547681 -0.0256900797602003 -0.0016191033779601 74.8401850548267902 0.0256994560880843 0.9996513222063060 0.0060639894426659 2.0528619894273037 0.0014627544601194 -0.0061035901810890 0.9999803030741609 1.2215885699052493
0.9996411887058301 -0.0262785945923371 -0.0051893457243395 75.9517329206671974 0.0263091513918889 0.9996363805242581 0.0059106078705427 2.0758548795474594 0.0050321363091435 -0.0060450143599699 0.9999690672243586 1.2596315767008295
0.9996198827661078 -0.0267094170635333 -0.0068335216981485 77.0073602227219283 0.0267538533384487 0.9996209443672860 0.0064960691037045 2.1158946108321932 0.0066574251942932 -0.0066764228731830 0.9999555510458457 1.2748073188466584
0.9996123071078291 -0.0272617175514176 -0.0056598793900452 78.1148113363316554 0.0273015951436922 0.9996020827976638 0.0070921766180975 2.1469197844309296 0.0054642823108854 -0.0072439507673018 0.9999588325506745 1.2975890217493378
0.9996076389322350 -0.0279619287273875 -0.0016427812291914 79.1866468671525467 0.0279750378007638 0.9995717312371062 0.0085878618817559 2.1745980012268653 0.0014019444954483 -0.0086304492060832 0.9999617742184612 1.3225150117721154
0.9995862109103254 -0.0286688999907373 0.0023454490528423 80.2230300914782077 0.0286455855322764 0.9995451131188304 0.0094338364294442 2.2108220084598154 -0.0026148398519625 -0.0093627460494012 0.9999527496831853 1.3305916032232350
0.9995790941064640 -0.0288379773293040 0.0031631770192962 81.3076675216101563 0.0288056679178465 0.9995367546542465 0.0098239295123401 2.2359130580200661 -0.0034450139488258 -0.0097286771357275 0.9999467409417769 1.3547393561727361
0.9995680564734041 -0.0293504553701357 0.0015004157914712 82.3421890101311362 0.0293315552849387 0.9995051714033389 0.0113609947869271 2.2816829207741285 -0.0018331237132848 -0.0113120779500352 0.9999343361190794 1.3646182642514153
0.9995482622783427 -0.0300469616338278 0.0006719173466687 83.3956315926089786 0.0300375920602313 0.9994863562349942 0.0111699043557893 2.3124523718166774 -0.0010071939081449 -0.0111446757094871 0.9999373889218073 1.3877441220531022
0.9995408403736274 -0.0302944461323950 0.0005957841169701 84.4292633882273407 0.0302869067968006 0.9994903864814801 0.0100831844068898 2.3551405169651107 -0.0009009449841875 -0.0100605101576832 0.9999489859155329 1.3989419963113656
0.9995222868276307 -0.0308972343322615 0.0007476934404069 85.4429259003212422 0.0308889123898639 0.9994791592715608 0.0093426587856629 2.3921438237408634 -0.0010359663289978 -0.0093151002373208 0.9999560768760465 1.4231463091654533
0.9995044985595634 -0.0314139816665098 0.0019796754916139 86.4653710401789795 0.0313958193741914 0.9994698573532832 0.0086201373556892 2.4164373019866989 -0.0022494188180636 -0.0085537125310585 0.9999608862935174 1.4386815724844300
0.9994615062368564 -0.0324612298403676 0.0047922967359348 87.4786146439327155 0.0324259867890343 0.9994477914180602 0.0072572453671467 2.4663257189337227 -0.0050252294984209 -0.0070979424351303 0.9999621824257534 1.4521642253376776
0.9994262498197889 -0.0333523226496012 0.0058986222992996 88.4735031448125113 0.0333091874948434 0.9994186842880176 0.0072657776212280 2.4868800575394072 -0.0061375238970014 -0.0070651305638798 0.9999562064063251 1.4721426001410667
0.9993683175985947 -0.0349956835605805 0.0061861063911160 89.4223221150306671 0.0349584455230202 0.9993705832168954 0.0060286389290056 2.5367352642756638 -0.0063931890921918 -0.0058085740806162 0.9999626931042885 1.4769346580534561
0.9992460273402952 -0.0384185299028043 0.0056029817727119 90.3575393767552555 0.0383889516158115 0.9992488468583400 0.0052943787281071 2.5757820535598119 -0.0058021753228332 -0.0050752943151191 0.9999702876331567 1.5042358918702543
0.9991025836993693 -0.0420655301687218 0.0049516075035330 91.2576957789322591 0.0420422758108541 0.9991047291321605 0.0047103365480902 2.6258542417425947 -0.0051453172777547 -0.0044979325669198 0.9999766468836834 1.5120901810282590
0.9989745222927217 -0.0450325174121890 0.0046878764434929 92.1547756845354940 0.0450119293142753 0.9989767225348124 0.0044084070831851 2.6704987501115149 -0.0048816011139022 -0.0041928759968882 0.9999792946663643 1.5245161294004939
0.9988136421491175 -0.0483583683100882 0.0057250739034886 93.0070859596668953 0.0483310572451884 0.9988197589321762 0.0048164377117961 2.6961173574101926 -0.0059512320049610 -0.0045340248185410 0.9999720123366294 1.5402913242937599
0.9986706670983416 -0.0511344329172661 0.0064937237070062 93.8495316897568017 0.0511008391890544 0.9986797622632692 0.0052380034320874 2.7646809161689117 -0.0067529927830348 -0.0048992056508963 0.9999651968306009 1.5544945059996369
0.9985046297681764 -0.0540331990674644 0.0083016703170299 94.6667327023922951 0.0539724504561011 0.9985151866512256 0.0073754063367259 2.7987998393247961 -0.0086878606849218 -0.0069163158837536 0.9999383409247370 1.5664306181941017
0.9983393022846671 -0.0568943838071956 0.0090369577272268 95.4265011575754158 0.0568136310166361 0.9983446429370114 0.0089546216936623 2.8569496833882235 -0.0095314660189126 -0.0084263283920464 0.9999190707979120 1.5771761795750723
0.9981755170285421 -0.0596906222824154 0.0090921293622933 96.1968579785519324 0.0595846248615072 0.9981568478894859 0.0115143168029682 2.9050250802241475 -0.0097626679199962 -0.0109515580107887 0.9998923710541151 1.5928002173605420
0.9980343134560383 -0.0621080693883806 0.0083723880214933 96.9172226113340685 0.0620084915644211 0.9980073881565922 0.0116704823705908 2.9671265357162708 -0.0090805362308326 -0.0111283827084286 0.9998968461596702 1.6025259257049125
0.9979268999498849 -0.0641763876572914 0.0048263468248126 97.6203324474462448 0.0641056988666019 0.9978504466345862 0.0135994677830185 3.0151756399339442 -0.0056887370511286 -0.0132618783894988 0.9998958750051653 1.6144916410383101
0.9977515258882583 -0.0670159857923137 0.0008661616110698 98.2908885996730390 0.0669923453049185 0.9976146691146800 0.0166432460101422 3.0662282039578721 -0.0019794590671809 -0.0165477979046144 0.9998611164188301 1.6261424170280765
0.9976240760605044 -0.0688668248765943 -0.0018876694205638 98.9112566436841121 0.0688901571789298 0.9974478322117999 0.0187608171422115 3.1234078813517421 0.0005908538627994 -0.0188462847107233 0.9998222184190123 1.6360825420713032
0.9975418026346632 -0.0700051601238881 -0.0031031520129395 99.5016135960079282 0.0700533232327342 0.9973437079380933 0.0199514445678835 3.1688016032177915 0.0016982050632030 -0.0201197860904148 0.9997961343730227 1.6490093725425301
0.9975763218547792 -0.0695266921219284 -0.0027424728389924 100.1066567999523613 0.0695706090031171 0.9973289567780754 0.0222459509774495 3.2142045942472639 0.0011884601909358 -0.0223828294578290 0.9997487666948314 1.6634787032842517
0.9977746424717764 -0.0666549922123488 -0.0016955392919505 100.6617364397700243 0.0666765538458440 0.9974530325670711 0.0253315019293303 3.2690054015183865 0.0000027497447660 -0.0253881829977081 0.9996776681293394 1.6757592866085944
0.9981264850751684 -0.0611838535711718 -0.0002363338127472 101.2052299554299424 0.0611658323272616 0.9977226836103864 0.0284286398725327 3.3067130032719092 -0.0015035781333066 -0.0283898339458026 0.9995957966004693 1.6876761771727264
0.9985531286711098 -0.0537350408252531 0.0020480743752136 101.7154305500841076 0.0536535032312613 0.9981405017172015 0.0289281942531199 3.3315578880541450 -0.0035987236836221 -0.0287764525131501 0.9995793940296125 1.6963631133342278
0.9990064598994987 -0.0443188458992400 0.0046832656587895 102.2059262454660455 0.0441704060187691 0.9986289671681264 0.0280920124743326 3.3718772348749488 -0.0059218503196604 -0.0278572401877931 0.9995943706613754 1.6996140834602860
0.9994568997911302 -0.0323512320252186 0.0062692301244412 102.6873233134436134 0.0321661576197742 0.9990996798234916 0.0276616716880322 3.3816308557206938 -0.0071584749690539 -0.0274449915840233 0.9995976834072148 1.7125736529531179
0.9997905846111182 -0.0192311609542629 0.0069963827303582 103.1268806893238121 0.0190324405713761 0.9994422538210543 0.0274398885381873 3.3851198222478458 -0.0075201814376689 -0.0273009839647281 0.9995989711607861 1.7264421871913116
0.9999693672631993 -0.0041201555537557 0.0066549871111670 103.5673744349165446 0.0039389393975060 0.9996272013958440 0.0270174570590099 3.3655604124310452 -0.0067638222670113 -0.0269904158494367 0.9996128091219193 1.7264582371687740
0.9998863016006381 0.0143015064763747 0.0047802493558506 103.9819130415941686 -0.0144249093678263 0.9995350391162581 0.0268631265602206 3.3742957587628122 -0.0043938435484089 -0.0269290269294426 0.9996276915169494 1.7426933082621689
0.9993692252878082 0.0355037735176328 0.0007959985267035 104.3734228830210924 -0.0355123681721207 0.9990126869441178 0.0266931270461462 3.3521818891684254 0.0001524941101582 -0.0267045574893610 0.9996433580806926 1.7466654059878144
0.9981971031960234 0.0599486786516350 -0.0029494235013781 104.7959242596660374 -0.0598596659300195 0.9979108244969859 0.0243065165437673 3.3135124318691895 0.0044004051874740 -0.0240861428972961 0.9997002021378795 1.7594888520283496
0.9961986331278676 0.0869409527434876 -0.0054363673737930 105.1617135988601603 -0.0867922449433180 0.9959532967889693 0.0233267407256658 3.2943381062650281 0.0074424170715748 -0.0227662326975283 0.9997131133864828 1.7664852032430038
0.9931493001678386 0.1166753721869006 -0.0064284602495848 105.5783434552524938 -0.1165249426593280 0.9929821812342933 0.0202070653343228 3.2043287884667535 0.0087410133492978 -0.0193195568332578 0.9997751494258066 1.7748350060403235
0.9888276973851579 0.1488654148505181 -0.0076728837701185 105.9645830712793213 -0.1487161246286303 0.9887283722897994 0.0173124263061426 3.1432000384625711 0.0101636194049310 -0.0159779251014353 0.9998206872984998 1.7759867779102290
0.9827781024162917 0.1845758831129142 -0.0088850877384922 106.3343228252278720 -0.1844225518080320 0.9827205986380797 0.0157653860412010 3.0464138874847633 0.0116414687924936 -0.0138552656236608 0.9998362405008389 1.7967820407560986
0.9748836001338702 0.2225058764792462 -0.0096488922797757 106.6857720324049836 -0.2223897486101579 0.9748864491344967 0.0117987714209197 2.9472294405446364 0.0120318703091018 -0.0093566140315170 0.9998838371884657 1.8023410546264924
0.9648792474355455 0.2624834852776938 -0.0105098917544352 107.0496577495456023 -0.2623796562227213 0.9649098006273431 0.0102952733692530 2.8234901036188158 0.0128434367932352 -0.0071761138352013 0.9998917689037962 1.8165727043137636
0.9526376616165402 0.3039194654694228 -0.0106978585964975 107.3649926921978448 -0.3038106298048990 0.9526725457113104 0.0106827836017432 2.7027544885215615 0.0134382620647522 -0.0069266988321545 0.9998857104469329 1.8332002999249362
0.9374181052549065 0.3480594332126295 -0.0100958849044626 107.7049703636593847 -0.3479428147485874 0.9374429426144399 0.0116844771902716 2.5787280574986520 0.0135312085613680 -0.0074404498575621 0.9998807659420127 1.8320746098990857
0.9197543195591471 0.3924033688724365 -0.0084609544291917 108.0612010516887267 -0.3923021284777654 0.9197646962772749 0.0114866650420022 2.4048809656852295 0.0122894932403723 -0.0072456593581853 0.9998982292095331 1.8535463469957798
0.8997167829711337 0.4364142282351723 -0.0072340745069956 108.3370547559544548 -0.4363238664868873 0.8997183301184400 0.0113318128654988 2.2370220253994737 0.0114539938015885 -0.0070390228572310 0.9999096250077847 1.8500141626042008
0.8767060972986460 0.4809655382749227 -0.0076531007631459 108.6723205464651727 -0.4808817118355396 0.8767216456733100 0.0105799447070506 2.0175147566271909 0.0117982278965144 -0.0055952658379223 0.9999147437750405 1.8708522751333549
0.8517154175343867 0.5239245884123614 -0.0091582307878230 108.9126981541291457 -0.5238304223341080 0.8517528450835716 0.0108986021723582 1.8435353464912581 0.0135105947868831 -0.0044851475983527 0.9998986685057270 1.8753597482421829
0.8240999889194084 0.5663336315166392 -0.0111993783848294 109.2018985334219252 -0.5662234257348273 0.8241696907190867 0.0116341329338092 1.6205000251640278 0.0158189889736224 -0.0032463384266804 0.9998696019355083 1.8831372991038280
0.7937010735013645 0.6081710222382563 -0.0129078903177826 109.4533651775551704 -0.6079886179804416 0.7937932614569227 0.0155595138681848 1.4086745750887404 0.0197090418086252 -0.0045017524649859 0.9997956230628987 1.9045706375280720
0.7600874676900411 0.6496959341029289 -0.0127371374595463 109.7228231058963956 -0.6493892994734958 0.7601510172997321 0.0215399310004666 1.1446940607028935 0.0236765535892214 -0.0081008708362104 0.9996868493192415 1.9188798351861278
0.7234343359513693 0.6902951389618069 -0.0116354068386525 109.9548335211750469 -0.6898685903611556 0.7234388350335295 0.0267876837080359 0.9139826998691298 0.0269089130161995 -0.0113522284609386 0.9995734276726534 1.9149943176355522
0.6842400260399611 0.7291606688314823 -0.0118450746750945 110.1832824456314057 -0.7287238151624326 0.6842706001756684 0.0271172813965418 0.6358781313348182 0.0278780913970465 -0.0099229413207840 0.9995620777398482 1.9213759337869611
0.6431454243271426 0.7656519269749408 -0.0118781263934807 110.3957041782386881 -0.7653225956438355 0.6432286862848080 0.0231987443044286 0.3132928216851561 0.0254025149156882 -0.0058295677266844 0.9996603064921995 1.9455633387177904
0.5996166226833761 0.8002241594681639 -0.0100598412140689 110.5904561764865690 -0.7999337110581145 0.5996779487719736 0.0221904409472017 0.0251384893815845 0.0237899918994270 -0.0052585511415905 0.9997031479020743 1.9471692758877488
0.5533845714855521 0.8328912083554062 -0.0075994135315430 110.8094629174025414 -0.8326848839479531 0.5534208930775943 0.0190052400611449 -0.3282283275244700 0.0200349715831040 -0.0041892898526314 0.9997905029375879 1.9662553371143170
0.5055728039511915 0.8627653834862625 -0.0056597670210519 110.9282947343767063 -0.8626173553373815 0.5055932127100076 0.0163340604968491 -0.6231829872727241 0.0169540017598156 -0.0033758435057749 0.9998505715880512 1.9510650579448716
0.4551896072231428 0.8903811575513521 -0.0048801386819658 111.1392047128877891 -0.8903106996097632 0.4552151228058136 0.0112272048730783 -1.0147179824953920 0.0122180046003781 -0.0007656672922566 0.9999250642509081 2.0015945857284629
0.4039778923382077 0.9147682261840380 -0.0009771724965259 111.2430489970641503 -0.9147028581146965 0.4039613846735211 0.0115706978811456 -1.3605852782121466 0.0109792467312084 -0.0037804836674640 0.9999325797694839 1.9914685810405623
0.3528743389633879 0.9356688855622937 0.0018540474015944 111.3647622282077521 -0.9355730847007755 0.3528081984076371 0.0151452408311310 -1.7244318390748867 0.0135168074865180 -0.0070789636934178 0.9998835853180108 2.0021933816725581
0.3021770713627254 0.9532456199735654 0.0034359196526865 111.5093087226886155 -0.9530695321652628 0.3020468419620937 0.0206439366161971 -2.1344032185447346 0.0186409334780723 -0.0095127946440235 0.9997809871852569 2.0089686031804916
0.2555540326412818 0.9667911570430709 0.0026448183488544 111.5769157861748369 -0.9665603210312330 0.2554308594934579 0.0227205155406492 -2.5170466534863518 0.0212904252841074 -0.0083626958424399 0.9997383573262900 2.0097784415078284
0.2134774933321331 0.9769424813672951 -0.0032784051826338 111.6713277252401468 -0.9766942055004488 0.2134973212716638 0.0220753879166615 -2.9827612816834730 0.0222663149729844 -0.0015105991316223 0.9997509336368671 2.0294603822571062
0.1783950559292032 0.9839015576793323 -0.0106267970809656 111.6987101290244766 -0.9836947903230743 0.1785869992280835 0.0212424856820364 -3.3710431618614796 0.0227983225536319 0.0066639705050441 0.9997178741954394 2.0512797626717543
0.1471068902782688 0.9890339451576132 -0.0130926757626126 111.7681167214572326 -0.9888358867615618 0.1473692344280489 0.0220430895422338 -3.8391373389419430 0.0237308214171689 0.0097038172931211 0.9996712879966135 2.0671089731422225
0.1193306058538941 0.9928063075701905 -0.0097899006831906 111.7965930203378093 -0.9926245751423182 0.1195093907275757 0.0203459664665006 -4.2758027799375018 0.0213695889074849 0.0072897995012070 0.9997450672512255 2.0802047036661859
0.0939149761663374 0.9955712294023292 -0.0042313636113393 111.8595978107754689 -0.9954366818995001 0.0939727567570120 0.0165811132437290 -4.7703840980443823 0.0169053122003174 0.0026548396980858 0.9998535704019801 2.0722773690599343
0.0697947485231859 0.9975592412165690 0.0020623632095617 111.8941065216377098 -0.9974734932512046 0.0697610094650771 0.0134175936610201 -5.2782182905639523 0.0132409720120568 -0.0029936302103515 0.9999078531736511 2.0802533164378221
0.0474378059317512 0.9988731546652302 -0.0014406448254465 111.9047365151560598 -0.9988221742690787 0.0474500052688904 0.0101371193330680 -5.7981182802181701 0.0101940549719976 0.0009580652972729 0.9999475803031447 2.0980817009710790
0.0268256057085792 0.9996129538918297 -0.0073708405232252 111.9099115792394628 -0.9995840308451400 0.0269014859321892 0.0103959287234173 -6.3138790107378178 0.0105901915823080 0.0070888973960133 0.9999187943908039 2.1199903621583127
0.0091215858210643 0.9998780654127734 -0.0126748167055451 111.8955118169806013 -0.9998793537118028 0.0092795029480859 0.0124566787670140 -6.8720183600974192 0.0125727758660158 0.0125596628715373 0.9998420776180488 2.1346913649529777
-0.0052324861444264 0.9998984891502384 -0.0132526406357332 111.8894769506426741 -0.9998356925391650 -0.0050012277319258 0.0174234223361112 -7.4290420236348949 0.0173553741958354 0.0133416309439632 0.9997603672232049 2.1415595478994347
-0.0166698311262941 0.9998021386303385 -0.0108535856021204 111.9041985820040566 -0.9996174164373069 -0.0164251691847734 0.0222538664608083 -8.0467419061763579 0.0220711913005339 0.0112204013944815 0.9996934355626839 2.1418786298612376
-0.0231347376664555 0.9996536471601440 -0.0125447053582930 111.8743567493109765 -0.9994879416757925 -0.0228498094453380 0.0223995681431444 -8.6619197503989120 0.0221051658621216 0.0130564898703231 0.9996703905360378 2.1422312787277851
-0.0254904622919636 0.9995029405616653 -0.0185501520405135 111.8328654897841119 -0.9995106914676197 -0.0251453922484006 0.0186034107247795 -9.2997014212307665 0.0181277128745673 0.0190152848324251 0.9996548429176337 2.1722062679240950
-0.0254958344049518 0.9994749709488242 -0.0199936208537209 111.8154380436056243 -0.9995345487346619 -0.0251519928926098 0.0172645051862494 -9.9699719566951934 0.0167525614098621 0.0204244877629079 0.9996510351046667 2.1892755608269074
-0.0237205759402728 0.9995258768274495 -0.0196304821484423 111.8109504316363143 -0.9995829998930215 -0.0233893487943169 0.0169341279033231 -10.6202502803527192 0.0164669548469067 0.0200239835021994 0.9996638832541533 2.2191756325657073
-0.0218738317395697 0.9996382703289475 -0.0156481302007591 111.8089539263889378 -0.9996188387149454 -0.0216043482064641 0.0171880605292894 -11.3009881870804954 0.0168437754441708 0.0160181344832903 0.9997298167987496 2.2101811406811156
-0.0207479355368965 0.9996743807522548 -0.0148544821031549 111.8018171248229606 -0.9996242741560264 -0.0204761301393928 0.0182219266970414 -12.0170339177055361 0.0179118309782804 0.0152269682507981 0.9997236146800248 2.2328962477621710
-0.0199170500688115 0.9997009343385439 -0.0141898907394898 111.7943656789047964 -0.9996285934953506 -0.0196475504631897 0.0188851483262177 -12.7371458945203795 0.0186007038324705 0.0145607569665391 0.9997209601551316 2.2501719756109884
-0.0192020730981248 0.9997192697214232 -0.0138802786859172 111.7916993131519519 -0.9996488863968160 -0.0189434896780396 0.0185269566962283 -13.4795985876862687 0.0182588147024988 0.0142311611080214 0.9997320089599899 2.2694068784913877
-0.0183437568595304 0.9997470527260582 -0.0130129608405899 111.7795021120250567 -0.9996770022873961 -0.0181103932639748 0.0178298837211537 -14.2392941543716010 0.0175897038623200 0.0133358247358188 0.9997563493655098 2.2918655890456057
-0.0179894149606963 0.9997515932940159 -0.0131579882751478 111.7628003223701398 -0.9997087249303874 -0.0177737647140914 0.0163266220005129 -15.0000188533701451 0.0160886993704086 0.0134478620592707 0.9997801302079390 2.3179556977313567
-0.0185392271782574 0.9997335014322924 -0.0137558412887672 111.7589538728275471 -0.9997320202780026 -0.0183449267140288 0.0141191818006814 -15.7818245281436234 0.0138630691586220 0.0140139137212167 0.9998056938904266 2.3391603222697404
-0.0194258113415349 0.9997323472932451 -0.0125646977385785 111.7516925715087268 -0.9997293363034936 -0.0192617705338605 0.0130475411506392 -16.5710314491233213 0.0128020306162659 0.0128147560039063 0.9998359315611040 2.3518709619278066
-0.0204851430221806 0.9997384420831961 -0.0101688906192079 111.7349214598367979 -0.9997186893019006 -0.0203610078837573 0.0121643585300659 -17.3692962337973889 0.0119541279837228 0.0104152186257504 0.9998743031227109 2.3640265747518487
-0.0216802064483641 0.9996786756448318 -0.0131344626594488 111.7127300641776912 -0.9997233492550098 -0.0215575767625866 0.0094072226757957 -18.1627302503188020 0.0091210527190191 0.0133347795302860 0.9998694865092022 2.3674344544775190
