1.0000000000000000 0.0000000000000000 0.0000000000000000 -0.0000000000000000 -0.0000000000000000 1.0000000000000000 0.0000000000000000 -0.0000000000000000 -0.0000000000000000 -0.0000000000000000 1.0000000000000000 -0.0000000000000000
0.9999929880905895 0.0017157965609894 -0.0033286351280245 0.9673649102211418 -0.0017126594191333 0.9999980867970797 0.0009450925321440 0.0056889785986694 0.0033302503461865 -0.0009393850869359 0.9999940134762259 0.0308630346485558
0.9999878665731620 0.0024512745733404 -0.0042729333509963 1.9429644662402763 -0.0024516694018570 0.9999969908550256 -0.0000871667248799 0.0079254523270502 0.0042727068235440 0.0000976414872016 0.9999908671795658 0.0466789567658260
0.9999945338161094 0.0027688568807973 -0.0018071440107961 2.9195506191207041 -0.0027700912626624 0.9999959314686567 -0.0006809115435598 -0.0052345148758447 0.0018052513117615 0.0006859137754068 0.9999981352932584 0.0483605648624066
0.9999941686445039 0.0019877188246986 0.0027769859311145 3.8720321082052611 -0.0019799351217369 0.9999941118567343 -0.0028028750908800 -0.0106759416437180 -0.0027825409074049 0.0027973604943414 0.9999922160898870 0.0231930439357532
0.9999934162633596 0.0008431090144110 0.0035293904749965 4.8332589035607763 -0.0008255397400817 0.9999872764267251 -0.0049764916153759 -0.0151225799349670 -0.0035335412934793 0.0049735451993704 0.9999813887938500 0.0562536353289075
0.9999992079681406 0.0004476109187068 0.0011763109949924 5.7777285938508625 -0.0004391568416327 0.9999741457150378 -0.0071773980486539 -0.0143796626561393 -0.0011794932640472 0.0071768757789046 0.9999735502750532 0.0640382082032316
0.9999973804889554 -0.0009353916909658 -0.0020890326976559 6.7097598559334930 0.0009218240589704 0.9999785392195920 -0.0064862424141571 -0.0044883669555635 0.0020950550426437 0.0064842997027728 0.9999767820313294 0.0761560957771891
0.9999960813986282 -0.0013980800939388 -0.0024253988206462 7.6210558081543835 0.0013812735376588 0.9999751212832040 -0.0069172897912121 -0.0047175950061660 0.0024350094049969 0.0069139125459016 0.9999731339103592 0.0889535638396535
0.9999970422341672 -0.0020092558558107 -0.0013705523788209 8.5311382096339976 0.0019998958950250 0.9999749012720319 -0.0067968553316235 0.0085253222359885 0.0013841746010757 0.0067940942660407 0.9999759618829734 0.0981966651268163
0.9999948805423938 -0.0030110705264273 0.0010827480263109 9.4653646863081686 0.0030183287908385 0.9999725577811001 -0.0067656024147895 0.0165674222587000 -0.0010623466072779 0.0067688358681158 0.9999765268648442 0.0935453151306064
0.9999900526908019 -0.0038674575686165 0.0022220016656901 10.3981896313286821 0.0038827348186224 0.9999685684941604 -0.0069127703612836 0.0277192874540286 -0.0021951969787779 0.0069213290410538 0.9999736378097823 0.1055036871138780
0.9999845739777503 -0.0045422936013059 0.0031967757782940 11.3204573641407844 0.0045697246576372 0.9999523493663414 -0.0086265064358494 0.0267993829440101 -0.0031574393249174 0.0086409817482682 0.9999576811102235 0.1150787207776725
0.9999817452193466 -0.0051274085189780 0.0031967029810877 12.2220684980542735 0.0051535855297346 0.9999528114514902 -0.0082350122312135 0.0372517257821051 -0.0031543278614458 0.0082513363850978 0.9999609820706018 0.1240719084656916
0.9999782003774178 -0.0060546149647847 0.0026344653288557 13.1096852122795902 0.0060778505259465 0.9999418957288342 -0.0089030836910330 0.0480801377259914 -0.0025804075114194 0.0089189014936533 0.9999568964176514 0.1366907049486697
0.9999742294634301 -0.0071735394027540 0.0002841504116503 14.0132628049501058 0.0071759374311684 0.9999281467721611 -0.0096024587879998 0.0422497177220955 -0.0002152463780469 0.0096042503730595 0.9999538549572017 0.1480337546480576
0.9999578428266430 -0.0091414630808595 -0.0008638415525661 14.9130945472540439 0.0091328728659451 0.9999134165555960 -0.0094736489975993 0.0527440387445847 0.0009503697707416 0.0094653602602603 0.9999547508524785 0.1581606863830015
0.9999420104521124 -0.0106873085180135 -0.0013255827504350 15.8089635209672110 0.0106745647178921 0.9999000129361674 -0.0092745780678040 0.0671292211135897 0.0014245704864929 0.0092598902203566 0.9999561115529201 0.1713760141419919
0.9999250242205592 -0.0120522892086204 -0.0021652395585527 16.7198575574399406 0.0120343248951412 0.9998945619263973 -0.0081265032047187 0.0843318251905383 0.0022629542267428 0.0080998367174834 0.9999646352163249 0.1880911658175111
0.9999036922930813 -0.0136806605494870 -0.0023335949932747 17.5972832811318796 0.0136633350529211 0.9998801107856323 -0.0072854190368957 0.1107057014142055 0.0024329845652088 0.0072528327046234 0.9999707380738020 0.1917047264063024
0.9998835939494627 -0.0151339754721194 -0.0019394166946167 18.4901544749007272 0.0151193867378403 0.9998588408879843 -0.0073281950580066 0.1242693575815419 0.0020500476525411 0.0072980192207106 0.9999712676972656 0.2045752066929472
0.9998617402186307 -0.0165892387421035 -0.0011391246327258 19.3833137411384975 0.0165804116503503 0.9998354132214379 -0.0073645378552507 0.1473833493377861 0.0012611092245782 0.0073446324805253 0.9999722326031106 0.2156707006581890
0.9998408266863155 -0.0178318367318162 -0.0005889736795198 20.2695045070583468 0.0178274591470615 0.9998182978476687 -0.0067492954706518 0.1595998235591074 0.0007092189966221 0.0067377212587163 0.9999770497969714 0.2343606749282147
0.9998110628677188 -0.0194343030677522 -0.0003826638121788 21.1446884242382325 0.0194312881737632 0.9997885259758056 -0.0067326344794712 0.1722720943953321 0.0005134269476410 0.0067239267840118 0.9999772623421858 0.2587293652735470
0.9997839945348226 -0.0207780850360753 -0.0004852362594829 22.0063888039226718 0.0207743815520048 0.9997618551819667 -0.0066826637087362 0.2049088725788394 0.0006239736577898 0.0066711397336559 0.9999775530238308 0.2630867239615632
0.9997553829979973 -0.0221146489905466 -0.0003412719631040 22.8546952970754624 0.0221121103591586 0.9997362789598871 -0.0061989601469213 0.2186742030092174 0.0004782697902625 0.0061898975325640 0.9999807280275675 0.2777552066799848
0.9997374376433906 -0.0228792898749380 0.0012624852657399 23.7125797110001137 0.0228867541558835 0.9997185025647893 -0.0062539678463801 0.2426770139823909 -0.0011190435361497 0.0062812199797467 0.9999796468014388 0.2900939464405120
0.9997107299490579 -0.0236891194666394 0.0041571677398576 24.5688823029610184 0.0237204014226702 0.9996894064787264 -0.0076441566283744 0.2656075475185631 -0.0039747932108995 0.0077405550903679 0.9999621416962862 0.2941378040037068
0.9996824306452441 -0.0245765671370261 0.0055704763688563 25.4138805638733061 0.0246187273769845 0.9996677901156327 -0.0076307055810723 0.2894893738265578 -0.0053810892535298 0.0077654203419094 0.9999553700667640 0.2991931173360173
0.9996740036432989 -0.0250676883238625 0.0048474159998196 26.2355450830810568 0.0251016337540137 0.9996598785848705 -0.0070735514814913 0.3171738882135928 -0.0046684497059492 0.0071929235905602 0.9999632330378769 0.3073916419753528
0.9996600762822737 -0.0259516212720125 0.0024990479532454 27.0484096832082059 0.0259651717777656 0.9996474319179887 -0.0055517307500717 0.3395967004111605 -0.0023540904548716 0.0056147317945022 0.9999814663507550 0.3284424877916983
0.9996433948933768 -0.0266923327097516 0.0007761575588432 27.8487284090985696 0.0266958057099516 0.9996317184546293 -0.0048745683851343 0.3541142654273411 -0.0006457581131856 0.0048935502405468 0.9999878180070507 0.3364199066433686
0.9996234838882438 -0.0274277285940029 0.0007811295050055 28.6328983936603905 0.0274308522704488 0.9996143814462838 -0.0043170301690237 0.3931586032481494 -0.0006624219551674 0.0043368317856660 0.9999903764973022 0.3475021361039050
0.9995840694660999 -0.0288376175002194 0.0002826420034994 29.4324688251135917 0.0288385878252984 0.9995742488342523 -0.0044336124867813 0.4097017504850046 -0.0001546668472989 0.0044399194082136 0.9999901315482143 0.3620092262330363
0.9995267244190603 -0.0307601416890643 -0.0003753070376532 30.2048665051542002 0.0307584441335105 0.9995192165292319 -0.0039056245692834 0.4407763961980996 0.0004952641613685 0.0038922322719959 0.9999923025910505 0.3707185604000323
0.9994688478301115 -0.0325785042304247 -0.0008144195833132 30.9718398986176666 0.0325749861285512 0.9994612377185360 -0.0040130508166139 0.4690902460337350 0.0009447199977663 0.0039843895693356 0.9999916160367974 0.3769261112942084
0.9994028582357231 -0.0345528489660161 0.0001660680549160 31.7173391241106408 0.0345532225445702 0.9993964167796667 -0.0035884453107340 0.4916691891950419 -0.0000419768101801 0.0035920406866292 0.9999935477200106 0.3957653195052463
0.9993389013793605 -0.0363072747235790 0.0018820180762569 32.4578897506116277 0.0363142331344484 0.9993331756473348 -0.0038053281685053 0.5286634358434155 -0.0017426020055442 0.0038711565144865 0.9999909887021435 0.3949925783899570
0.9992639767920450 -0.0382099979801327 0.0033912741124215 33.2147724942582840 0.0382206136079160 0.9992644462513096 -0.0031226837012464 0.5665362894021603 -0.0032694619101181 0.0032500019110606 0.9999893739967423 0.4032700794655444
0.9991830999270584 -0.0402509762390812 0.0036044045215207 33.9431127439207359 0.0402601346726711 0.9991860909810630 -0.0025054233417244 0.6005411671289123 -0.0035006251287762 0.0026484904726650 0.9999903655145503 0.4119351082014285
0.9991069765577941 -0.0421377694684659 0.0031076965369727 34.6527355193935378 0.0421395892713527 0.9991115964188714 -0.0005224149461865 0.6519678785829613 -0.0030829222476709 0.0006529054730411 0.9999950346401016 0.4225557657203965
0.9990325779816591 -0.0439068100460027 0.0024698507858786 35.3680626364737734 0.0439023193695324 0.9990341266110587 0.0018439686696709 0.6791797396073961 -0.0025484280048399 -0.0017337525957820 0.9999952497970381 0.4358726760110090
0.9989634569840500 -0.0454215229886657 0.0029827604439871 36.0578358149783256 0.0454151295579572 0.9989658278371710 0.0021773426073074 0.7114471340980967 -0.0030785739734595 -0.0020396232460305 0.9999931811364037 0.4345454598031168
0.9989077330078528 -0.0465155945586179 0.0044317490870373 36.7512054133298491 0.0465011595649259 0.9989127638210457 0.0033064232211337 0.7529935233479516 -0.0045807309710872 -0.0030967302527392 0.9999847134659171 0.4393248213563369
0.9988997922056945 -0.0466133449220280 0.0051382104472646 37.4274035608389397 0.0465816500122155 0.9988957095529674 0.0061246484644660 0.7865682749140051 -0.0054180267219532 -0.0058785637577445 0.9999680432266755 0.4452568284092968
0.9989578790398650 -0.0455081590526031 0.0034876014418723 38.0853563234360308 0.0454735784712607 0.9989210813608314 0.0094248010018997 0.8340901282880109 -0.0039127439467043 -0.0092563855013870 0.9999495036061857 0.4562593897637822
0.9990432119654764 -0.0437331246340810 0.0002728285983479 38.7411740082817815 0.0437274735356666 0.9989828119038759 0.0110113386476335 0.8748940363253498 -0.0007541113258104 -0.0109888730252573 0.9999393361528204 0.4611837829123628
0.9991315614695906 -0.0416552262136098 -0.0009823463903991 39.3916441206599472 0.0416637474100388 0.9990662231720403 0.0114373890599001 0.8987102214642505 0.0005050020695195 -0.0114683846224319 0.9999341083926789 0.4808394961447166
0.9992579919279561 -0.0385101911267602 -0.0006563135601481 40.0253652319125024 0.0385153416512225 0.9991830568716460 0.0122387629326947 0.9336875685343845 0.0001844602896019 -0.0122549598128062 0.9999248881462988 0.4848688589223584
0.9993781866707658 -0.0352180988872763 0.0017104143994947 40.6704764304903392 0.0351826230308446 0.9992260050348440 0.0175947122390591 0.9730797572370632 -0.0023287428628895 -0.0175235947474209 0.9998437380830100 0.4850697255669355
0.9994888361571207 -0.0315471606773136 0.0051810279370064 41.2801633042255318 0.0314265730966644 0.9992659800154584 0.0219059737776153 1.0029387795045666 -0.0058682962335156 -0.0217319542826989 0.9997466105280729 0.4849099324279245
0.9996144898563167 -0.0271193893684282 0.0059506629529244 41.8770751753523101 0.0269564595068968 0.9993000746212529 0.0259366565465035 1.0218537988064338 -0.0066498842207031 -0.0257662488973819 0.9996458770272648 0.4910845958533884
0.9997394809151234 -0.0218757962605042 0.0065130513224255 42.4558093735371500 0.0216693810385755 0.9993079094221263 0.0302347497390735 1.0381937439755646 -0.0071699529262514 -0.0300857392189106 0.9995216056047448 0.4990030353445850
0.9998346478991375 -0.0159578544034031 0.0087191595493844 43.0218571522830828 0.0156541480354641 0.9993041387186884 0.0338553686877594 1.0676821953783060 -0.0092533512681412 -0.0337132796170906 0.9993887082951098 0.5069101383512744
0.9999015402801559 -0.0097345271641287 0.0101068653034759 43.5943385771988474 0.0093360045632070 0.9992050821250484 0.0387561978820295 1.0678883248683846 -0.0104761044366474 -0.0386580242170508 0.9991975822626206 0.5053805348334881
0.9999478111183027 -0.0021969089442388 0.0099774060159005 44.1197129320172436 0.0017755155542050 0.9991139737880025 0.0420489586798935 1.1023103669267404 -0.0100609435060624 -0.0420290491521916 0.9990657317930239 0.5053093497022182
0.9999326939514872 0.0048752102122076 0.0105280526360830 44.6364409888500617 -0.0053449408429594 0.9989699906303300 0.0450598427363397 1.0817586842398672 -0.0102975324377548 -0.0451130817549099 0.9989288116178591 0.5224417954831497
0.9998691512393694 0.0123037891365273 0.0105022460810474 45.1112804465242476 -0.0128101277122859 0.9986874815200421 0.0495904716971970 1.1029811636241240 -0.0098783109820417 -0.0497185179590004 0.9987144176110119 0.5228237122397432
0.9997576168754166 0.0202159856725119 0.0087190264867354 45.6046571298430621 -0.0206623983506261 0.9982957622345295 0.0545768852077478 1.0794251686869871 -0.0076008416631084 -0.0547438126902797 0.9984715029374368 0.5244329584933296
0.9995859244541280 0.0281435651687328 0.0059932772987385 46.0282258258961434 -0.0284332846229581 0.9980525832693258 0.0555210712700626 1.0784559739772590 -0.0044190450027285 -0.0556684899114284 0.9984395280998469 0.5377124161532727
0.9993232143502022 0.0362801497517219 0.0060715726770358 46.4503372359323095 -0.0365654089570717 0.9977366899639859 0.0564310939776220 1.0689844270659015 -0.0040105022854998 -0.0566149117609640 0.9983880346026370 0.5271785894285566
0.9989967648330585 0.0440919813475004 0.0078333284071543 46.8554378600007695 -0.0444605714108104 0.9974593482651524 0.0556606337394913 1.0525101429555377 -0.0053592390231153 -0.0559530672913402 0.9984190166547229 0.5489410785393554
0.9986044416247319 0.0520236948919113 0.0090941924958028 47.2251106318537026 -0.0524577137416958 0.9970065476966593 0.0567990503352249 1.0259154961636456 -0.0061120729995392 -0.0571968444914790 0.9983442109532492 0.5407958303296164
0.9981016528674538 0.0607182523947981 0.0103142798768726 47.5818362714635441 -0.0612296225982645 0.9963204899444010 0.0599701145023319 1.0086532080565651 -0.0066350478318518 -0.0604878098716618 0.9981468834781776 0.5529832546119102
0.9975263633029072 0.0694989527546409 0.0105380302563895 47.9056253878614555 -0.0700382336981877 0.9954345374402914 0.0648438701148468 0.9936457104928550 -0.0059833382082611 -0.0654215349639647 0.9978397779337344 0.5550814583475869
0.9968228264669280 0.0788274814941233 0.0114228190819249 48.2135238433666231 -0.0794266124422821 0.9944947052998003 0.0683497941957889 0.9801721649434230 -0.0059720909594762 -0.0690399108628975 0.9975960228657765 0.5456973956725268
0.9960493631595645 0.0879240218502296 0.0124512060101143 48.5063141535287343 -0.0885696265229181 0.9937580422626012 0.0678260620705114 0.9435896566238128 -0.0064099459449169 -0.0686609045970297 0.9976194629080273 0.5595073072190520
0.9950547938405859 0.0986508592597611 0.0115743346322715 48.7562341352779001 -0.0992069965460780 0.9928155762553124 0.0668969609260273 0.9070233543997714 -0.0048917370304912 -0.0677143966386967 0.9976927540063032 0.5666247260536216
0.9938308886820965 0.1105918267539909 0.0083434139637034 49.0289845133782336 -0.1109015850139305 0.9916535847954132 0.0657571760631807 0.8719627614905680 -0.0010015701435276 -0.0662768105570980 0.9978007723186157 0.5735330092832905
0.9922590067311039 0.1240677727746837 0.0054084489211309 49.2908169210725475 -0.1241530327981812 0.9900602046471234 0.0660818857260441 0.8542558216521311 0.0028439423371031 -0.0662418216297353 0.9977995455296407 0.5793124789597180
0.9902042960493370 0.1395591564531573 0.0043236484038518 49.5333320399520218 -0.1395301129873589 0.9879008244129401 0.0677001380646160 0.8045259140530792 0.0051768383374232 -0.0676402467050231 0.9976963452727046 0.5764926479711641
0.9877492001861973 0.1559944641271542 0.0041526730198154 49.8090829723348634 -0.1559088435822223 0.9853774298882155 0.0687295653976441 0.7554392585779648 0.0066294814564659 -0.0685350116989625 0.9976266847609087 0.5791619565840112
0.9849635499446335 0.1727073458168667 0.0043563724999840 50.0498800744789705 -0.1725918548349059 0.9825592666071079 0.0692050521938175 0.7161778298606467 0.0076718267128603 -0.0689163282930502 0.9975929444264792 0.5846438913854791
0.9816072582576797 0.1908607432148702 0.0044008221173293 50.3090882276641764 -0.1907091672433114 0.9792455668693041 0.0686158385227351 0.6520854593301797 0.0087865843877856 -0.0681930822465356 0.9976334494535123 0.5931792822788491
0.9777346481366392 0.2097842983672714 0.0050503456984640 50.5640668419556434 -0.2096411716731784 0.9754409245865451 0.0675690889478535 0.5795261208433702 0.0092486200386498 -0.0671233997969234 0.9977018152870542 0.6021436988623338
0.9731427164159967 0.2301425607480359 0.0052588229511577 50.7781818552914501 -0.2299659993609381 0.9708531398381957 0.0675264392978184 0.5325506580715518 0.0104351628842121 -0.0669222130436042 0.9977036257210486 0.6018968143946394
0.9679352271033338 0.2511472112322211 0.0051453301833617 51.0179693109029984 -0.2508956226669325 0.9655520111363126 0.0689978283512907 0.4649994732407704 0.0123605282650009 -0.0680763694750249 0.9976035411224792 0.6064308124312113
0.9617376768185095 0.2739260016778470 0.0050186245649877 51.2844672258757157 -0.2735957606324447 0.9592962617827626 0.0699717220995122 0.3775986283466879 0.0143527262807489 -0.0686675158601617 0.9975363509736898 0.6127613416800971
0.9545076150079399 0.2981215223296079 0.0062266215343003 51.5076212661330075 -0.2977955676162160 0.9519792699923358 0.0710863518053575 0.2912371415612547 0.0152647567943295 -0.0697067244154854 0.9974507304981403 0.6261196305135811
0.9460908584084358 0.3237970113716668 0.0082208918473552 51.7511211723777578 -0.3235004174131352 0.9433528865699401 0.0737076070272870 0.2115388075209124 0.0161111008164110 -0.0723935551478052 0.9972460105728902 0.6255170300019307
0.9362205679062180 0.3512706310947590 0.0099995979743339 52.0192958735509521 -0.3509951661319303 0.9333418144093381 0.0753355880517525 0.0985720249809337 0.0171301366421052 -0.0740405375816145 0.9971080970553033 0.6373388575389975
0.9250121954011893 0.3797677580907382 0.0113528971547637 52.2308123608569872 -0.3794943889358957 0.9220784348925501 0.0758641461579599 0.0077362964646774 0.0183424950659159 -0.0744836211582103 0.9970535306862501 0.6411332364161170
0.9122605655804217 0.4094592330759301 0.0111264071361906 52.4576066975520447 -0.4091159848208326 0.9094890827220784 0.0738493017802652 -0.1274112879085853 0.0201189326498539 -0.0719217968228241 0.9972073423771042 0.6542271519584169
0.8970650344280637 0.4417903640012061 0.0097774374075597 52.7176698996461539 -0.4413272634862298 0.8945612821294920 0.0706424731913832 -0.2725933694472548 0.0224626470019191 -0.0676859423404980 0.9974537797307432 0.6690209517888702
0.8796068161323172 0.4756381332996364 0.0077598430915341 52.9315072831050131 -0.4749788844540042 0.8772551811114788 0.0694147429289794 -0.4150101359653439 0.0262089361935535 -0.0647434426355578 0.9975577067514934 0.6803057054002377
0.8599284938011368 0.5103794483465260 0.0059836656327094 53.1763718667606042 -0.5094704651438102 0.8575663113890450 0.0708510177537132 -0.5847540777251593 0.0310295132907020 -0.0639753098943897 0.9974689614363240 0.6943009971074827
0.8381676174908830 0.5453894829003730 0.0050355666335114 53.3890583926629532 -0.5442656007460361 0.8357706252846354 0.0725425237766510 -0.7385600068411599 0.0353553508568834 -0.0635434800195361 0.9973526083150299 0.6970112751132412
0.8136774302847862 0.5812865389678092 0.0059160003357334 53.6253460905609742 -0.5800237259007670 0.8111473000936141 0.0749168535313125 -0.9402198832088762 0.0387494107998919 -0.0643895734235423 0.9971722348706844 0.7070657323700252
0.7864223202352076 0.6176269683898812 0.0087671063297563 53.8955524126624113 -0.6162985577098259 0.7836209033473988 0.0781944218074096 -1.1395357245378317 0.0414248959040437 -0.0668969936135510 0.9968995788166467 0.7274410874036094
0.7568616932532674 0.6534533733838854 0.0126121409371075 54.0998380210224425 -0.6520848704148223 0.7536930020749244 0.0820498653220852 -1.3415469514847678 0.0441100789149295 -0.0703245862875032 0.9965484200487251 0.7272524664420503
0.7239177441051987 0.6897335344669147 0.0145172725199153 54.3404019942597856 -0.6883152120585043 0.7206898922918012 0.0826332136449278 -1.5989569714745975 0.0465324469429272 -0.0698121091230556 0.9964742850677554 0.7459594553824304
0.6872823002024471 0.7262125678683711 0.0160731483680106 54.6114322438951234 -0.7248672151113948 0.6842409551824664 0.0798863925060883 -1.8948274239852132 0.0470165958474699 -0.0665554018920520 0.9966743792201659 0.7755681804459544
0.6481511166008400 0.7613106542910518 0.0174990774618230 54.8162512878164776 -0.7599883676871563 0.6452309246946650 0.0780687824798056 -2.1875993977812747 0.0481436499374110 -0.0638994638521961 0.9967943857637371 0.7969290937595334
0.6058695230716915 0.7953405067041885 0.0188573436200776 55.0706403284554966 -0.7940107939313157 0.6030363176900615 0.0767727729561265 -2.5171244958108741 0.0496888330859435 -0.0614872177150331 0.9968702733677143 0.8117474560261463
0.5600405927880054 0.8282473913890150 0.0189945541393056 55.2524136703416957 -0.8268208536589746 0.5573383075218843 0.0757712803328925 -2.8544495212034140 0.0521709726217906 -0.0581400862222716 0.9969442913171043 0.8388706486557577
0.5120218842231082 0.8587450208286582 0.0197630786722449 55.4415733955941832 -0.8572978453916802 0.5094524777077806 0.0741523920328014 -3.2334083569447873 0.0536096480439939 -0.0549104922523074 0.9970510736553110 0.8642800173222366
0.4632450269114095 0.8859496903248998 0.0222977858780126 55.6420565290424349 -0.8846420274280304 0.4607628315544354 0.0714569546367778 -3.6343678177978922 0.0530332758734662 -0.0528276373800027 0.9971944205514669 0.8865806955996680
0.4136617248739719 0.9100433975511563 0.0265516844632951 55.8201731378504178 -0.9089798590035397 0.4111811092287059 0.0684522559113719 -4.0429475169362501 0.0513769724701178 -0.0524510246515651 0.9973010060722919 0.9182991529609443
0.3638101264487101 0.9309060938870113 0.0324967114859392 55.9791664544093024 -0.9300737453876289 0.3611307924129730 0.0674342562189749 -4.4763626346485950 0.0510393968812488 -0.0547576034465087 0.9971943565979469 0.9269249123958062
0.3144156977465382 0.9486696146787649 0.0341867108070008 56.1272380072967394 -0.9477838382933207 0.3116899529802574 0.0674919927187335 -4.9569865448327421 0.0533719484423992 -0.0536221539702478 0.9971339427193585 0.9396652116645454
0.2666229761650253 0.9634088045681153 0.0274893408713136 56.2125967686267742 -0.9622984031143733 0.2645070498881681 0.0633861492992357 -5.4260620804618016 0.0537956498653113 -0.0433531525969346 0.9976104110400391 0.9911905044979139
0.2215458784392861 0.9749898167622710 0.0176714729561071 56.2871049949922124 -0.9737671824560796 0.2202306765750196 0.0572356835100060 -5.8977917735583452 0.0519124081324834 -0.0298882302116145 0.9982042854930567 1.0134294903105221
0.1787126605337696 0.9838376362542689 0.0111933218730955 56.3477023776925279 -0.9825187240063300 0.1778470908181423 0.0550215345523601 -6.4430097993292783 0.0521415567653554 -0.0208306931506490 0.9984224257702492 1.0669416344468732
0.1401564125256051 0.9900875674583661 0.0090988346686784 56.4107252149189691 -0.9885975065229059 0.1394226800025944 0.0568883678583532 -6.9523486030780557 0.0550558818351459 -0.0169683548191834 0.9983390830825390 1.0581529071630371
0.1068621272927552 0.9942680787377948 0.0033872339041277 56.4606330114268644 -0.9926854807675477 0.1064983065001531 0.0568651649597700 -7.4719502391666239 0.0561784836371488 -0.0094391904130456 0.9983761213393362 1.1129313508375622
0.0771096596613011 0.9970182755941855 -0.0029425360006720 56.4998321747763868 -0.9954965191923363 0.0771545276187283 0.0550804787912514 -8.0403909010792844 0.0551432739584886 -0.0013179526273078 0.9984775822911656 1.1476909805279940
0.0516485458917958 0.9986361792783601 -0.0076294916988109 56.5044810186713136 -0.9972342297357278 0.0519818734133377 0.0531203904337053 -8.5814215683939157 0.0534445390161859 0.0048647993544335 0.9985589692034159 1.1709193580054886
0.0315536891506202 0.9994272369104578 -0.0122295879944425 56.4952358001284054 -0.9981328779350689 0.0321483314204141 0.0519349860107805 -9.1617706342045810 0.0522984004157181 0.0105680134562271 0.9985755827204800 1.2024429650126194
0.0152026513928589 0.9997970689176972 -0.0132174269133084 56.5130389549124175 -0.9984635076209407 0.0158842003509351 0.0530878152545301 -9.7535234960207386 0.0532869903439383 0.0123900428890622 0.9985023703012889 1.2397665439294383
0.0015802023985829 0.9999025543194605 -0.0138702857143613 56.5062712835577017 -0.9985738879970499 0.0023179717722779 0.0533368279645343 -10.3321843711079193 0.0533637814517948 0.0137662221499374 0.9984802441495193 1.2584659440474231
-0.0102205682799874 0.9998523589226412 -0.0138130496583590 56.5074037515400249 -0.9984875087231911 -0.0094584006225022 0.0541593351271960 -10.9493454518082096 0.0540206896271215 0.0143456967239108 0.9984367611810554 1.2738501305964656
-0.0196787479576219 0.9996560205861985 -0.0173374561163615 56.4922980890416682 -0.9982137539346426 -0.0186660685832920 0.0567527914674946 -11.5557576844275545 0.0564096475306262 0.0184233110327707 0.9982377138117254 1.3278929548017608
-0.0270423342278099 0.9994135244056139 -0.0210076032583644 56.4566333465705412 -0.9979718982913297 -0.0257799220411272 0.0582021119922051 -12.1839754659284960 0.0576264034997084 0.0225389186675587 0.9980837613973017 1.3825737671254013
-0.0313712122838525 0.9992844855901597 -0.0211273258755389 56.4411519690502672 -0.9978609139614421 -0.0300996009638228 0.0580311158763488 -12.8324829091733896 0.0573536696984338 0.0229026391629523 0.9980911910699817 1.4114685568739607
-0.0348205199127098 0.9992154022239339 -0.0188709128414874 56.4209106242382532 -0.9979068715377977 -0.0337329545062448 0.0551721262770026 -13.4871405251592567 0.0544922667050516 0.0207525357183660 0.9982985150397667 1.4524487611217678
-0.0369748898504201 0.9991641111353766 -0.0174337758274669 56.4014988118660199 -0.9981603750663877 -0.0360876783410644 0.0487190426761496 -14.1703364878899318 0.0480491744765496 0.0192030854553362 0.9986603618553793 1.4717471254410346
-0.0383128901809626 0.9990954975654986 -0.0184474711093516 56.3827536748267093 -0.9983736710636157 -0.0374922507473614 0.0429458270482295 -14.8308790934880967 0.0422153452306261 0.0200628482087128 0.9989070761331172 1.5047686231004160
-0.0387081986878350 0.9990094499233287 -0.0219498136263546 56.3524493012713634 -0.9984578794489160 -0.0377933852265142 0.0406635340261365 -15.5313641542085019 0.0397936969973582 0.0234899765221022 0.9989317707843082 1.5270883772401198
-0.0389048454069609 0.9989239238221507 -0.0252469289146018 56.3169899429103822 -0.9983770151933639 -0.0378071051681845 0.0425905897164121 -16.2147752158346563 0.0415902457007696 0.0268629338412675 0.9987735650526546 1.5770604836607596
-0.0383752176745311 0.9989265179911041 -0.0259452177212107 56.2975698854097573 -0.9980744915080305 -0.0370504518153265 0.0497450843930010 -16.9140591690637763 0.0487304019008562 0.0278042384259818 0.9984248956512113 1.6040650082245760
-0.0365772265694213 0.9990282944607646 -0.0245880735989129 56.2674029339038668 -0.9977552135098385 -0.0351273865983688 0.0570140388387443 -17.5986063217860789 0.0560949232143723 0.0266182940397214 0.9980705516204696 1.6728490955948938
-0.0346252100918332 0.9990842459487187 -0.0251349223825525 56.2291849020987229 -0.9977264986668150 -0.0331012862604443 0.0587038219025193 -18.3147689129726707 0.0578180653788675 0.0271104102695746 0.9979589655746675 1.6998845059505518
-0.0320120350807573 0.9991459393416887 -0.0261270263712341 56.2224626495642994 -0.9980546780453098 -0.0305560305905219 0.0543432482137812 -19.0661355875538341 0.0534984975663982 0.0278158388614452 0.9981804395331398 1.7326184235222915
-0.0291377713346330 0.9992200815038399 -0.0266499343547054 56.1873618096917866 -0.9984385647575749 -0.0278230859814350 0.0484387065403654 -19.8077344070535020 0.0476594448822540 0.0280197181629142 0.9984705667707918 1.7672988213261731
-0.0264102653047671 0.9993292318001338 -0.0253689644307153 56.1998943874597288 -0.9985827200860101 -0.0252005085572993 0.0468773454248338 -20.5511307570015198 0.0462065907870026 0.0265710526364420 0.9985784546692533 1.7883322074925416
-0.0237474484029840 0.9992159900613128 -0.0316774983251235 56.1677656179146894 -0.9984221751907686 -0.0220919593557267 0.0516246590222089 -21.2731154353541498 0.0508843667709644 0.0328534707088233 0.9981640299473341 1.8597898571544398
-0.0203851096302119 0.9992293576057405 -0.0335430798255498 56.1567056665547000 -0.9982156145495502 -0.0184581125595873 0.0567880704919720 -22.0005194873668728 0.0561251652543475 0.0346408570846129 0.9978226179264608 1.9233720784743529
-0.0180183116717352 0.9994445314019009 -0.0280351403658880 56.1274455971627475 -0.9981944379399501 -0.0163747115341317 0.0577904221123288 -22.7303939453883892 0.0572992540112642 0.0290258070173562 0.9979350169308340 1.9562316602199805
-0.0140117449403836 0.9996269185179806 -0.0234455705405772 56.1494954467483751 -0.9984073165956379 -0.0127054295100666 0.0549672832625309 -23.4969681327586848 0.0546488899432021 0.0241784167226118 0.9982128545519555 1.9828864720029256
-0.0099991407020779 0.9995437541702017 -0.0285008891889333 56.1332241028007957 -0.9986573801783396 -0.0085333785108317 0.0510942116734036 -24.2182375719830212 0.0508276912770564 0.0289735215417574 0.9982870733656294 2.0196599566614757
-0.0064447639984277 0.9994241032656705 -0.0333155643598555 56.1175674435139555 -0.9986308977818983 -0.0047029712694266 0.0520981003162273 -24.9488522354189080 0.0519114150483812 0.0336057119080975 0.9980860990489872 2.0789748284297938
-0.0036871333605060 0.9994531272630969 -0.0328610932806284 56.1287154523663219 -0.9984171166977847 -0.0018350822616440 0.0562129305229280 -25.6823875219160840 0.0561218863943861 0.0330163425762048 0.9978778757896311 2.1477565602542561
0.0001343849227426 0.9995664766335881 -0.0294421590751702 56.1428266727909460 -0.9983259077430593 0.0018370104106268 0.0578100970570754 -26.4248118616475516 0.0578391205819190 0.0293851013792081 0.9978933570012599 2.1716438639646656
0.0037790175167517 0.9996003277065044 -0.0280161359872642 56.1512050349738345 -0.9983713202942990 0.0053662426457808 0.0567970972293883 -27.1747382158369355 0.0569247383869796 0.0277558694498191 0.9979925780639145 2.2317308357474945
0.0074552458232083 0.9994366280256638 -0.0327237814197385 56.1497991402308543 -0.9984603719623936 0.0092387958062917 0.0546948834240361 -27.9100198334602112 0.0549663981941221 0.0322656351671703 0.9979667448651905 2.2651522895562053
0.0101539356417855 0.9992291884736544 -0.0379200012297527 56.1469542490892835 -0.9984372615256385 0.0122153649813339 0.0545327392999529 -28.6512697043489801 0.0549539114910514 0.0373070202596611 0.9977916886059830 2.3167669833240461
0.0138544079503379 0.9990908099725597 -0.0403188393771534 56.1626011649980015 -0.9983277351110020 0.0160845651766265 0.0555249499884169 -29.3812096938566363 0.0561229782574211 0.0394821502891361 0.9976429076177824 2.3731465158966230
0.0169404971051058 0.9989912581141157 -0.0415870865703303 56.1723818887178510 -0.9982809675889469 0.0192332124585060 0.0553641877769533 -30.1276150972265242 0.0561081928733021 0.0405777001578726 0.9975997799430342 2.4132566363541832
0.0200941410335685 0.9988925721003282 -0.0425423894358814 56.1794106200699090 -0.9982510968538912 0.0224110422797476 0.0547036819047767 -30.8775957936303698 0.0555965208095496 0.0413687634179039 0.9975959363826352 2.4534394221601854
0.0233474175658872 0.9986883984650384 -0.0455673223301589 56.1938847683116336 -0.9982389077932557 0.0257747602451184 0.0534298109863247 -31.6332142764611604 0.0545342191722942 0.0442396259663570 0.9975313901996393 2.5087061233751879
0.0265043487883108 0.9986771428454928 -0.0440622724478766 56.2101708968301566 -0.9981239757850286 0.0288717538091179 0.0539902842655379 -32.3491177937050551 0.0551910179141087 0.0425486332324439 0.9975688273756631 2.5486191891758625
0.0297376706030005 0.9987199818752918 -0.0409153852496165 56.2582197181727892 -0.9979709346448976 0.0319711506313065 0.0550623204314894 -33.1307000147935184 0.0562999516083020 0.0391949401112874 0.9976442613068927 2.6004166780182194
0.0322518756983352 0.9985651796709011 -0.0427480813927431 56.2645454292722960 -0.9978599308386463 0.0346041986596308 0.0554806981013879 -33.8680748597806414 0.0568803563687120 0.0408672409632246 0.9975442314380962 2.6486373084873058
0.0350191580833732 0.9985480053197615 -0.0409333560688330 56.3063059140584272 -0.9977884151118754 0.0372492767152582 0.0550524300346734 -34.5949208599824800 0.0564972321062210 0.0389149387268728 0.9976440699509117 2.6896778198290279
0.0372806993076813 0.9985286811907403 -0.0393779417772396 56.3421735109179522 -0.9976869843757441 0.0394328070761165 0.0553690792169412 -35.3977968012787656 0.0568403964303944 0.0372226619894278 0.9976891513733406 2.7443613295128051
0.0406723595857943 0.9984539155769663 -0.0378884894756739 56.3853497383691362 -0.9975288931782555 0.0427503855083229 0.0557540295714532 -36.1171516828605021 0.0572875766662245 0.0355272150317778 0.9977253883468122 2.7830570608148242
0.0440806420601471 0.9983983291307980 -0.0354636910712412 56.4145704040648184 -0.9972851215853532 0.0460719217244177 0.0574435748635708 -36.8966557317741390 0.0589854495621821 0.0328352617996318 0.9977186789483782 2.8305861889912522
0.0471588329907984 0.9982790873574285 -0.0348555335028117 56.4610920021785319 -0.9969227679953661 0.0492248725631086 0.0610074304786178 -37.6580606413788672 0.0626182012150114 0.0318712357144394 0.9975285385444523 2.8936833693215491
0.0500464673113686 0.9981197651303100 -0.0353876470801198 56.4941574756807015 -0.9966435136520639 0.0522080448009188 0.0630557432224357 -38.4188649205371959 0.0647847034794527 0.0321131517338342 0.9973824179725644 2.9320357580484844
0.0536083787417407 0.9981155860536004 -0.0298566341967729 56.5605220064555638 -0.9963246483783836 0.0554647661371185 0.0652752231022234 -39.1717054414721630 0.0668082087948208 0.0262476016853461 0.9974205365057384 2.9938014854448909
0.0566493670488077 0.9980591969996432 -0.0258590119184309 56.6352547219595337 -0.9961679086371532 0.0582327745902601 0.0652567373150156 -39.9680794470169616 0.0666359288556140 0.0220631649576405 0.9975333927932445 3.0322129554451358
0.0600196807054821 0.9977936076684734 -0.0283822906747238 56.6814417161121824 -0.9959564896807799 0.0617648240777633 0.0652363178711180 -40.7307133110220150 0.0668454081500783 0.0243520636204716 0.9974661239393917 3.0990641021558081
0.0635537433961305 0.9975628835967287 -0.0287960929731546 56.7064793760257544 -0.9956582165038854 0.0653460101045464 0.0662918914477390 -41.5001654849532287 0.0680120401740831 0.0244579687136174 0.9973846650905370 3.1590109991902855
0.0679321329475705 0.9973900494970320 -0.0244604676468313 56.7769945812377941 -0.9952957654279286 0.0694462212861413 0.0675541388096230 -42.3015091314211276 0.0690765129000236 0.0197563031305041 0.9974157226814647 3.2162044907626548
0.0719012213465922 0.9971364562520231 -0.0234329251700605 56.8591880057659651 -0.9950922888278693 0.0733155114693123 0.0664542887502793 -43.1031116009154402 0.0679819908812673 0.0185397786165435 0.9975142733438298 3.2590213336694740
0.0764512265932449 0.9967270030913911 -0.0262772003996309 56.9205409801987585 -0.9948197348253216 0.0780228415234226 0.0651623465099874 -43.8912680025879141 0.0669992921937621 0.0211593362151301 0.9975286348453712 3.3308563363312524
0.0817347055726129 0.9964187712786611 -0.0216580273451165 56.9891316392959340 -0.9941340605081160 0.0830531437094180 0.0692794706794767 -44.6737841014976524 0.0708301323068367 0.0158684455289829 0.9973621633057320 3.3788282815394668
0.0878407999373061 0.9959174481485039 -0.0207949594793112 57.0672766601837651 -0.9929977001732940 0.0892004928130646 0.0774521757761221 -45.4585890719049885 0.0789908938860872 0.0138458858610935 0.9967791782174217 3.4536412223844914
0.0951898382012086 0.9952451758036378 -0.0206381865195177 57.1578986408583845 -0.9918748925618497 0.0965844693529405 0.0827987788873156 -46.2843820025229604 0.0843984135434276 0.0125888966711767 0.9963525618333878 3.5147978943709806
0.1024687103283725 0.9946005337459913 -0.0164299018813211 57.2535830628119555 -0.9909250560585610 0.1035066383162918 0.0857549362998931 -47.0614390565717571 0.0869925093268292 0.0074936037158430 0.9961807813968163 3.5888551821853767
0.1099824775345147 0.9938417163108626 -0.0135091656163219 57.3322975510845936 -0.9902652655414115 0.1107330882039014 0.0843379335709934 -47.8985360372634759 0.0853144682780609 0.0041019625920107 0.9963456304944210 3.6613583281727853
0.1174429305284469 0.9929903978147426 -0.0133126975707258 57.4420259500852310 -0.9895494904221737 0.1181442497219732 0.0826664518583484 -48.7325250100291072 0.0836598115830236 0.0034649827346230 0.9964883490641232 3.7497134972875488
0.1250572959374679 0.9920523833168731 -0.0138831368257054 57.5535076048597887 -0.9888678927442531 0.1257686152958092 0.0795144396076318 -49.5329418176303165 0.0806285522153879 0.0037847274522019 0.9967370327251632 3.8137634629617336
0.1328496575094547 0.9910617226190621 -0.0121503275247228 57.6759339801369322 -0.9883051592855276 0.1333861402735317 0.0738989155031233 -50.3287945461264741 0.0748590717897879 0.0021907857647824 0.9971917166866682 3.8880389103786976
0.1401001230596822 0.9900887665663276 -0.0098076418077959 57.8077715875553722 -0.9878007367930881 0.1404427465723641 0.0672721288963205 -51.1353355987071865 0.0679827912761338 0.0002631622670822 0.9976864591824061 3.9415484700000607
0.1477977403681354 0.9889706757832322 -0.0096348525121374 57.9289771040398094 -0.9869499469182639 0.1481113552626749 0.0631888338260007 -51.9439258661428838 0.0639189347541829 0.0001699503194389 0.9979550795986658 4.0142732802967576
0.1549712329161101 0.9878682880733184 -0.0100081160840489 58.0469588206606204 -0.9856884861492335 0.1552937719573165 0.0655900347926492 -52.7348475190212866 0.0663485134821624 -0.0002996837667354 0.9977964646902430 4.0753386428421772
0.1606140520122968 0.9869520902719712 -0.0113445054532248 58.1939515401280403 -0.9843137045776770 0.1610136572597081 0.0721188821074154 -53.4877659140323800 0.0730045017568180 -0.0004167536926037 0.9973315241380865 4.1423787827999687
0.1659139822201801 0.9860709165958783 -0.0116917897520584 58.3241883654967026 -0.9830799307467128 0.1663207990182139 0.0767544238267818 -54.3244876810529860 0.0776298928691785 -0.0012406682503582 0.9969814744895776 4.2016198544860304
0.1707879111222248 0.9852498422496054 -0.0106882066612872 58.4574656803144492 -0.9820948531900899 0.1710962849248311 0.0788400952717366 -55.0665428776913686 0.0795059038816775 -0.0029681024322549 0.9968299762827707 4.2753540755176287
0.1761266993811107 0.9843254436908297 -0.0090998169194264 58.5993024391990787 -0.9811435884394260 0.1762899259411334 0.0792409040576666 -55.8369137935958548 0.0796030440958287 -0.0050282118611843 0.9968139608052029 4.3311527253641939
