1.0000000000000000 0.0000000000000000 -0.0000000000000000 0.0000000000000000 -0.0000000000000000 1.0000000000000000 -0.0000000000000000 -0.0000000000000000 0.0000000000000000 0.0000000000000000 1.0000000000000000 -0.0000000000000000
0.9998947223771838 0.0145096281567005 -0.0001218729211720 0.0043680465055854 -0.0145095845777354 0.9998946687744716 0.0003511577583326 0.1064167637961782 0.0001269552526456 -0.0003493524638210 0.9999999309176075 0.0123796744371221
0.9995895407971547 0.0286482950100799 -0.0001584990498017 -0.0304308367881518 -0.0286479879065231 0.9995881433332082 0.0016841901844382 0.1188195267437734 0.0002066829481682 -0.0016789582142157 0.9999985691897133 0.0215150948566465
0.9986544823418700 0.0518485249393527 0.0009774252425796 0.0198750501667204 -0.0518507335063159 0.9986519889688360 0.0023887995823791 0.1876358983792158 -0.0008522519278484 -0.0024362656261346 0.9999966691326778 0.0320770164392591
0.9955006623484252 0.0946574413660427 0.0042895288646824 0.4980716274185259 -0.0946765619030149 0.9954979246517308 0.0044978484102423 -0.0125853375383207 -0.0038444622603592 -0.0048837289166309 0.9999806844643538 -0.0157647589317691
0.9921488478148899 0.1249162274636288 0.0060497847764530 0.4982571863248747 -0.1249180489110263 0.9921670600637785 -0.0000773347326014 0.0562941434601502 -0.0060120575387204 -0.0006789997447596 0.9999816968942470 0.0238223300310363
0.9858101806139765 0.1677257154166537 0.0068097126085192 0.7528710963259321 -0.1677142495693495 0.9858331392139306 -0.0022253357043439 -0.0888376693779271 -0.0070864863810545 0.0010516727527053 0.9999743375183147 0.0218914772950100
0.9771839762589182 0.2122468432592681 0.0079217466057475 1.0554966137044544 -0.2122365003675068 0.9772160018974269 -0.0021339042531264 -0.1844789297276853 -0.0081941719876567 0.0004039332666239 0.9999663456253679 0.0100739667939980
0.9661161157883292 0.2578368945157705 0.0118231400454812 1.1670570604398316 -0.2578304568868792 0.9661879113740351 -0.0020917495506704 -0.2471583022489315 -0.0119627051946758 -0.0010274926486683 0.9999279163736166 0.0063528117216211
0.9518207827297085 0.3061129557686862 0.0182224003458243 1.4489984117196280 -0.3060596177018424 0.9519951888673959 -0.0057158363809169 -0.3517861429623106 -0.0190973290280930 -0.0001366890254137 0.9998176200388265 -0.0106912044042602
0.9351884236058057 0.3533426054573751 0.0239084822245559 1.6502029203713118 -0.3530614045213983 0.9354758946172321 -0.0152477941836455 -0.4480792439461632 -0.0277535041222837 0.0058183982918927 0.9995978637683512 0.0133399918144104
0.9141604995669222 0.4044518515623086 0.0270051994877927 1.9085975799130896 -0.4040002602461608 0.9145239460817475 -0.0207302137978214 -0.6203672466417904 -0.0330812749541124 0.0080406349804777 0.9994203207042176 0.0143328012461164
0.8897406253901788 0.4554606598179809 0.0302854236962743 2.1493987764808571 -0.4549431416515106 0.8902333210837147 -0.0226135334813754 -0.7940641509486568 -0.0372606681978050 0.0063420336193705 0.9992854553204624 0.0137551299738356
0.8614829969852323 0.5066271494575976 0.0342925259759516 2.3684029462380338 -0.5060557570499764 0.8621577427608151 -0.0243227743925596 -0.9423370686682691 -0.0418881446463957 0.0035997263847818 0.9991158217684460 -0.0184488720505727
0.8295191501596946 0.5572691202204995 0.0367301942141432 2.6292828130692159 -0.5564953500984214 0.8303215467828575 -0.0296488493361600 -1.1541185460492618 -0.0470202598586342 0.0041541060161616 0.9988852980027452 -0.0185838666055677
0.7941289013675378 0.6066261780810522 0.0369319384755657 2.8328558230958274 -0.6056214216534932 0.7949666571872096 -0.0353653445479521 -1.3513534666095772 -0.0508132034730079 0.0057178691283582 0.9986918064775748 -0.0212407367667960
0.7566792768801711 0.6527581450359293 0.0366507302704024 3.0553451095072459 -0.6515673214369205 0.7575399874618505 -0.0399148222069954 -1.6020533178464071 -0.0538191190527855 0.0063223006533967 0.9985306860276404 -0.0370495812086490
0.7171748429840233 0.6960163049072369 0.0349506494090977 3.3095768030701644 -0.6947060388242851 0.7179946251787808 -0.0432115474781117 -1.8978593574922273 -0.0551703200272790 0.0067098075723808 0.9984544127151871 -0.0457333428660919
0.6758837465684774 0.7361977696914933 0.0345543778098998 3.5096767553627246 -0.7348270173253727 0.6767468033798008 -0.0451997646444957 -2.1808181116122056 -0.0566605306474857 0.0051582958903525 0.9983801762105721 -0.0626599078885130
0.6332607527024581 0.7730498654970013 0.0370772779716176 3.7679761051697525 -0.7717060329264547 0.6343452118008566 -0.0455626053934613 -2.5411902603955094 -0.0587419597190131 0.0002402506913599 0.9982731712552307 -0.0971912897168652
0.5913421546940751 0.8055104132375166 0.0383070521926932 3.9985936631549563 -0.8041761874197944 0.5925722599259751 -0.0464626339458512 -2.8554702685266098 -0.0601258319587525 -0.0033303051133093 0.9981852500408529 -0.1187665928515235
0.5511337437948569 0.8335141678727295 0.0388037163954235 4.2083406806622454 -0.8321717033498727 0.5524652937282968 -0.0476692287485142 -3.2259772319574127 -0.0611706841095998 -0.0060192342651029 0.9981091704941025 -0.1443918829241581
0.5122278160285492 0.8579695325453359 0.0388708851270541 4.4437147841358371 -0.8565110666364401 0.5136472680099236 -0.0505497457486142 -3.6237541802770576 -0.0633360656808630 -0.0074003574156645 0.9979648177637275 -0.1589552060235846
0.4751885796164297 0.8789847871942034 0.0397688028897185 4.6469989986554809 -0.8775956657371689 0.4767259810373548 -0.0505785180022820 -4.0207995031105677 -0.0634165694551163 -0.0108665949189643 0.9979279812859301 -0.1905947532140358
0.4396419685335003 0.8973500183825046 0.0384432570538363 4.8353463460755322 -0.8960378546659117 0.4411444508016849 -0.0500773055644016 -4.4640871912845332 -0.0618959005888047 -0.0124305283797025 0.9980052001139584 -0.2202052344202182
0.4059504686779921 0.9132417400392353 0.0345505604907969 5.0465750559541869 -0.9120002623117111 0.4072524187160629 -0.0489998876864699 -4.9695442464988480 -0.0588195420203915 -0.0116185928591319 0.9982010167178178 -0.2467993037050295
0.3765027011218904 0.9259217785123022 0.0302419596675848 5.2372905309376252 -0.9247638607930595 0.3775795715782401 -0.0473863788224823 -5.4859545939679890 -0.0552948263315436 -0.0101255717570940 0.9984187272770660 -0.2738639441006245
0.3506136423664801 0.9361222655563920 0.0272979434404492 5.4247408521503484 -0.9350564314293867 0.3515459482000620 -0.0456608842080418 -6.0248995293257899 -0.0523406517828245 -0.0095157886529320 0.9985839503703541 -0.3053828769878416
0.3306607309059679 0.9434173856906698 0.0250423124593802 5.6082547784645866 -0.9423746564700248 0.3314945684711912 -0.0451813890567945 -6.6033326888205437 -0.0509262985080771 -0.0086595294722569 0.9986648710501362 -0.3355333922122631
0.3156071057182505 0.9486022046303250 0.0233669037451715 5.8221624042049021 -0.9475262605328837 0.3163777205867185 -0.0458161927370880 -7.1775451814113485 -0.0508541091822362 -0.0076808389411123 0.9986765563947327 -0.3760344560481742
0.3039431170148332 0.9524260660530002 0.0224314583144659 6.0093589033903871 -0.9512691484715863 0.3046911569362944 -0.0474373908532675 -7.8165222537666947 -0.0520152745397990 -0.0069200858107847 0.9986223128024532 -0.3986621353945451
0.2935648912005048 0.9556461154566591 0.0236676290961633 6.1889152314281004 -0.9543990719764801 0.2944069155730076 -0.0494669533448517 -8.4246013034359262 -0.0542408154886107 -0.0080666024685599 0.9984952998686297 -0.4353190875107534
0.2821003939579462 0.9590481562427812 0.0254165642070954 6.3967595950590850 -0.9577422991629893 0.2830681628210033 -0.0510108183734892 -9.1157803260246730 -0.0561164514448548 -0.0099523466812488 0.9983746264167441 -0.4762577073451780
0.2721985317089690 0.9618885270604511 0.0260465131055445 6.5899698320563251 -0.9604878693531769 0.2732363017910165 -0.0529620261032690 -9.7870162687409898 -0.0580604181941208 -0.0106011741351822 0.9982567820686616 -0.5112162204945436
0.2621994231677509 0.9646328335339392 0.0271101264988226 6.7827062162271758 -0.9631317064790218 0.2633384453553127 -0.0550470632518626 -10.4834740172332559 -0.0602393431679521 -0.0116773141659561 0.9981156555572922 -0.5447110551168145
0.2514358106694868 0.9674806281038073 0.0275910738616769 6.9762308961665509 -0.9659029154686276 0.2526401669584017 -0.0566083379762739 -11.2447920890685289 -0.0617380838881737 -0.0124169353341873 0.9980151445317468 -0.5851066683036504
0.2408496797508105 0.9701612882074719 0.0279017316227997 7.1599282449609190 -0.9685205825497212 0.2421074272002431 -0.0578953786759169 -12.0039696060567813 -0.0629230716151146 -0.0130793179523134 0.9979326723283598 -0.6185561572762294
0.2305829558492593 0.9726138436288505 0.0292200556695636 7.3450565561209284 -0.9708046977587634 0.2319865365337560 -0.0609957840886413 -12.7515427443380993 -0.0661040035197145 -0.0143023791232828 0.9977102298112811 -0.6646463293016999
0.2193687429958039 0.9751339747701386 0.0314815159328689 7.5310913778915101 -0.9731426356197932 0.2210010267399386 -0.0644356804794929 -13.5307636466935346 -0.0697908685674803 -0.0165008311573529 0.9974251637269401 -0.7172159451129835
0.2068456425852938 0.9778756037203792 0.0312119174672228 7.6857102242850477 -0.9756077696754500 0.2085529969259331 -0.0685209984027219 -14.3259696940651544 -0.0735143516081790 -0.0162773192422945 0.9971613154279068 -0.7622936035456296
0.1946269839289179 0.9803473160496974 0.0322409218368190 7.8427424995964250 -0.9779338396884105 0.1964826008988131 -0.0709929062394283 -15.1153627900343128 -0.0759324852682649 -0.0177123532652459 0.9969556310201532 -0.8094560468971128
0.1808909494068637 0.9829870058794794 0.0318592324888683 8.0063853532930622 -0.9805269537633556 0.1827670988977375 -0.0718545788663376 -15.9039092446119952 -0.0764549368336511 -0.0182409931911864 0.9969061685039177 -0.8562654648683764
0.1665836767660710 0.9854862990117157 0.0326593492783954 8.1297082355279215 -0.9831268693659594 0.1685411753284871 -0.0711015537775364 -16.7008621183637196 -0.0755740521990512 -0.0202639255595557 0.9969342686231284 -0.9033850468003859
0.1495948017868655 0.9882136621831847 0.0324831210453544 8.2599275977630722 -0.9859544420640483 0.1515592810476031 -0.0701685292884597 -17.4909474206613957 -0.0742646177699730 -0.0215300302561883 0.9970061305451674 -0.9507047500595527
0.1287635009880541 0.9911037840871537 0.0336637784781182 8.3627103289966893 -0.9890005454802535 0.1308337639983780 -0.0689959943603810 -18.3117831625463161 -0.0727865499461294 -0.0244093294897906 0.9970487965896145 -1.0014347169415569
0.1039762119267764 0.9939231547210564 0.0361346075487389 8.4641488642229987 -0.9920216311645028 0.1062444363196376 -0.0678616464053286 -19.1330680929293706 -0.0712883626903961 -0.0287903153936487 0.9970401632253622 -1.0492357889365389
0.0731727107628235 0.9965813359405569 0.0383587702430015 8.5128788183409281 -0.9948383094182272 0.0756479230861115 -0.0676323136277451 -19.9469629330306439 -0.0703028627689093 -0.0332119344166062 0.9969726550406500 -1.0965013611452425
0.0397633461185731 0.9984308612589127 0.0394295776193550 8.5635437044195815 -0.9968188938015042 0.0423651312809064 -0.0675076929830776 -20.8328731276174608 -0.0690722032788910 -0.0366198161838335 0.9969393260358735 -1.1479646883193482
0.0056874911332430 0.9992181389550567 0.0391249693648805 8.5701126393385856 -0.9977024849091871 0.0083115261546463 -0.0672359289295127 -21.6302405597861309 -0.0675085479820381 -0.0386526754077152 0.9969696919331011 -1.1887925118738405
-0.0278464861678589 0.9988688942227785 0.0385422542447563 8.5376411753731603 -0.9974684899448670 -0.0252422993663954 -0.0664788529519289 -22.4652141387226649 -0.0654307632173901 -0.0402958865997693 0.9970431569134449 -1.2239468206140234
-0.0605173111819450 0.9974037240860676 0.0390316054826278 8.4991134002857773 -0.9962169363977047 -0.0579097000844770 -0.0647941530579554 -23.3175980770406852 -0.0623656209916928 -0.0428051143599662 0.9971350217011490 -1.2676485421164985
-0.0932481167364294 0.9948650094654903 0.0393497352766197 8.4390567603328197 -0.9939518895613439 -0.0907145614204072 -0.0618911107004694 -24.1664487649409452 -0.0580037064552245 -0.0448829732474794 0.9973069180297117 -1.3169142908945772
-0.1251729231141465 0.9914972754039321 0.0355653227967972 8.3522650456409551 -0.9907309471024758 -0.1230090491332558 -0.0576278082592472 -25.0399573716132160 -0.0527629583371925 -0.0424491071509476 0.9977044369599621 -1.3538804019826645
-0.1568779471545143 0.9871442255405593 0.0305873777646187 8.2041111765702102 -0.9864904909815512 -0.1551441973531658 -0.0526002778568781 -25.8573478650741890 -0.0471786063758163 -0.0384259809188009 0.9981470949168082 -1.3764086894053145
-0.1874686279577116 0.9819742884374963 0.0241248912811301 8.0108301456321023 -0.9813938191158657 -0.1862073139566034 -0.0468295636349816 -26.6838165972538626 -0.0414931962233452 -0.0324550932326516 0.9986115268663941 -1.3992183386056731
-0.2159201653866196 0.9762395062752516 0.0183005072844397 7.8148287926342048 -0.9757257303785529 -0.2150286349335664 -0.0414968099478332 -27.5028099967585113 -0.0365756921555058 -0.0268162739033612 0.9989710237025324 -1.4197483565113771
-0.2439112296805312 0.9697480456524697 0.0097999994360342 7.6276745996427655 -0.9692838381496790 -0.2434407049970198 -0.0350066315486190 -28.3385851163725029 -0.0315618937574708 -0.0180374916152209 0.9993390294382948 -1.4570479231306930
-0.2702769727756873 0.9627651116914554 0.0058049717441555 7.3811413005480278 -0.9625161870781364 -0.2700554353422850 -0.0251525635801944 -29.1552431414453324 -0.0226483465130947 -0.0123855380112838 0.9996667699030481 -1.4583228706752416
-0.2950366606971280 0.9554737039997756 0.0048342330970966 7.1382702244839011 -0.9554482541786407 -0.2949763183270080 -0.0103732932683575 -29.9341820417048368 -0.0084854246608773 -0.0076793613792418 0.9999345103441183 -1.4639864368783513
-0.3200197198585264 0.9473522566105808 0.0105394874880702 6.8586262299989231 -0.9473659071472147 -0.3200931205839666 0.0061832135620251 -30.6980914573008974 0.0092312987605017 -0.0080060008530576 0.9999253407497658 -1.4398257262986351
-0.3453183958692028 0.9383269112154911 0.0172572640681652 6.5944462457037663 -0.9381449513264881 -0.3456300884756076 0.0205886434950608 -31.4926941498299797 0.0252835079635641 -0.0090801778144199 0.9996390821671164 -1.4206069630583023
-0.3703178483503142 0.9287312669212309 0.0179701150825166 6.3057656592762976 -0.9282186010228939 -0.3707185338663808 0.0312729493822145 -32.2825229930627557 0.0357060206169083 -0.0050992637553240 0.9993493271128262 -1.3944792848568959
-0.3937454939716909 0.9190610241064505 0.0170680972984671 5.9398932866420955 -0.9183688062999900 -0.3941119336736321 0.0357004110783157 -33.0478200078240434 0.0395375971970867 -0.0016179321467814 0.9992167736299513 -1.3543898517684494
-0.4164251704796362 0.9090394218631074 0.0154080138172531 5.5922878282144994 -0.9083795755261767 -0.4167099092799160 0.0346323299072811 -33.7722081212974743 0.0379028251966585 0.0004254488347287 0.9992813391810139 -1.3045883045286530
-0.4374667348416210 0.8991764281127651 0.0102277579840749 5.2483965211301005 -0.8986404549573311 -0.4375628031400312 0.0313707829408185 -34.5388329575376645 0.0326831550051756 0.0045325968945426 0.9994554852239790 -1.2818785364525669
-0.4554259783836203 0.8902712275053452 0.0020783862606402 4.8330641679750626 -0.8898528634528527 -0.4552812487481797 0.0296793858268129 -35.2520725780520294 0.0273689535437668 0.0116673053626095 0.9995573091961735 -1.2571259125577283
-0.4701069517537715 0.8826086388881679 -0.0012018622028207 4.4792976983842667 -0.8822203285987661 -0.4698588222597195 0.0303311548048573 -35.9765775387511155 0.0262058336990856 0.0153191939959861 0.9995391821111612 -1.2080972981114808
-0.4807248323438782 0.8768694145920204 -0.0019145028069497 4.0637510026420705 -0.8764181336340116 -0.4804049367300998 0.0332016837347886 -36.6617872847144781 0.0281938043801512 0.0176387788238447 0.9994468384442352 -1.1526052750901492
-0.4906492288140460 0.8713552521894201 -0.0018326882156359 3.6727311891153627 -0.8708260015496987 -0.4902756170109908 0.0359429323992660 -37.3813869308398168 0.0304205405794800 0.0192313246139247 0.9993521635862135 -1.1189465204159665
-0.5008830410944753 0.8654984421961585 0.0053502990545135 3.2878390874547310 -0.8648858957116785 -0.5007450644109426 0.0350252461388716 -38.0924245826133614 0.0329934318154006 0.0129161536110323 0.9993721060910890 -1.0613083700570960
-0.5128077554357005 0.8584756334764343 0.0069132258920103 2.8943594157733075 -0.8578844068627942 -0.5127271113507117 0.0338415978882043 -38.7835163727705421 0.0325967855266563 0.0114234851595318 0.9994032987538810 -1.0642792760989186
-0.5208527295009395 0.8536289656682049 0.0054793378844713 2.4490482441918999 -0.8530162041468282 -0.5207040254235535 0.0350809545286985 -39.4598184343528615 0.0327992322220862 0.0135980469163213 0.9993694529480592 -1.0201464082522511
-0.5284154307467925 0.8489790601872479 0.0034187588770818 2.0130282876308834 -0.8483071008687980 -0.5281496345322043 0.0378553319768113 -40.1392244890362377 0.0339440004162340 0.0171031841210029 0.9992773818758562 -0.9750429419066734
-0.5327127025170124 0.8462838160638901 0.0045693812886801 1.5862294876069782 -0.8454779914947821 -0.5324273004559366 0.0410869276918271 -40.8190434584307482 0.0372040653016664 0.0180242169745071 0.9991451271599563 -0.9471430657494729
-0.5320905263677058 0.8466638313389818 0.0063268042591685 1.1524646512338661 -0.8457758455230200 -0.5318494492054384 0.0424191290539093 -41.5311242717075046 0.0392796496873149 0.0172197584845973 0.9990798712005832 -0.9006969144936029
-0.5286652648602228 0.8488218639417821 0.0038053941542860 0.6717706024552961 -0.8479430220501701 -0.5283122262596380 0.0433453912314759 -42.2548842306801049 0.0388029520358334 0.0196884453165809 0.9990528995174984 -0.8655025180930641
-0.5231151315582239 0.8522490460481559 0.0047034715722904 0.2347144982616320 -0.8513883172510527 -0.5228207255060373 0.0423842214717054 -43.0236172090350024 0.0385809847365766 0.0181673468439936 0.9990903137982102 -0.8251322214402566
-0.5162777253045490 0.8564007363660506 0.0059236058314540 -0.1994697530024792 -0.8555623954168539 -0.5160573405285094 0.0412044759124148 -43.7765098194990756 0.0383444637846886 0.0162049387017636 0.9991331753368701 -0.7886461917190891
-0.5086753857939426 0.8609254921111865 0.0075265477143027 -0.6828425620936950 -0.8600877652548863 -0.5085346265190571 0.0405162891931071 -44.5661591144427902 0.0387090163429656 0.0141361474325638 0.9991505298950328 -0.7457817036691615
-0.5019666024551122 0.8648313548254553 0.0098111024068886 -1.1440279648856664 -0.8640203357687620 -0.5019390412732605 0.0390647951961281 -45.3546035426115424 0.0387090350913939 0.0111322305243437 0.9991885127671585 -0.6955412749062427
-0.4973826885131354 0.8674333988519976 0.0130291873696834 -1.5855037483751526 -0.8666686493157594 -0.4975016696642511 0.0371152391138367 -46.1928797485108404 0.0386770404845059 0.0071684891958825 0.9992260501518204 -0.6579405303579882
-0.4959981973106464 0.8681615019035928 0.0167748286752887 -2.0580758823203782 -0.8674935837653778 -0.4962760896561009 0.0341309970781621 -47.0176125542834953 0.0379561640644676 0.0023768567786069 0.9992765784112851 -0.6268510177564514
-0.4961409865915503 0.8680418793271319 0.0186391297593470 -2.5427167579835812 -0.8674577327426166 -0.4964908443240648 0.0318421639876779 -47.8629722356038272 0.0368944891413906 -0.0003704545852822 0.9993190979033654 -0.5811712656928268
-0.4969914978481715 0.8675335466625063 0.0196213272181410 -3.0289399577130154 -0.8670022586403765 -0.4973750630899503 0.0304159518797471 -48.7184730507681749 0.0361460174723846 -0.0018952655324567 0.9993447220000952 -0.5398658812523421
-0.4977247854607134 0.8671232096014115 0.0191670892060739 -3.5159462497758094 -0.8666118744229790 -0.4980905785474306 0.0298267442302510 -49.5872164075010176 0.0354104087406192 -0.0017649172311149 0.9993712963758713 -0.4968217992042450
-0.4975309290437260 0.8672359290347370 0.0191002103691093 -4.0208231855134517 -0.8667484522538899 -0.4978931858732916 0.0291461142595539 -50.4781888176457443 0.0347864220691627 -0.0020539844695787 0.9993926585619012 -0.4499164780550880
-0.4974642957288140 0.8672894809122961 0.0183910514630110 -4.5311980601452477 -0.8668216427573830 -0.4978010729388409 0.0285364929227587 -51.3556060985216618 0.0339044852847971 -0.0017458750868123 0.9994235527531630 -0.4072711306993308
-0.4979252114300965 0.8670201075500453 0.0186176509313689 -5.0385364661467786 -0.8665712410947805 -0.4982682917948171 0.0279820210014891 -52.2609320417405172 0.0335375599849840 -0.0022005671504579 0.9994350351946193 -0.3567726739474122
-0.4984425897028628 0.8667063735383174 0.0193661260546308 -5.5273140346758005 -0.8663018918811423 -0.4988066141635372 0.0267019435596636 -53.1520214752750348 0.0328026964357955 -0.0034675257415570 0.9994558316262768 -0.3204909927329642
-0.4982352227191404 0.8668198543684950 0.0196214911408108 -6.0214085602845930 -0.8664430845307592 -0.4986045383585298 0.0258823414145672 -54.0629568037116144 0.0322186919478608 -0.0041054111679574 0.9994724115693794 -0.2662800467449240
-0.4977538360342937 0.8670770204885878 0.0204587207268069 -6.5535323678419921 -0.8667350532584603 -0.4981456394562709 0.0249252751992002 -54.9570558846187467 0.0318035558734931 -0.0053256390541366 0.9994799504754793 -0.2231169740182543
-0.4964400851464812 0.8678357559677451 0.0202074868217033 -7.0581766804680521 -0.8675340738077718 -0.4968172012377483 0.0236071882439318 -55.8583143759253318 0.0305265891027526 -0.0058111288219626 0.9995170624554471 -0.1752728486616954
-0.4942992586697930 0.8690960568262346 0.0184468666061426 -7.5884242456887216 -0.8688458873310964 -0.4946140614422592 0.0215349551063882 -56.7510897369403438 0.0278400241798397 -0.0053827718403174 0.9995978985677096 -0.1235747256903225
-0.4918458171182551 0.8705217037731999 0.0167229017541616 -8.0910036265328316 -0.8703003169012914 -0.4921082180195431 0.0201707748770305 -57.6560081391706518 0.0257885746947346 -0.0046330354448545 0.9996566832657003 -0.0860709085503768
-0.4897882622122758 0.8716792682630324 0.0168140262728648 -8.5836073996401492 -0.8714781077355264 -0.4900498077500202 0.0194188996051710 -58.5347017660909543 0.0251667625408299 -0.0051419067080003 0.9996700429934968 -0.0307134898666284
-0.4873530434047220 0.8730480589705825 0.0165558996087755 -9.0798752333619621 -0.8728313246419641 -0.4876115433085728 0.0200115355729708 -59.4184497548172601 0.0255438800480997 -0.0046978250214777 0.9996626634180932 0.0113253048128985
-0.4862783507425776 0.8736440432160106 0.0167167985051382 -9.5772714706263802 -0.8734164223137910 -0.4865434393647978 0.0204752251184718 -60.3047533906513209 0.0260215070981180 -0.0046440676412049 0.9996505958604168 0.0527772134962642
-0.4865494377857325 0.8734681230172792 0.0179745003563014 -10.0789834287246176 -0.8732160155656474 -0.4868537910011743 0.0216142625930135 -61.2041264823291158 0.0276303230173394 -0.0051792142701289 0.9996047924002274 0.0856203104015647
-0.4897695865696161 0.8716142049311266 0.0203575497963071 -10.5365368054550679 -0.8713178750377388 -0.4901532743485799 0.0235569158653423 -62.1019941868061380 0.0305108621829739 -0.0062004360852693 0.9995152034267433 0.1344007623220738
-0.4938424003757655 0.8692596421196483 0.0225246126075782 -11.0381693922950763 -0.8689593868467000 -0.4942962854002331 0.0240990923176973 -62.9772705479652970 0.0320822007054951 -0.0076718199633918 0.9994557897057487 0.1797464879582427
-0.4991501916102330 0.8662324346635343 0.0221462265940408 -11.5412854749906142 -0.8659763645575743 -0.4995781039001321 0.0225089789016937 -63.8598099830057535 0.0305617774861978 -0.0079427476628446 0.9995013209178107 0.2225577231435146
-0.5044001729567262 0.8632931938767435 0.0174736065915629 -12.0592231785691091 -0.8630686518082472 -0.5046794149919334 0.0202778290084260 -64.7278284241894397 0.0263242813219997 -0.0048527816241710 0.9996416771640668 0.2839170405063413
-0.5098308046466526 0.8600574295175538 0.0193330950704920 -12.5615055091568646 -0.8598931292061496 -0.5101452357119569 0.0183206120107317 -65.5803355529394025 0.0256194648149161 -0.0072839832543549 0.9996452303745302 0.3109196441683878
-0.5155127601355722 0.8566544274800084 0.0197429991719462 -13.0444431821353319 -0.8564423826989996 -0.5158494271600871 0.0201448160942373 -66.4213601578389898 0.0274415607111694 -0.0065238315052822 0.9996021210302757 0.3678175264956554
-0.5202861190735881 0.8537334137895410 0.0210145777640345 -13.5653649511004026 -0.8534707507321605 -0.5206707337219754 0.0221283684464692 -67.2544741422330929 0.0298334031586543 -0.0064222445201460 0.9995342529554936 0.4077952525764514
-0.5248010044037938 0.8509182709506714 0.0228473617533628 -14.0876308664045506 -0.8506470784570995 -0.5252446288624195 0.0227514343191940 -68.1201581164180254 0.0313600651971668 -0.0074950659436106 0.9994800499746508 0.4447352592785829
-0.5292456064730715 0.8481193148018329 0.0243457571050831 -14.5583815557880865 -0.8478440575535966 -0.5297390423152031 0.0231732845756643 -68.9283183147214658 0.0325506082893056 -0.0083770464389674 0.9994349818737363 0.4939544555049303
-0.5323521464552294 0.8461739582328861 0.0243068832432497 -15.1003060583927855 -0.8459405942118633 -0.5328314762024147 0.0217974547238060 -69.7485649032535093 0.0313959110234255 -0.0089582574447542 0.9994668810893949 0.5488751610460580
-0.5350507954679444 0.8446193136590556 0.0184081846803522 -15.6312989596816134 -0.8445063113977755 -0.5353188379711336 0.0155830588319111 -70.5829107322430644 0.0230160004875616 -0.0072081001200955 0.9997091111989603 0.5981102613131029
-0.5369479679504869 0.8435302736613642 0.0119815328997268 -16.1567628482648900 -0.8435146053093533 -0.5370491869498542 0.0078282454168776 -71.3999163484871673 0.0130380345009983 -0.0059032375257040 0.9998975754761414 0.6181664061070516
-0.5389637608856288 0.8422788250306183 0.0091894154906965 -16.6870481165005558 -0.8422737968894560 -0.5390212417417528 0.0055634543764814 -72.2231245693512136 0.0096392699640103 -0.0047415035822797 0.9999422996445045 0.6288198496874476
-0.5397005055569271 0.8417486983948231 0.0135089989347246 -17.1796054651197565 -0.8417181969712072 -0.5398334624555614 0.0095031416268598 -73.0197331398168217 0.0152918667643118 -0.0062419198858270 0.9998635893195639 0.6781821327022493
-0.5411440513127903 0.8407663066433194 0.0165871438810773 -17.6822824582690288 -0.8406717507349978 -0.5413613930916035 0.0141014036915366 -73.8045476900429094 0.0208356244190906 -0.0063134525633633 0.9997629804467640 0.7261578942817365
-0.5419185978044618 0.8403454544652430 0.0119896002123090 -18.2328949857908675 -0.8401045485506226 -0.5420505608635269 0.0201379485571766 -74.6333963898593851 0.0234218030518898 0.0008406111710993 0.9997253185323745 0.7425020659583395
-0.5417763712264987 0.8404800202741353 0.0084675321456196 -18.7364642927509770 -0.8402233240169209 -0.5418247793256254 0.0212290905762421 -75.4213942484565223 0.0224305452141544 0.0043868016512224 0.9997387791881780 0.7779375746326816
-0.5413086740894839 0.8407941265519159 0.0070820979438528 -19.2505112283695468 -0.8406117973077909 -0.5413420942770231 0.0179037200249720 -76.2090960938026427 0.0188871803732267 0.0037381438666950 0.9998146331685595 0.8199632333673266
-0.5406594070032171 0.8412188146760790 0.0061896246981352 -19.7763462868661080 -0.8411201981348940 -0.5406917478469206 0.0130094619319887 -77.0226044848210449 0.0142904831425522 0.0018274696211038 0.9998962158375920 0.8374744872445063
-0.5398053151491478 0.8417789334538963 0.0042952217579980 -20.2714344841033700 -0.8417466887957434 -0.5398222788885210 0.0073769314085296 -77.8138985622005919 0.0085284018509686 0.0003666180913767 0.9999635653127785 0.8646241262826790
-0.5392416141619263 0.8420845487866541 0.0105874572404513 -20.7821035247877859 -0.8421294304548158 -0.5392753161853172 0.0003946074944778 -78.6325500796214101 0.0060418472248780 -0.0087032205535834 0.9999438734419582 0.8942676587306893
-0.5376600594062642 0.8429852197623978 0.0172505009026927 -21.2556346612716958 -0.8431445832348518 -0.5376669871119724 -0.0046284696889934 -79.4300684746972934 0.0053732933085835 -0.0170332096821376 0.9998404860211174 0.9135917438829544
-0.5362860441171329 0.8439186721579485 0.0140909072937804 -21.7707032347143183 -0.8440257980634885 -0.5362879195991626 -0.0039647818721351 -80.2296454502226055 0.0042108299049180 -0.0140193464600663 0.9998928576784337 0.9308767108726704
-0.5321926877342593 0.8465691457871413 0.0095720699650308 -22.2643003539702171 -0.8466118510323278 -0.5322101947734101 -0.0008259968915794 -81.0350783556539085 0.0043950897375466 -0.0085434173770954 0.9999538455377426 0.9520879555046267
-0.5276900961645672 0.8493751740202874 0.0102457878094513 -22.7566922721500831 -0.8494008753713996 -0.5277404789607698 0.0028530307669703 -81.8363659087993227 0.0078304104700708 -0.0071972650544345 0.9999434404243104 0.9779348281181075
-0.5198057581781559 0.8542612598409381 0.0062987062009839 -23.2473172682396729 -0.8542582941301345 -0.5198334253286805 0.0039971015654316 -82.6123271454385986 0.0066888470385943 -0.0033030056047451 0.9999721743525013 0.9992424451819102
-0.5116445153540410 0.8591956114845705 -0.0016706626777555 -23.7396862690018935 -0.8591818605080812 -0.5116227598114478 0.0069772642768606 -83.4093600665643891 0.0051400857969394 0.0050052820671868 0.9999742630035175 1.0206097200377944
-0.5022455036315050 0.8647245749135801 -0.0009293128986808 -24.1969309123522791 -0.8647044615658754 -0.5022258210668968 0.0074443805484512 -84.1805246928723108 0.0059706138716864 0.0045424876674615 0.9999718583919180 1.0220180225807842
-0.4903571115899308 0.8715183472951264 0.0023818986438797 -24.6717369112029843 -0.8715070129136318 -0.4903628854751003 0.0044460084222783 -85.0477277960711291 0.0050427726041662 0.0001042904758623 0.9999872797030767 1.0582769562414021
-0.4792804108539153 0.8776608637475122 -0.0013023124330050 -25.1204146961449055 -0.8776613995112924 -0.4792781785468525 0.0017015806449575 -85.8349715501851449 0.0008692408077999 0.0019585236231684 0.9999977043001826 1.0647349003416502
-0.4680021875854279 0.8837262268300786 -0.0013814586220414 -25.5547994924610862 -0.8837271949523920 -0.4680023423947954 0.0002289422624246 -86.6612327318527775 -0.0004442035893024 0.0013279780326449 0.9999990195782774 1.0864737854832176
-0.4555701516494599 0.8901992037166313 -0.0011021017944326 -25.9632018635557600 -0.8901996195502373 -0.4555706239615185 -0.0002096089860057 -87.5213594345167394 -0.0006886789545929 0.0008855990005679 0.9999993707176559 1.1108364257322607
-0.4438008751523494 0.8961134106058171 -0.0046409639538468 -26.3768175416368322 -0.8961253224186152 -0.4437973883892632 0.0018123407527453 -88.3262434802031322 -0.0004355848292034 0.0049632037316168 0.9999875883602631 1.1183341774144002
-0.4313469475581178 0.9021820290174131 -0.0027198070373761 -26.7625823164151129 -0.9021820175437046 -0.4313339208160480 0.0043192562123918 -89.1565081741456567 0.0027236103002472 0.0043168589832462 0.9999869732528776 1.1285053594787366
-0.4200556205363117 0.9074978734586903 -0.0009409164727625 -27.1544850343263455 -0.9074066892002073 -0.4199982254992158 0.0146489239272988 -89.9928627552448859 0.0128986840635785 0.0070071567318341 0.9998922560476021 1.1401461926568499
-0.4073621343226193 0.9132665962509305 0.0004644269151506 -27.5197107002929648 -0.9130854031944080 -0.4072913406533316 0.0197182733046472 -90.8007714556216712 0.0181971974057879 0.0076084164614631 0.9998054680814282 1.1569018087278382
-0.3951756021274131 0.9186049048533959 0.0011279461513153 -27.9030482315539246 -0.9184645608434910 -0.3951361475373962 0.0170374699964000 -91.6848407745026748 0.0160963958018460 0.0056968138980322 0.9998542155502479 1.1898701368806504
-0.3837257635684792 0.9234470882188430 -0.0001167644077560 -28.2410753872492712 -0.9233794990446094 -0.3836961417845928 0.0121479020305095 -92.5231608484685069 0.0111731427052880 0.0047692808427523 0.9999262046982919 1.2409603985435722
-0.3735433030273716 0.9276080979140960 0.0029355489426162 -28.5823693187289685 -0.9275252448339549 -0.3735496631924033 0.0125526620505097 -93.3452422377439319 0.0127405242872308 0.0019661670924116 0.9999169031613833 1.2508491747349091
-0.3663922881173221 0.9304172362110119 0.0089698255064418 -28.9100125005500566 -0.9302555634090333 -0.3664968843289824 0.0174533814400377 -94.2082707848725391 0.0195263400230620 -0.0019494457189759 0.9998074423141151 1.2695753382744979
-0.3613270372945818 0.9322663663771276 0.0179497699680647 -29.2022490299528172 -0.9320296542186850 -0.3616718823749758 0.0226753865752979 -95.0166170360641900 0.0276314273412975 -0.0085364876458785 0.9995817288254895 1.2890292105970200
-0.3580965450637430 0.9334481366611737 0.0210104873145208 -29.5025418279120686 -0.9331657838242901 -0.3585569864834097 0.0252687028462963 -95.8701951201220055 0.0311204806037627 -0.0105576326758840 0.9994598801749233 1.3181931642997797
-0.3540829851907534 0.9349543079811100 0.0220381847249141 -29.8492892354808923 -0.9346847970474088 -0.3545769922525994 0.0252880749276284 -96.7206128206439786 0.0314574278486025 -0.0116446791567976 0.9994372575006824 1.3629464687351032
-0.3493058796446262 0.9367256797182207 0.0230304885343609 -30.1570594806869678 -0.9364839979553180 -0.3498272600029151 0.0248718662845553 -97.5647323669391966 0.0313548085517648 -0.0128797948465923 0.9994253283089197 1.4116775531138301
-0.3436092226753062 0.9388002781514082 0.0242227132111449 -30.4575996627193888 -0.9387026433237649 -0.3441070728140954 0.0206801802770359 -98.4276100426579745 0.0277497659350050 -0.0156320242499977 0.9994926664605398 1.4596930974673552
-0.3385676694119406 0.9406894168797326 0.0218026190957659 -30.7603313338344861 -0.9406448757617794 -0.3389521716851140 0.0172812908386787 -99.2685927146632849 0.0236463724928990 -0.0146576355669367 0.9996129264808024 1.4921260611188931
-0.3325013963390755 0.9428154647699161 0.0232770449854352 -31.0492904142442043 -0.9428696840481461 -0.3328666490413386 0.0140197310580858 -100.1169944495090078 0.0209661712173646 -0.0172856398978799 0.9996307449842692 1.5385728452634737
-0.3265656652782589 0.9447763309494148 0.0274326582585441 -31.3395994052433089 -0.9449402592028036 -0.3269933367381661 0.0127774906213494 -100.9845599939611276 0.0210421671675382 -0.0217495334801029 0.9995419876094707 1.5710334201599045
-0.3199378480627326 0.9465496758297838 0.0410302883675070 -31.6026132314179868 -0.9471218555979253 -0.3206504606362919 0.0119780107897002 -101.8243344051149393 0.0244941630951573 -0.0350284638582223 0.9990861037438170 1.6035418816410920
-0.3133112617211931 0.9489291540565793 0.0370069434044401 -31.8833108019163234 -0.9492622423430052 -0.3140594806839230 0.0163657524872774 -102.7075497309612757 0.0271523210905493 -0.0300017195175539 0.9991809887529814 1.6371586078024825
-0.3059913316175769 0.9513285673148987 0.0366505386793170 -32.1589220723741889 -0.9515612903899947 -0.3068259679667356 0.0197214607117137 -103.5752952392274153 0.0300069259710154 -0.0288406378545583 0.9991335256120236 1.6724578676517665
-0.2994920796354346 0.9533369505148551 0.0381202442106523 -32.4478198305408156 -0.9536799805431689 -0.3003052743741157 0.0176419073308033 -104.3986150656724732 0.0282663925329020 -0.0310709022418779 0.9991174155658841 1.7102426873492722
-0.2929749446374144 0.9555123774620239 0.0340848695402449 -32.6860331811963150 -0.9558322160224314 -0.2935753356387552 0.0140818009587179 -105.2650689820053600 0.0234618121284921 -0.0284538015292123 0.9993197308920622 1.7250347681213818
-0.2858684380318539 0.9577016282032953 0.0329670665056068 -32.9264544885826709 -0.9580461050942071 -0.2863745676998255 0.0117161208835388 -106.1342277545369939 0.0206614774652663 -0.0282347004853086 0.9993877651029440 1.7682378725152303
-0.2790250881195813 0.9596770930694200 0.0341302979431495 -33.1651647714997395 -0.9599804922881662 -0.2796539657437080 0.0152024297395991 -106.9864911682623898 0.0241340967519066 -0.0285225609236831 0.9993017606770862 1.7775111056092039
-0.2730024232630699 0.9612570375865362 0.0381390165427482 -33.4172000840947305 -0.9616348056144434 -0.2737925120705591 0.0172093278475534 -107.8397775906234131 0.0269847646527343 -0.0319776175543010 0.9991242437515904 1.8398848657621403
-0.2659878132867344 0.9632117065332895 0.0383886907847957 -33.6478466813310604 -0.9635670522149606 -0.2668243745567866 0.0185280605609970 -108.6999134221656504 0.0280894832404170 -0.0320618393048334 0.9990910966431826 1.8530582442671084
-0.2588977547144056 0.9652113911689463 0.0365912962539925 -33.8807285340258417 -0.9655407890544428 -0.2596542760313039 0.0176250279654786 -109.5688043264684381 0.0265129642998286 -0.0307673088905638 0.9991748773000994 1.8891715890693688
-0.2512998080521827 0.9672106729235118 0.0367684736667685 -34.0876252609981876 -0.9675683120659161 -0.2520382056147543 0.0169795287451947 -110.4017031467087975 0.0256898415497295 -0.0313090576885113 0.9991795509055453 1.9455283514956538
-0.2439606105548231 0.9692708204331409 0.0315800119471780 -34.3155742942556401 -0.9694448840360629 -0.2446082177870676 0.0185320427190074 -111.2893564384313407 0.0256872986906478 -0.0260939925634324 0.9993294082724059 1.9644713780012339
-0.2369349451345037 0.9710982881431626 0.0288087927468425 -34.5418939782395924 -0.9711872578316473 -0.2375307257000916 0.0193510871486520 -112.1467149124415954 0.0256347810514661 -0.0233937836573874 0.9993976130082735 1.9939734497819268
-0.2298956379629804 0.9726117435192061 0.0342694034690489 -34.7308587304656200 -0.9728715448314507 -0.2306077250522964 0.0184671168153402 -113.0027811638379802 0.0258641238564375 -0.0290942178917863 0.9992419995088297 2.0218933676351067
-0.2239586509952072 0.9738639775553016 0.0378348498685383 -34.8971673554981621 -0.9742804124794334 -0.2247087413636502 0.0168421914746883 -113.9210185544121146 0.0249038250739298 -0.0330897986535428 0.9991420643340742 2.0570166024453869
-0.2194774831462911 0.9749803115258213 0.0352565813541648 -35.1007517748980291 -0.9753116338586845 -0.2201702745394094 0.0170958202244061 -114.7886896712255123 0.0244305393242483 -0.0306340063696280 0.9992320583338347 2.0905218214671253
-0.2150616433091070 0.9760341810243084 0.0332530757884733 -35.2755503028229498 -0.9763141540791856 -0.2156983760122653 0.0168784812798867 -115.6395610825140068 0.0236466090979348 -0.0288355346383399 0.9993044330034219 2.1242180494972769
-0.2102189372661765 0.9771166289209667 0.0324205475093536 -35.4628754242706492 -0.9773328298877770 -0.2108846092740673 0.0186606858093286 -116.4757600924670840 0.0250706609053258 -0.0277628359043326 0.9993000985211196 2.1459973927034128
-0.2047174345984628 0.9783951657890743 0.0288733706379146 -35.6782418768248775 -0.9785439347704604 -0.2052723538046308 0.0177490418741843 -117.3817239698311425 0.0232924815202080 -0.0246203233950471 0.9994254849565094 2.1894998009790112
-0.1994141995857126 0.9797113135186445 0.0199929779463312 -35.8511908573640312 -0.9797174181432379 -0.1997424278435858 0.0160232052317430 -118.2580299843390605 0.0196915613991932 -0.0163922140884887 0.9996717149779416 2.2314294294039616
-0.1945760668538177 0.9807343185466314 0.0173306270104095 -36.0494396792911402 -0.9807119657341364 -0.1948450708201073 0.0154738050586809 -119.0959744303176535 0.0185524789067490 -0.0139855211552029 0.9997300689308249 2.2619141148133330
-0.1906390829897213 0.9814882290900037 0.0183737909699421 -36.1914501996846241 -0.9814467952245333 -0.1909545046057701 0.0172790426314193 -119.9756420500539065 0.0204677351050776 -0.0147388374213811 0.9996818686417867 2.2927510521195416
-0.1868747581339683 0.9821548365798222 0.0212061725739057 -36.3548353948305518 -0.9821212546576795 -0.1872802737682280 0.0190772169595982 -120.8500073421679559 0.0227082787105693 -0.0172619825095773 0.9995930962335835 2.3166191018554945
