1.0000000000000000 -0.0000000000000003 -0.0000000000000001 0.0000000000000000 0.0000000000000003 1.0000000000000000 0.0000000000000004 -0.0000000000000000 0.0000000000000001 -0.0000000000000004 1.0000000000000000 -0.0000000000000000
0.9999973049482216 -0.0013309651211706 0.0019022692079863 1.5634668431390122 0.0013343888042361 0.9999974903221664 -0.0017996543800800 -0.0211727479986255 -0.0018998691566934 0.0018021878966520 0.9999965713021083 0.0154378579518331
0.9999931556411791 -0.0022103940649156 0.0029669561632029 3.0638648709838026 0.0022172476314656 0.9999948769207933 -0.0023086673879783 -0.0220934381100136 -0.0029618378985592 0.0023152300631558 0.9999929335880415 0.0337305077875180
0.9999881144814041 -0.0039260342297823 0.0028908737697928 4.5809915229626545 0.0039297591400954 0.9999914541887461 -0.0012839558316347 0.0062494597695995 -0.0028858082103867 0.0012953010087735 0.9999949971406205 0.0374106190256661
0.9999838529044186 -0.0048977961178419 0.0028819305373553 6.0940283354454543 0.0049008073503266 0.9999874514809317 -0.0010387338380157 0.0091110749678640 -0.0028768068668357 0.0010528408518417 0.9999953077431871 0.0447783642853766
0.9999757030870031 -0.0062354427487491 0.0031164867047529 7.6028125802438282 0.0062380160323092 0.9999802099130437 -0.0008166628715350 0.0146491989454684 -0.0031113327746295 0.0008360837231770 0.9999948102727201 0.0605860917657262
0.9999642989968807 -0.0078028178095898 0.0032429563529781 9.1169588642937551 0.0078066562050290 0.9999688400298061 -0.0011726416078988 0.0311858647509249 -0.0032337053937324 0.0011979163887527 0.9999940540551989 0.0655544501713160
0.9999538979591671 -0.0091341159979418 0.0029613985216071 10.6298352791817052 0.0091402989008955 0.9999560610891586 -0.0020810639243606 0.0491003052452445 -0.0029422597216973 0.0021080360507188 0.9999934496244157 0.0895169524758758
0.9999370974645334 -0.0108688332652731 0.0027694002339847 12.1302923131215028 0.0108769033930517 0.9999365934459504 -0.0029158292621997 0.0725163323169019 -0.0027375329737782 0.0029457683479478 0.9999919141483383 0.0952150084394573
0.9999268364745023 -0.0117645376308252 0.0028137790294840 13.6211303131110970 0.0117735169624040 0.9999255814892646 -0.0031962136493216 0.0944785224050416 -0.0027759676564855 0.0032291078781948 0.9999909333918389 0.1136693183246341
0.9999164710482502 -0.0126091912975701 0.0028388767558741 15.1034134671220617 0.0126169823646019 0.9999166391638536 -0.0027434429600361 0.1342282810827988 -0.0028040475076369 0.0027790318610856 0.9999922071193805 0.1187675427061040
0.9999024777294605 -0.0135886321413821 0.0032224380540109 16.6092091867385534 0.0135946660293977 0.9999058620020871 -0.0018580068386294 0.1579932536490521 -0.0031968869286977 0.0019016336107285 0.9999930818278573 0.1388586528983008
0.9998945216548275 -0.0139594067536781 0.0040100533349409 18.0899842383220495 0.0139606318391928 0.9999025070756722 -0.0002776732536849 0.1933971872263648 -0.0040057862292217 0.0003336268434342 0.9999919211522736 0.1464166652188095
0.9998867551834495 -0.0143295224584350 0.0045979990023528 19.5599193759777457 0.0143285856787582 0.9998973125505336 0.0002366150187300 0.2258083466105781 -0.0046009174257875 -0.0001707054006495 0.9999894011530859 0.1552607525836338
0.9998740620405886 -0.0150783661488950 0.0049500437102135 21.0488853862224374 0.0150763905959691 0.9998862496304891 0.0004361725265977 0.2544153883257791 -0.0049560574099725 -0.0003614888034774 0.9999876533341769 0.1730207034100861
0.9998735203188279 -0.0151409640390294 0.0048677071813248 22.5134599812036242 0.0151365824028989 0.9998849975288014 0.0009357296559331 0.2931413062999145 -0.0048813152320406 -0.0008619308542813 0.9999877148429414 0.1768413753026744
0.9998617983640078 -0.0156473739072746 0.0056163922671192 23.9804207975843120 0.0156368071518204 0.9998758934186662 0.0019204224329125 0.3148306574889982 -0.0056457448037432 -0.0018323345846206 0.9999823839026271 0.1907076890934893
0.9998592630501445 -0.0155336489069362 0.0063371795349326 25.4338694254579849 0.0155192553910466 0.9998768910841578 0.0023141711230609 0.3515040366604960 -0.0063723468933667 -0.0022154971260141 0.9999772421248172 0.1961907841400539
0.9998699537013543 -0.0151245013772303 0.0055968869330809 26.8526781605753548 0.0151090840410497 0.9998819678784751 0.0027867348113301 0.3749559795265557 -0.0056383742951342 -0.0027018085717424 0.9999804542918574 0.2101939514778479
0.9998772046021627 -0.0151972564418910 0.0038234949463062 28.3021872932296610 0.0151855708710374 0.9998799889403039 0.0030669453954152 0.4049601404335998 -0.0038696452402933 -0.0030085068351531 0.9999879872940161 0.2188632024540701
0.9998789981136774 -0.0150846451461865 0.0038003436689657 29.7371640299956574 0.0150763129980573 0.9998838999254904 0.0022116636671303 0.4281735692560337 -0.0038332646103840 -0.0021541008810011 0.9999903329191844 0.2288770991604322
0.9998810972918627 -0.0142999778688105 0.0057707808286335 31.1542805821654341 0.0142964888309162 0.9998975916858245 0.0006454052956513 0.4591013186746583 -0.0057794191341416 -0.0005628266515516 0.9999831406281969 0.2379013571983768
0.9998719871650753 -0.0143361553904446 0.0071052045139113 32.5905416086755650 0.0143418801999199 0.9998968645862709 -0.0007554223161050 0.4834935960679065 -0.0070936418639950 0.0008572276042872 0.9999744723771401 0.2520087450489165
0.9998787911879945 -0.0140349703057642 0.0067396246891978 33.9865640088118894 0.0140459062083644 0.9999001061590893 -0.0015780436710581 0.5107344360399635 -0.0067168036461368 0.0016725165345235 0.9999760433316495 0.2592091554899552
0.9998885000580803 -0.0138269334349458 0.0056394470817685 35.3481603002034888 0.0138355787295060 0.9999031633653533 -0.0014968811506464 0.5392285053703905 -0.0056182037006618 0.0015747392625757 0.9999829778468395 0.2726745519493256
0.9998989186235676 -0.0134455878651549 0.0046226293795368 36.7211053167795285 0.0134501292229896 0.9999090890252916 -0.0009527373700946 0.5597747330082138 -0.0046093990177722 0.0010148160285946 0.9999888617325310 0.2757406130096062
0.9999207467667787 -0.0119573336886463 0.0039398421828950 38.1056810224938332 0.0119590393405281 0.9999284042197328 -0.0004096493991950 0.5972911142875668 -0.0039346617922582 0.0004567336608164 0.9999921548846989 0.2964662772276393
0.9999311764035359 -0.0107934526393091 0.0045982427473693 39.4392508002880788 0.0107935162980947 0.9999417482461347 0.0000109720779910 0.6542027288127314 -0.0045980933182687 0.0000386598851832 0.9999894279657410 0.3091874398303859
0.9999370528135572 -0.0093258921742648 0.0062384409664087 40.7564945940805146 0.0093244655041454 0.9999564930109032 0.0002577370704443 0.6789699728213897 -0.0062405731787539 -0.0001995507190299 0.9999805075229773 0.3232395308141985
0.9999455319433926 -0.0074112634531236 0.0073488992695525 42.0679134271010611 0.0074117562923635 0.9999725317638488 -0.0000398304021593 0.6927822856271103 -0.0073484022146480 0.0000942964830777 0.9999729956819159 0.3432339757758099
0.9999527835651058 -0.0055008208930455 0.0080107184384014 43.3472999181310215 0.0054980792727793 0.9999848191166035 0.0003642260890980 0.7087978847796128 -0.0080126003710996 -0.0003201653266343 0.9999678473478318 0.3497052384408753
0.9999672194694272 -0.0021086018764425 0.0078175306017304 44.6013430234570976 0.0021079908156604 0.9999977744520238 0.0000864044004847 0.7122086600960675 -0.0078176953959220 -0.0000699222853930 0.9999694389077951 0.3551734155550832
0.9999779397828883 0.0019170276450068 0.0063596346261825 45.8866557836365487 -0.0019136084527999 0.9999980212547864 -0.0005436811576161 0.7281376245251386 -0.0063606642938951 0.0005314993133143 0.9999796295216320 0.3703471898030054
0.9999719875297385 0.0056708444340768 0.0048852511940499 47.1218277404728028 -0.0056685165773422 0.9999838136702918 -0.0004902216147890 0.7186029911561296 -0.0048879520902791 0.0004625157550927 0.9999879469291315 0.3831057136046097
0.9999454474021652 0.0091024134988960 0.0051233083236201 48.3282450959432524 -0.0090999772133218 0.9999584700237244 -0.0004986406816590 0.7129073704441627 -0.0051276343864188 0.0004519914905127 0.9999867514468838 0.3873018421444915
0.9998796985642096 0.0146315659816295 0.0051483663496870 49.5236507254409588 -0.0146315493968029 0.9998929523156103 -0.0000408879157435 0.7082274595260825 -0.0051484134832280 -0.0000344455796897 0.9999867462382228 0.4036007058679059
0.9997664170278134 0.0211316613491711 0.0045347846687756 50.7487851901491354 -0.0211371246919586 0.9997759128024626 0.0011602326315088 0.7014927131921769 -0.0045092508385325 -0.0012558139299174 0.9999890447341154 0.4143962236541153
0.9995692392989589 0.0289932648180572 0.0045526302826632 51.9412196054173236 -0.0290047862489704 0.9995761827442922 0.0024854104290690 0.6775649891749475 -0.0044786406366390 -0.0026163878801494 0.9999865480557768 0.4273935114674968
0.9993059288271501 0.0368438349591083 0.0054947644547250 53.1077533123332017 -0.0368624539642098 0.9993148119223414 0.0033265838862148 0.6691298783744891 -0.0053684353999498 -0.0035268255019918 0.9999793704888291 0.4398686657762849
0.9988665793061975 0.0472006273938492 0.0061365722323578 54.2903040550383054 -0.0472340670182695 0.9988691249583643 0.0054234783880002 0.6149214935753925 -0.0058736409534084 -0.0057071865694485 0.9999664636193616 0.4478881179457899
0.9981818679702866 0.0599147510284844 0.0065712300632297 55.4248424985697241 -0.0599642345893507 0.9981715092379769 0.0076110916229378 0.5744965302673524 -0.0061031979701207 -0.0079912924345292 0.9999494438319186 0.4613615569821041
0.9971628584499090 0.0748863956919449 0.0076329200360109 56.5632937056559513 -0.0749615415685988 0.9971354140332348 0.0100862959716947 0.4940267784994074 -0.0068557285291879 -0.0106298551748761 0.9999199993825982 0.4716063866306261
0.9957889469094890 0.0912207871141919 0.0091181802547451 57.6971320262438283 -0.0913268399239243 0.9957488738715213 0.0119828416123678 0.4161295784722690 -0.0079863334766751 -0.0127651158186856 0.9998866287213440 0.4701246358774134
0.9940420539189139 0.1084932053426811 0.0104699300445614 58.8099823340298471 -0.1086209396239633 0.9940044311454399 0.0125172815913736 0.3128499776365405 -0.0090491168560517 -0.0135799579418079 0.9998668402474523 0.4802494181411332
0.9917819281890804 0.1275236400257302 0.0103115543027135 59.9037730714845509 -0.1276452156273418 0.9917455529562570 0.0121431922877559 0.1678344232885360 -0.0086778940417161 -0.0133596192339442 0.9998730993125702 0.4905431192396937
0.9888857691409478 0.1483637202816260 0.0096510152166178 60.9949151417993818 -0.1484711288480905 0.9888490589305452 0.0115698984761654 0.0261109321038515 -0.0078268441334722 -0.0128742050772268 0.9998864912351501 0.4972891759582688
0.9856098904242476 0.1687811653808806 0.0092769666688233 62.0554451248824037 -0.1688622261002143 0.9856005379695889 0.0087822634062684 -0.1368210633860829 -0.0076611026871264 -0.0102224149166840 0.9999184015402899 0.4943710270576749
0.9814938983501523 0.1911901998286218 0.0107719539041216 63.1127230305617672 -0.1912386231454770 0.9815367846710668 0.0036509389211711 -0.3498804322998789 -0.0098750452577757 -0.0056433879075892 0.9999353157350136 0.5142886198426928
0.9767107839744420 0.2142595866749276 0.0113522678756360 64.1313810256425114 -0.2142527359046593 0.9767765426757830 -0.0018305288068243 -0.5664153539528325 -0.0114808373126398 -0.0006443572250765 0.9999338854036137 0.5053217369420523
0.9711811181653789 0.2381358547988864 0.0099272543156720 65.1522746992393422 -0.2380742036987566 0.9712217069516556 -0.0070049610359618 -0.8044356270170979 -0.0113096972659418 0.0044396627254916 0.9999261873471644 0.5147788563131872
0.9645777123305870 0.2637054719383027 0.0070186141715086 66.1596475581694250 -0.2636040618021603 0.9645465078852477 -0.0127645104793239 -1.0875207661667161 -0.0101358510493341 0.0104622271133341 0.9998938975348008 0.5383708115641304
0.9571416903490981 0.2895513027652162 0.0063109161488049 67.1176646482835935 -0.2894177019392070 0.9570602398842551 -0.0165254663147594 -1.3599070431996720 -0.0108248972235059 0.0139907219133977 0.9998435284085417 0.5354330651397149
0.9483302050987710 0.3171933885433398 0.0076273430312869 68.1068305638363114 -0.3170097605376481 0.9482347265522527 -0.0188604105002422 -1.6967291014812735 -0.0132149090494827 0.0154679547700550 0.9997930328593241 0.5246701217537620
0.9387414187248954 0.3445173842746148 0.0085041579799575 69.0300435678341415 -0.3442427958454677 0.9385798423178481 -0.0237650395139402 -2.0185509265481008 -0.0161693005064002 0.0193817317900373 0.9996814003441060 0.5229407519074247
0.9276966284043762 0.3732733973099205 0.0067776476644207 69.9404404024578810 -0.3729722921474578 0.9274427579633441 -0.0272323335690753 -2.3883028081515807 -0.0164509859103999 0.0227354692508476 0.9996061541929999 0.5374002158931155
0.9153147300293031 0.4027335413458734 0.0021539884855313 70.8719575303611578 -0.4025383375589949 0.9150138478926075 -0.0266935377948441 -2.7778237895115945 -0.0127213122996298 0.0235659253961278 0.9996413433695104 0.5167040869573830
0.9025437735445017 0.4305796034519733 -0.0039927343003060 71.7110362200590998 -0.4305197149428511 0.9021637146338349 -0.0274482612128122 -3.1830707334551089 -0.0082165614205489 0.0264922080850570 0.9996152514988956 0.5321065378655722
0.8880735717497270 0.4596240394894270 -0.0084305090655310 72.5500071911725826 -0.4596632051190915 0.8876142961244621 -0.0291650334325149 -3.6065318409392750 -0.0059219101079245 0.0297758902284612 0.9995390574368649 0.5371557990224782
0.8720934496333563 0.4892947800482887 -0.0066055525196087 73.4218329217539463 -0.4892567521711520 0.8716187322385321 -0.0301432590446016 -4.0959657420059177 -0.0089914159912905 0.0295195499354382 0.9995237619036782 0.5486839255242649
0.8545555577964370 0.5193597018980287 -0.0005465195431593 74.2217503891774442 -0.5191508910834550 0.8541811769160990 -0.0292723297583683 -4.5758726500748477 -0.0147360417505836 0.0252985581924893 0.9995713241319533 0.5333298926553846
0.8344982236641889 0.5510077030695532 0.0017960677404748 75.0384392670413831 -0.5507233733872167 0.8341639848998620 -0.0295670813741752 -5.0993008350102356 -0.0177899046179994 0.0236845404008175 0.9995611846403823 0.5127055875086184
0.8132560908768183 0.5819058982946413 0.0002370267132725 75.8233285540499793 -0.5817273886535540 0.8130165656521228 -0.0244399113244024 -5.6098878035636028 -0.0144144351978604 0.0197380218141065 0.9997012726573836 0.5279913774541356
0.7911664830605668 0.6115915786107635 -0.0033670541974057 76.5688681032757188 -0.6115504972231782 0.7910187215954213 -0.0171863734286456 -6.1496187221470588 -0.0078476383490451 0.0156564062907080 0.9998466339966360 0.5280247594641793
0.7682214417406295 0.6401686759165421 -0.0044590161706222 77.2942485965681101 -0.6401581782709409 0.7681087690395504 -0.0143675230076985 -6.7742534229015030 -0.0057726287580948 0.0138919149078820 0.9998868393260376 0.5192530229622229
0.7449339397847963 0.6671284100263368 -0.0036207585438900 77.9822631257609942 -0.6670805090592871 0.7447871161586515 -0.0171972683087114 -7.3511085582974545 -0.0087760919493763 0.0152261662873835 0.9998455601093026 0.5304751747745269
0.7203853260787827 0.6935640843410242 -0.0037206024461770 78.6505863332196498 -0.6935054053975074 0.7202281705572238 -0.0179341857978997 -7.9618368962014081 -0.0097588244581413 0.0154997821917364 0.9998322469780637 0.5102369922121895
0.6945423306384547 0.7194236729859131 -0.0063662939581299 79.2931233558843900 -0.7194131554622456 0.6943860314468775 -0.0165151772412804 -8.6482386292353954 -0.0074607438743253 0.0160504853170845 0.9998433473409361 0.5440755245982833
0.6684180295111826 0.7437496256878182 -0.0073370371144075 79.8772979280440723 -0.7437653280092118 0.6682938839844867 -0.0140150447833347 -9.2791190639052310 -0.0055203872814774 0.0148249424336006 0.9998748653737142 0.5448159700739864
0.6410885107147267 0.7674320397332945 -0.0073202336280287 80.4942020972813452 -0.7674539469020090 0.6409929596605251 -0.0119358724092171 -9.9875020137873545 -0.0044677526903652 0.0132698928569814 0.9999019697597670 0.5298305629741086
0.6130577729831631 0.7899898261222550 -0.0087316440750764 81.0304120683421161 -0.7900316485368831 0.6129707453259361 -0.0108101658017433 -10.6819195552755346 -0.0031876786254515 0.0135255313350654 0.9999034446920787 0.5355840392302086
0.5845770214944497 0.8112610981695855 -0.0111864443571658 81.5919836336014725 -0.8113345151185717 0.5845604488561713 -0.0050384730210348 -11.3861738184669665 0.0024516357783869 0.0120213239599387 0.9999247357937798 0.5473648500773077
0.5537563259877086 0.8325487105368279 -0.0147165217378233 82.0843018656504029 -0.8325971054259096 0.5538630512661635 0.0042166904714595 -12.1842029750009644 0.0116615378484822 0.0099179143775463 0.9998828148885288 0.5538360973184684
0.5231856976029254 0.8520362461329852 -0.0176340891273505 82.5654354628207017 -0.8519963487890149 0.5234098542037491 0.0120144151999759 -12.9240348655338106 0.0194665732456330 0.0087384093530321 0.9997723204450357 0.5784011958862043
0.4908187370478374 0.8711100145201480 -0.0162576125391541 83.0592281994249362 -0.8709635206046000 0.4910534820420442 0.0170006926454188 -13.7337901529183082 0.0227928308642454 0.0058155289605642 0.9997232949592115 0.5958518201686681
0.4586598656951097 0.8885243009345892 -0.0124777501675357 83.5087570220592568 -0.8883756981945486 0.4588164828034527 0.0166148718086276 -14.5565443106270092 0.0204877148040476 0.0034643551446951 0.9997841025869232 0.6171422151368346
0.4247526552893294 0.9052880617796197 -0.0062214969230462 83.8745836133663119 -0.9051638923132224 0.4247975639716800 0.0150119184684553 -15.3828123306538593 0.0162329873110689 -0.0007448778595840 0.9998679589225434 0.6359206940984327
0.3907961181530819 0.9204769642560270 -0.0007431759492456 84.2556607358954608 -0.9203568964209580 0.3907579441863279 0.0158559851682868 -16.2743647596585461 0.0148854709990892 -0.0055124703431169 0.9998740097751574 0.6548531132826401
0.3560990278556934 0.9344255650594890 0.0065073591790238 84.6144929369205130 -0.9343324874460679 0.3559366903482732 0.0182174467684402 -17.1215873452126921 0.0147066401014517 -0.0125672521726968 0.9998128719464229 0.6818241715015935
0.3202383833045980 0.9472579968186294 0.0122337778962625 84.9868018981243125 -0.9472144932675468 0.3199626039781586 0.0202147421309476 -17.9923599008548436 0.0152342247049880 -0.0180615480696900 0.9997208104660842 0.6814129155498281
0.2840886826815279 0.9586564875345663 0.0164729863765470 85.2278894005795280 -0.9586946781558824 0.2837639080096573 0.0195591049558990 -18.9179037650781083 0.0140760238655432 -0.0213490847338811 0.9996729875980256 0.7087946181789787
0.2474008429057533 0.9687395590555052 0.0183436542288645 85.4801449928998665 -0.9688154307398200 0.2470625678519580 0.0188877930636097 -19.8440191447726448 0.0137653220064012 -0.0224444711976462 0.9996533207180968 0.7294136748031550
0.2113596968186426 0.9772274381940564 0.0188045899028136 85.6981210618371705 -0.9773166569678113 0.2110372293764385 0.0177606258442028 -20.7633443420027426 0.0133877023418035 -0.0221319194332085 0.9996654178114842 0.7574547999430440
0.1759165048369592 0.9842519936537750 0.0173607694103035 85.8640186462828581 -0.9843135449101952 0.1756322787380874 0.0167376214436878 -21.6922615464565141 0.0134249257827938 -0.0200328643442820 0.9997091855704288 0.7610424899001585
0.1410114083064322 0.9899430571749052 0.0113369430905942 86.0424715077702302 -0.9899191068588872 0.1408360771346293 0.0150120369381416 -22.6302822150044456 0.0132644111493886 -0.0133395250489466 0.9998230405768456 0.7970122226249808
0.1069797654740453 0.9942170485108551 0.0093696440424343 86.1190450047776039 -0.9941253203792900 0.1068046032528756 0.0175392161959882 -23.6047028680673883 0.0164370666449963 -0.0111909416207703 0.9998022732849473 0.8302829254830245
0.0748401102288495 0.9971618728121692 0.0081949564160887 86.2099067414969653 -0.9969357896294493 0.0746305261045188 0.0234374898244154 -24.5550674978035381 0.0227593773385940 -0.0099239096675991 0.9996917158604791 0.8092620916491627
0.0450135618108868 0.9989782101420585 0.0040391724977538 86.2809934080788850 -0.9986660991118091 0.0448963870718736 0.0255017041135426 -25.5317780430744214 0.0252943024790100 -0.0051817071763694 0.9996666185148120 0.8756832461664563
0.0189228778001863 0.9998192052006908 0.0018659066479914 86.3205136191931359 -0.9995249410221908 0.0188718338726989 0.0243669070845709 -26.5260615560176589 0.0243272885942119 -0.0023261122374164 0.9997013415173118 0.8959891368271632
-0.0042061815038745 0.9999908819292082 0.0007376283626396 86.3438529944400983 -0.9997609112264910 -0.0042210399197993 0.0214546779414691 -27.5110133976111086 0.0214575958749614 -0.0006472097344501 0.9997695497957649 0.9110838789166887
-0.0224669891578293 0.9997475378983256 -0.0003080006789804 86.2746056037387348 -0.9995609331920523 -0.0224568406381311 0.0193295407288257 -28.5178245835900448 0.0193177440301846 0.0007421420280857 0.9998131195332428 0.9382861732600766
-0.0396456920970214 0.9992134853970750 -0.0007935356186678 86.2642558349113386 -0.9989888869365003 -0.0396199066104190 0.0212477475877883 -29.4896043681274875 0.0211995961169276 0.0016351149230581 0.9997739262071539 0.9753480511487820
-0.0540205189453755 0.9985361632016013 -0.0027044983818650 86.1971553607985186 -0.9982021465089036 -0.0539316207451395 0.0261506211937710 -30.4578653118072396 0.0259664829711300 0.0041123062176389 0.9996543556148207 0.9887408654191969
-0.0668226161563046 0.9977467792781564 -0.0060085281137101 86.1433280959729473 -0.9973111154465261 -0.0666094216097215 0.0305568970876395 -31.4495730170615282 0.0300878210715464 0.0080342636802910 0.9995149691876967 1.0325616111713691
-0.0757079930045030 0.9970680852793135 -0.0111145450952290 86.0758010426604443 -0.9965718151366456 -0.0752879859456976 0.0342977615522038 -32.4265375282272004 0.0333604117252998 0.0136730570716348 0.9993498538749251 1.0580249002545312
-0.0823995128953010 0.9965049310967515 -0.0137201521301953 85.9963859253558809 -0.9958764039796209 -0.0818076388022997 0.0392134955112588 -33.4335879566661376 0.0379540283927301 0.0168947486945220 0.9991366569170169 1.1009046321994307
-0.0858197072440370 0.9961846167571331 -0.0158488859227411 85.8725582066023065 -0.9953865822265366 -0.0850442742369220 0.0444187273893527 -34.4084992058706831 0.0429013959204386 0.0195877705714425 0.9988872756583289 1.1314376065392251
-0.0889931887926458 0.9958973667517544 -0.0163904620263933 85.7987555424424215 -0.9949571649685142 -0.0881207380315927 0.0479059015840965 -35.4249694587220958 0.0462650216290258 0.0205711065742597 0.9987173660991263 1.1901627441669478
-0.0916664277244488 0.9956464553162554 -0.0168938463475407 85.6968563509102239 -0.9945623974156625 -0.0906982002444734 0.0511807983449184 -36.4332609153962181 0.0494257389934454 0.0214935452773460 0.9985465055951889 1.2373594268221377
-0.0942097249957237 0.9953989509240897 -0.0174773057263244 85.6271679699894861 -0.9941640646272663 -0.0931370528291280 0.0544362195059182 -37.4106728044383985 0.0525579710417210 0.0225037305690755 0.9983642831103545 1.2924648535377106
-0.0956866272112851 0.9952488171763638 -0.0179961463090871 85.5063221659281254 -0.9938361166305112 -0.0945028274353819 0.0579567846546379 -38.4050193400210773 0.0559807346657240 0.0234309094097506 0.9981568763628881 1.3498180976517977
-0.0982667765570351 0.9949699292251899 -0.0194545769090749 85.3966015472472861 -0.9935148166006915 -0.0969618936175847 0.0593860284998709 -39.4200811124866277 0.0572009599568488 0.0251640840030700 0.9980454994920329 1.4192680232463235
-0.1009742442038091 0.9946908303213947 -0.0198583504351257 85.3287038312690527 -0.9932893444218162 -0.0996603391254389 0.0586864129375902 -40.4376836239407069 0.0563957468746394 0.0256509040764105 0.9980789301726164 1.4716769267048755
-0.1031007015170891 0.9944616623236199 -0.0204021448682989 85.2215107022999234 -0.9930979137327375 -0.1017629017195958 0.0583167692288626 -41.4831286044163434 0.0559176098055760 0.0262738273220867 0.9980896286964817 1.5423282159910063
-0.1045049153353486 0.9943335886554349 -0.0194791463456733 85.0966883457651591 -0.9928982679500756 -0.1031944418376114 0.0591940594617727 -42.4823998071215456 0.0568485019370928 0.0255268808401732 0.9980564243478822 1.6070061077814595
-0.1074086179623330 0.9940573090791184 -0.0177046619228961 85.0188118862797353 -0.9924706973828660 -0.1061487957518457 0.0611093118665292 -43.5053175923417754 0.0588668295714097 0.0241350248977576 0.9979740462303592 1.6599486795199070
-0.1095631460069295 0.9938550933869864 -0.0157470754684303 84.8851358874030666 -0.9920777727522082 -0.1083601536176990 0.0635591843793342 -44.5443171906014328 0.0614622636101352 0.0225860677563157 0.9978538268179490 1.7262935704068565
-0.1118881739611743 0.9936321894702380 -0.0132705906506101 84.7836273038924020 -0.9915909081354712 -0.1107645152263568 0.0669230384078806 -45.5564554035049341 0.0650269746390410 0.0206468935981239 0.9976698844578007 1.7922070404862924
-0.1143494789031598 0.9933991618225942 -0.0090720430302744 84.6963077030847131 -0.9910106174519367 -0.1134266973904807 0.0709389908063230 -46.6103685971695256 0.0694417221280336 0.0171023275976018 0.9974394004743533 1.8616643876054375
-0.1166561066869125 0.9931548538980300 -0.0058982159535664 84.5725622653724258 -0.9905536230520288 -0.1159154804584841 0.0732606391493998 -47.6556552468438710 0.0720754648347929 0.0143888001189122 0.9972953874354310 1.9397864884775728
-0.1196282702512594 0.9928121712023440 -0.0036151997427297 84.4749900739598871 -0.9902754980965592 -0.1190605625155163 0.0719654106019063 -48.7027832920273767 0.0710177078361714 0.0121891413141778 0.9974005765026002 2.0330420049153446
-0.1220471138940744 0.9925222204789870 -0.0020356437775517 84.3364558106064237 -0.9902208764603941 -0.1216239632855216 0.0683390618660505 -49.7470636232982883 0.0675804543646800 0.0103563222325484 0.9976600767684748 2.0801715060929484
-0.1246284498274510 0.9922013468117497 -0.0020583679352550 84.2209708978267315 -0.9900393188395755 -0.1242194019644545 0.0662698070561766 -50.8130292427981161 0.0654973025801530 0.0102969685123166 0.9977996170545368 2.1767313895637930
-0.1261004630850295 0.9920154634184772 -0.0019983864405303 84.0875323998337052 -0.9898296172047609 -0.1256883810503526 0.0666315223690597 -51.8650669420412527 0.0658483265847982 0.0103803279122562 0.9977756494715713 2.2456889762275649
-0.1272762702948622 0.9918651470156158 -0.0020690953386655 83.9404112671887930 -0.9895013742416873 -0.1268283999216815 0.0692934870468994 -52.9165103218629795 0.0684673746659092 0.0108667892681013 0.9975941717438814 2.3210835166959534
-0.1280528545828021 0.9917665592921984 -0.0012483200348304 83.7980798037035015 -0.9892334121027394 -0.1276356646829302 0.0715988371450099 -53.9901680542653324 0.0708500022072463 0.0104033153686792 0.9974327286672385 2.4004444880259372
-0.1283671289120649 0.9917266200888686 -0.0004372893579760 83.6708176775121188 -0.9891274068236808 -0.1279987633710753 0.0724105630812000 -55.0687184807274122 0.0717555104861941 0.0097276709743260 0.9973748137647556 2.4865874544782649
-0.1277378999291521 0.9918056743649413 0.0021291357858877 83.5398899614741879 -0.9892534151970152 -0.1275625752616245 0.0714525710780586 -56.1511484740138158 0.0711386634871124 0.0070209465264421 0.9974417260507704 2.5603562612490580
-0.1278560768918395 0.9917796823373158 0.0050877602852411 83.4127492747854973 -0.9892452688456194 -0.1278934338708451 0.0709723019161800 -57.1941679524624504 0.0710395781827683 0.0040411972997906 0.9974653112043539 2.6389102804378211
-0.1272956323792591 0.9918185688407661 0.0095785426771837 83.2756453784805757 -0.9892384498872597 -0.1276549500015949 0.0714947760660990 -58.2741584107073791 0.0721325948640134 -0.0003744899790085 0.9973949811962359 2.7242197368334886
-0.1275301285565253 0.9917368961202350 0.0139282153974709 83.1472085189577399 -0.9891478443266360 -0.1282050613977690 0.0717635304034240 -59.3425622134610364 0.0729562086071160 -0.0046250519777066 0.9973244208981742 2.8056916710082871
-0.1279569136098739 0.9916287486392612 0.0173047141429251 83.0268064404666717 -0.9891145532529209 -0.1288719172190034 0.0710241472710040 -60.4430447317653972 0.0726596779700418 -0.0080283139220780 0.9973244794814065 2.8960667602182073
-0.1277969367995384 0.9916543415097191 0.0170179290626335 82.8922714439805617 -0.9894691042673277 -0.1286535525205155 0.0663261270108835 -61.5857127688974586 0.0679620088363176 -0.0083624391643208 0.9976528629569282 2.9761086218371884
-0.1286112553359002 0.9916159301207489 0.0125296501023127 82.7606747227017507 -0.9899156424251966 -0.1291267786074757 0.0582520036425097 -62.6670772153326396 0.0593815281281549 -0.0049114333160992 0.9982232775987278 3.0422442158867020
-0.1290845062710391 0.9916201650551627 0.0051612495321689 82.6135125028665982 -0.9902132612810307 -0.1291763430306097 0.0528315207468318 -63.7510677324426780 0.0530555126631226 0.0017089930396188 0.9985901020533119 3.0941251473692732
-0.1290079765661385 0.9916424223418969 -0.0014993979480055 82.4637090102592936 -0.9901743062262087 -0.1287344087980877 0.0546103953552235 -64.8438422876984220 0.0539609606267129 0.0085298419271775 0.9985066131603434 3.1768499177679832
-0.1282581882760701 0.9917249590140605 -0.0056073887595418 82.3056738285430640 -0.9899956523194512 -0.1276951689596659 0.0600212646730079 -65.9865513730164395 0.0588085497927386 0.0132495091578098 0.9981813487429787 3.2514465286227576
-0.1271803815449795 0.9918420102957917 -0.0086358069962345 82.1625958558434917 -0.9898062328014949 -0.1263470666113100 0.0657270132139758 -67.0905189015846872 0.0640997040350922 0.0169069622085090 0.9978002718838543 3.3099113879919386
-0.1263616245837438 0.9919574448227502 -0.0072916043006774 81.9899701278198023 -0.9896960178671341 -0.1255677622214448 0.0688079160317775 -68.1947463204249118 0.0673389341354201 0.0159111517942405 0.9976032794643802 3.4377921453038547
-0.1265384737496598 0.9919399169129649 -0.0065738798138473 81.8703401932498736 -0.9897329185598064 -0.1258073880891679 0.0678325218554420 -69.3325755730906081 0.0664587434442917 0.0150898090405986 0.9976750638774752 3.4750595306855923
-0.1261089380383957 0.9919893228211764 -0.0073293352776376 81.7456008210699565 -0.9900785043230383 -0.1253975624762831 0.0634035220036085 -70.4703828630257476 0.0619765360784500 0.0152523681371346 0.9979610584797014 3.5369010731826940
-0.1259625465779612 0.9920259458905475 -0.0042378696959306 81.6083183928061970 -0.9902207420901535 -0.1254727966935478 0.0609873693835502 -71.5972915219052624 0.0599693154373214 0.0118785508318285 0.9981295413102023 3.6202473888714932
-0.1262453258060285 0.9919944843672838 -0.0030100991706835 81.4711800340001417 -0.9901342147226374 -0.1258214490245604 0.0616700883812166 -72.7301680524704324 0.0607976524852468 0.0107659625787752 0.9980920496136795 3.6805401417605901
-0.1256348760152837 0.9920745509464892 -0.0019908020861939 81.3299616946740969 -0.9899273266876978 -0.1252304326251754 0.0660395837468679 -73.8612740390989160 0.0652668813838418 0.0102676243032889 0.9978150179695603 3.7717889216386062
-0.1251307135147868 0.9921378821436234 -0.0021742471907370 81.1851441056564056 -0.9897813369844591 -0.1246818710670896 0.0691905772809169 -75.0054797346861193 0.0683755035998801 0.0108098955950435 0.9976010909500285 3.8483278057938386
-0.1244487627186777 0.9922257340198389 -0.0007734381568950 81.0433959205419683 -0.9899534371656654 -0.1241109595749792 0.0677396631026702 -76.1707407948341171 0.0671170447924793 0.0091957850219606 0.9977027311960984 3.9510327528422748
-0.1246132078355489 0.9921922736528473 -0.0051029928990114 80.8882908744859179 -0.9903370732035653 -0.1240614454228701 0.0619777314701324 -77.3429110820353145 0.0608607416281623 0.0127769269850490 0.9980644870274109 4.0010766780889107
-0.1248899639395094 0.9921604429124040 -0.0044891454699368 80.7276242929085726 -0.9904142970828154 -0.1243985170171822 0.0600377306189916 -78.5043290142666450 0.0590086183632598 0.0119442238671258 0.9981860139648677 4.0780643438337236
-0.1243292514461356 0.9922395723649613 -0.0016935961272917 80.6197955462963307 -0.9902899748596237 -0.1239776181571879 0.0628913021696694 -79.6544300964620788 0.0621932707563264 0.0094963797875458 0.9980189456335792 4.1571208902106136
-0.1239958900846434 0.9922826310695251 -0.0004464525252792 80.4815909265653602 -0.9901406692829479 -0.1236986575893702 0.0657274458845282 -80.7859994585939916 0.0651649773577251 0.0085919839576254 0.9978375135950939 4.2364027013853782
-0.1238666177961909 0.9922988115807188 -0.0003599044679234 80.3542813951125652 -0.9901766701859904 -0.1235779907178809 0.0654113295195591 -81.9596626550781622 0.0648631082751769 0.0084586491607734 0.9978583208247840 4.3161095104197944
-0.1233131925693598 0.9923678001116147 -0.0000764198097528 80.1771330965415672 -0.9904385823396256 -0.1230686647346289 0.0623339263444017 -83.1767724971408597 0.0618487764747677 0.0077622845909457 0.9980553470557149 4.3818647174673897
-0.1228306971090349 0.9924271714669924 -0.0009639407315940 80.0221959899117650 -0.9905879332490376 -0.1225438287160789 0.0609799683913108 -84.3677618224385810 0.0604000525588302 0.0084450800842758 0.9981385245912817 4.4683505369032961
-0.1217355026392080 0.9925604909558011 -0.0020345001251794 79.8797013837920673 -0.9907139160409854 -0.1213834697320211 0.0612534883786372 -85.5734066164857836 0.0605508378134911 0.0094723317823806 0.9981201686023026 4.5516945224697700
-0.1208708672423169 0.9926592861369903 -0.0042160524298666 79.7404473037229593 -0.9908143068365909 -0.1203845844610052 0.0616000096759510 -86.7452878696976626 0.0606402739111259 0.0116229716575523 0.9980920116451345 4.6261931674019703
-0.1200338640175675 0.9927581798036779 -0.0048029076507799 79.6201887038382097 -0.9909203366525577 -0.1195136809520156 0.0615903115244836 -87.9511844797617073 0.0605702723899705 0.0121522219445514 0.9980899586732727 4.6877438185077063
-0.1183463965186067 0.9929653836341766 -0.0037252295626004 79.4524402558480887 -0.9911273504734398 -0.1178970762519118 0.0613747061479805 -89.1365481868302965 0.0605037649618665 0.0109556522162873 0.9981078439276765 4.7850076673141642
-0.1172321573646466 0.9930827175197404 -0.0065831180484298 79.3155369054276065 -0.9913477062822894 -0.1166280804955608 0.0602296944103657 -90.3654514307292800 0.0590452921787654 0.0135870159906370 0.9981628356475682 4.8589811838196093
-0.1159549540732752 0.9932432909408798 -0.0047131334370652 79.2030783681993853 -0.9915437883457557 -0.1154755652836090 0.0592140998021427 -91.5759232204569429 0.0582697556096798 0.0115394464062144 0.9982341793175719 4.9327217325638024
-0.1143844431995367 0.9934198118837397 -0.0057685796179176 79.0450586541510347 -0.9917670811830585 -0.1138537966215589 0.0586120267222890 -92.7826375773087335 0.0575695738699674 0.0124253914116596 0.9982641703540689 5.0053717007344032
-0.1126688082033032 0.9936188136393266 -0.0052338169651365 78.9353054934086487 -0.9919171448962173 -0.1121633481173707 0.0593275736908071 -94.0002837113154897 0.0583619509525162 0.0118758798023045 0.9982248474967638 5.0720563881647047
-0.1118685402169897 0.9937171522452605 -0.0034133624609316 78.7964836850817392 -0.9918810701453223 -0.1114514809489682 0.0612414082272111 -95.2399853569150991 0.0604762134817472 0.0102366365497536 0.9981171468695739 5.1690388521262660
-0.1103284330273526 0.9938918371661291 -0.0025793177907960 78.6825116072061803 -0.9920626689699737 -0.1099671229996433 0.0609827245648628 -96.4701645864550130 0.0603265919964119 0.0092869733346388 0.9981354890115771 5.2242074385686674
-0.1097243213933887 0.9939613012982318 -0.0012267095361956 78.5661830077056607 -0.9921754070091113 -0.1094530429485157 0.0600665723644610 -97.7168322536095388 0.0595695813403535 0.0078078749244742 0.9981936195288461 5.3026511861532981
-0.1092823359036696 0.9940064289405279 0.0029309186847654 78.4287532697110663 -0.9921857431495049 -0.1092598122266635 0.0602473611294223 -98.9487977783841046 0.0602064959144965 0.0036759566229005 0.9981791748942693 5.3951737158853064
-0.1098668128640152 0.9939167540307845 0.0076661260107990 78.2938426122715327 -0.9921445695680469 -0.1101285839080974 0.0593367346846196 -100.1817281291612431 0.0598200343341532 -0.0010867673656818 0.9982085866335521 5.4647729826019837
-0.1103182493647750 0.9938674879112915 0.0075696981439764 78.1607895264319694 -0.9922059314796458 -0.1105714368273494 0.0574573484816775 -101.4363161395256725 0.0579419829976572 -0.0011721053003234 0.9983192639508986 5.5380810583262363
-0.1111651140323209 0.9937446782089828 0.0106692058517008 78.0310923322757048 -0.9921886626615387 -0.1115897307089031 0.0557619017450238 -102.6959944671093012 0.0566036669137987 -0.0043870869195151 0.9983870884382832 5.6172264756166168
-0.1121727593885034 0.9936231103863372 0.0114186933293664 77.9042418403293766 -0.9920998347092754 -0.1126355769751350 0.0552371683679298 -103.9581370251247847 0.0561710781541315 -0.0051323781680223 0.9984079670522180 5.6958742218861644
-0.1142214377355470 0.9933821450062923 0.0120572444747096 77.7799447065336835 -0.9918675483718102 -0.1147163860117699 0.0551263754231469 -105.2193667582592838 0.0561447205756668 -0.0056625756592684 0.9984065833058110 5.7772328477152186
-0.1163812120857226 0.9931104875295472 0.0136738082582857 77.6496093123352722 -0.9917052916371351 -0.1169507007616721 0.0533211790029056 -106.4693876012987772 0.0545529835331131 -0.0073548045643756 0.9984837899723038 5.8652155826694976
-0.1197417677026593 0.9927489111008777 0.0105597620931323 77.5405893691335137 -0.9914873383415354 -0.1201238981489885 0.0502305385389081 -107.7273246623320659 0.0511347922246647 -0.0044551769339342 0.9986818234165613 5.9154263027317846
-0.1238157199027032 0.9922195503739853 0.0130396073798945 77.3411409430811432 -0.9910076283800783 -0.1243149341923104 0.0494942181396403 -108.9939463326776092 0.0507301488019510 -0.0067941881345757 0.9986892865201488 5.9901940438566914
-0.1285271744263050 0.9915179212461718 0.0193126197513529 77.2383832227602056 -0.9901022064534462 -0.1294020658078052 0.0543389928199780 -110.2078611970207191 0.0563771780954610 -0.0121374302198879 0.9983357634471731 6.0796551625764161
-0.1368401148977256 0.9902347817875164 0.0266431959983505 77.0788291424387211 -0.9888047792571261 -0.1381590948262947 0.0563664176176281 -111.4446758809747848 0.0594969870921477 -0.0186317324746839 0.9980545912283298 6.1427435200064799
-0.1453627888347035 0.9891470999068717 0.0213933253147439 76.8921662723295469 -0.9877947567361278 -0.1463191256673284 0.0534062920315814 -112.6603935165817489 0.0559569315349883 -0.0133689270240231 0.9983436750956131 6.2209307731520651
-0.1564963391577405 0.9875394108379795 0.0165773300625012 76.7094483957958317 -0.9862235306986314 -0.1571544902960518 0.0516295814055559 -113.9157634490091624 0.0535914482594959 -0.0082691125015805 0.9985287068742120 6.3035748051004914
-0.1695916682198524 0.9853266396928694 0.0192374421887646 76.4870558076292468 -0.9840438792397231 -0.1703723135442381 0.0512924800377350 -115.1519756472018514 0.0538173745294683 -0.0102317099813489 0.9984983737140549 6.3995530828601614
-0.1836379554520662 0.9827989955988177 0.0195764033300590 76.2829195920127034 -0.9815161402062573 -0.1844171231549425 0.0511506715680869 -116.3420185536323288 0.0538810526251711 -0.0098213510888769 0.9984990602052626 6.4627121767667646
-0.1985410800778595 0.9799714920727419 0.0154050071808187 76.0617844695558887 -0.9786540982803648 -0.1990764628802251 0.0510364364561697 -117.5664878656553896 0.0530810271242301 -0.0049433441942137 0.9985779728732325 6.5158684786556895
-0.2134278391918070 0.9768266273446198 0.0160716386361546 75.8018441456756591 -0.9754765264111211 -0.2139810427339279 0.0515524952974510 -118.7975177922246246 0.0537968761064157 -0.0046747685542501 0.9985409569267327 6.6092518709163794
-0.2289622631952135 0.9733048733028957 0.0159344167561970 75.5080555379566363 -0.9717478738547880 -0.2294981560233393 0.0551059528597992 -119.9624250550962330 0.0572918117292969 -0.0028670519216422 0.9983533584468244 6.6810051474966734
