1.0000000000000000 -0.0000000000000000 0.0000000000000000 -0.0000000000000000 0.0000000000000000 1.0000000000000000 -0.0000000000000000 0.0000000000000000 -0.0000000000000000 0.0000000000000000 1.0000000000000000 -0.0000000000000000
0.9989702385023531 0.0453604735199294 -0.0009434132708057 0.9296243566782221 -0.0453610630151765 0.9989704690529069 -0.0006131250674979 -0.0349064031396929 0.0009146303542588 0.0006552879237366 0.9999993670243257 0.0165220654383923
0.9958479810061239 0.0908709369881979 -0.0054103176351818 2.0094804511863136 -0.0908916946921349 0.9958538256914373 -0.0037225920700503 -0.1060169099010934 0.0050496100857713 0.0041988887357534 0.9999784351531619 0.0201924520009852
0.9906474227983390 0.1361510126500392 -0.0089769403127133 2.9763232836668263 -0.1361911872237316 0.9906743993273288 -0.0040243061546847 -0.2219052379196646 0.0083453115939204 0.0052092486795149 0.9999516085804330 0.0645904305159397
0.9831471755195174 0.1824392454285018 -0.0117282989164791 4.0101561744359042 -0.1824744942291922 0.9832085530488354 -0.0020000418535650 -0.3818714185913846 0.0111664776808058 0.0041064509122066 0.9999292209137153 0.0465039384595586
0.9735486093640635 0.2281753041539784 -0.0117955830520358 4.9386289764362301 -0.2282362638518438 0.9735971780537587 -0.0040917904038816 -0.6099731352454267 0.0105505008530208 0.0066757366632589 0.9999220576983754 0.0861486162967219
0.9618568072674496 0.2732330845775509 -0.0132349463733427 5.9096115954790918 -0.2733171520777606 0.9619110313558520 -0.0049902040061998 -0.8512006976973581 0.0113673520826363 0.0084171995436805 0.9998999620254374 0.1027152894877836
0.9480449588784849 0.3176807662389617 -0.0170201852786040 6.9162661074012108 -0.3178399219523699 0.9481141384592642 -0.0075739333875137 -1.1595146851310800 0.0137309853398524 0.0125901237274802 0.9998264593548840 0.1101465281236193
0.9327607316679831 0.3599816702412885 -0.0192513518616489 7.7652136536466045 -0.3601991806467850 0.9328295388260468 -0.0092521216469348 -1.4981702059270132 0.0146276354751407 0.0155643369237850 0.9997718658256639 0.1910532568466592
0.9153482721586993 0.4021287180858574 -0.0207372791539517 8.6815655757824590 -0.4023727946196414 0.9154297394886279 -0.0091938136680427 -1.8868749882031655 0.0152864255489548 0.0167596584215751 0.9997426864166241 0.1675034070327610
0.8953965629493665 0.4447910419261436 -0.0206379282079562 9.6122374866015257 -0.4450453292270079 0.8954546241025459 -0.0097811607998354 -2.3286955363326824 0.0141297555423048 0.0179428313157009 0.9997391683897811 0.2060551852540749
0.8735134621813684 0.4863903885631841 -0.0199655027803925 10.4574363419302063 -0.4866356448069234 0.8735494624161193 -0.0098532185532842 -2.7699535257214296 0.0126483434199496 0.0183228443715397 0.9997521156681127 0.2473743069262380
0.8490021109570566 0.5280024835815168 -0.0202186280991548 11.3329729491724667 -0.5282545249750704 0.8490283855891025 -0.0098973383959964 -3.2923908503180059 0.0119403699199191 0.0190834429732239 0.9997465927776215 0.2570653761493141
0.8233277669810506 0.5671958310883362 -0.0205006661845057 12.1042113908309688 -0.5674579045999687 0.8233390781691204 -0.0102121920583063 -3.8249599073266403 0.0110866868364591 0.0200412463593100 0.9997376825044436 0.2777285882485536
0.7959251340724033 0.6049883480046310 -0.0221873777282104 12.8876497020244720 -0.6053020887128528 0.7959105481262907 -0.0116525010690860 -4.4005992930665530 0.0106095405972365 0.0227045845576379 0.9996859204211994 0.3204497333570911
0.7664429644950470 0.6418839762091486 -0.0234551329558626 13.6892127513312047 -0.6422232984258029 0.7664336862112215 -0.0113419398588140 -5.0191168827669150 0.0106965945574355 0.0237563828604437 0.9996605509563044 0.3101108096947112
0.7362963559081100 0.6761515555295793 -0.0262059197771794 14.3769087756254876 -0.6765905943729570 0.7362208568356039 -0.0142834717872836 -5.6475910302623689 0.0096355530451854 0.0282475470648251 0.9995545168735590 0.3528235785931794
0.7040510628741028 0.7096693764585643 -0.0261051141112001 15.0578233065276290 -0.7100968563120108 0.7039701584953999 -0.0137284596281217 -6.3306036188125541 0.0086345539343763 0.0282026960568328 0.9995649315644684 0.3746509219334261
0.6690273921181642 0.7427154964195614 -0.0278574940332538 15.7555803540991928 -0.7431822113258796 0.6689655190766157 -0.0128582679755018 -7.0502099308897543 0.0090856680736088 0.0293057275084376 0.9995292016598902 0.3651365583224190
0.6337789639314935 0.7728662839809883 -0.0316533088845526 16.3372026746566910 -0.7734569933099207 0.6336989499716853 -0.0137811575987191 -7.7731206348920505 0.0094076765409920 0.0332166809028491 0.9994038961960766 0.4070337768786160
0.5963412950665937 0.8020655127351441 -0.0326798573927153 16.9448471304272630 -0.8026779368267023 0.5962756161966242 -0.0127874649936802 -8.5518499742065881 0.0092298174373203 0.0338570939427255 0.9993840641414227 0.4213489199967751
0.5588296701246618 0.8285164671467488 -0.0356351435388185 17.4590700316236251 -0.8292230160695037 0.5587879717852828 -0.0120495729669335 -9.3026034958665065 0.0099292199571431 0.0362831400895833 0.9992922216930753 0.4522066924016145
0.5200035509406857 0.8532124174373072 -0.0403097722626134 17.9530732041859515 -0.8540814201251870 0.5200304996309880 -0.0106398895900646 -10.1139747689316817 0.0118842250913331 0.0399606079074262 0.9991305795588720 0.4738313691481321
0.4800336808229954 0.8762163854279160 -0.0425735972542206 18.4760905816043355 -0.8771698648495730 0.4800804128343703 -0.0097890455388967 -10.9970710259734901 0.0118614280467691 0.0420433481114253 0.9990453760486923 0.4740820430991666
0.4420060648460494 0.8958323498919446 -0.0459895588844514 18.8667776468990347 -0.8969569423296732 0.4419659907887963 -0.0115890721233888 -11.8346018111031857 0.0099439552449436 0.0463730942805641 0.9988746937834257 0.4910753891453093
0.4046548744971382 0.9131247477585841 -0.0495744649646107 19.2660988260500616 -0.9144297364409509 0.4045476893559272 -0.0126263276257625 -12.7038356221020496 0.0085258230240981 0.0504416699525528 0.9986906168950219 0.5238901784141363
0.3684043955420039 0.9282685250613733 -0.0509484712794559 19.6649243976028067 -0.9296236580694509 0.3683549517461220 -0.0106997140936087 -13.6450013716037759 0.0088349138594301 0.0513047259469824 0.9986439652812215 0.5409040239102053
0.3355125218954093 0.9406466802167518 -0.0511387392158498 19.9735049671115661 -0.9420126352044350 0.3353898308055506 -0.0112185786720209 -14.5324250286064185 0.0065986943086261 0.0519373121120868 0.9986285459789306 0.5501777288061012
0.3015636694257874 0.9520081123141605 -0.0523441245077536 20.2832260976085870 -0.9534390511003873 0.3013168832551606 -0.0127323093816046 -15.4698518620267720 0.0036509066336151 0.0537465343387342 0.9985479362190520 0.5511090621152279
0.2686619657013222 0.9617594014727924 -0.0532879148043706 20.5512155213622805 -0.9632328552359488 0.2683530420247581 -0.0130042850653225 -16.4217522938018590 0.0017929806199029 0.0548224271147738 0.9984945101029560 0.5753034875662774
0.2364223009236837 0.9703124087858396 -0.0509737675885630 20.8021160454268035 -0.9716490144381883 0.2361849308564180 -0.0107177972385272 -17.3989033643018054 0.0016396241180023 0.0520625373235946 0.9986424804904811 0.5943733533403059
0.2047119754746850 0.9774999133568835 -0.0508618372115800 21.0345344474502696 -0.9788205497612140 0.2045320601200064 -0.0087731264792500 -18.3992189898407865 0.0018271459730370 0.0515805755139607 0.9986671646585973 0.5777374674531540
0.1740779016744737 0.9833463539104329 -0.0522190808007018 21.2128345136806615 -0.9847317498926084 0.1738606644137004 -0.0087091976133400 -19.3799035079944915 0.0005146863645194 0.0529378656604572 0.9985976754816034 0.5864885867051597
0.1434391023166947 0.9882091795473278 -0.0535522304388747 21.3742147689519797 -0.9896578514266963 0.1431412588609953 -0.0093764130233847 -20.3813300750842679 -0.0016003237411012 0.0543433295822689 0.9985210270664492 0.5960178906219453
0.1123411426689893 0.9922785638610711 -0.0525615768944981 21.5044106707464984 -0.9936617740836534 0.1119717316510106 -0.0099302586069363 -21.4507664116425154 -0.0039681719660751 0.0533440063445231 0.9985683104316715 0.6013996844475237
0.0828758795946750 0.9951495903370956 -0.0529988814346123 21.6041978224661229 -0.9965434898924962 0.0824522526461022 -0.0101340409742623 -22.4708217943072022 -0.0057150095619890 0.0536555578248376 0.9985431486822249 0.5948779495410925
0.0554124468840351 0.9969480167813392 -0.0549919318271218 21.6636384326338884 -0.9984391883833366 0.0549422492209616 -0.0100267816853667 -23.5696062557639401 -0.0069747996923379 0.0554617082886614 0.9984364532021831 0.5853731464054435
0.0303936957974329 0.9977817000890649 -0.0592275461516713 21.7108844663992926 -0.9995053764871037 0.0298605220411098 -0.0098666912795207 -24.6265690115086215 -0.0080762385518313 0.0594981360280105 0.9981957454227334 0.5834939140528626
0.0074944210998411 0.9979364617677119 -0.0637703059967464 21.7241362519892505 -0.9999323827968695 0.0069118079991565 -0.0093518310698042 -25.7186648820823720 -0.0088917650977528 0.0638360805871038 0.9979207840949718 0.5719784645999055
-0.0132805179927871 0.9974903078661719 -0.0695464848492963 21.6943690676831551 -0.9998511103039132 -0.0140139149140341 -0.0100681384979907 -26.8419317982662200 -0.0110174890912482 0.0694024199998267 0.9975279038865489 0.5831324854210957
-0.0304840178310872 0.9967767996445502 -0.0742073874169064 21.6934517226894243 -0.9994558139594123 -0.0313334762825235 -0.0103096656969133 -27.9609581243235681 -0.0126016109923901 0.0738527247596284 0.9971895378743075 0.5718762805909076
-0.0463649415766398 0.9959619805700178 -0.0768766899108078 21.6301740110657370 -0.9988229575646567 -0.0473203925838712 -0.0106526939081456 -29.0784743643565200 -0.0142475132702908 0.0762922912538090 0.9969836982924329 0.5565731064969592
-0.0608647517888505 0.9949612811717767 -0.0796713936033406 21.5495841259236371 -0.9980165268733787 -0.0619483818353297 -0.0111986640088312 -30.2391415064660372 -0.0160777510019315 0.0788317636299036 0.9967582750926720 0.5526475037527003
-0.0739831729532077 0.9940376653175199 -0.0800975033934896 21.5011785360547627 -0.9970982956498590 -0.0751762761941643 -0.0119798292861399 -31.3610101216605486 -0.0179298335720690 0.0789787783374308 0.9967150413435151 0.5387060560511281
-0.0863339142036610 0.9930145397124337 -0.0804274777546746 21.3915433562004651 -0.9960875367298450 -0.0875657498178972 -0.0119104420698691 -32.5144677640270103 -0.0188699345453330 0.0790845331182605 0.9966893007310360 0.5220928962068189
-0.0983778434459706 0.9919112258983347 -0.0802117189429546 21.2998611612478506 -0.9949957162110226 -0.0994579152116364 -0.0095732869731142 -33.6671279205838516 -0.0174735411589863 0.0788685174110580 0.9967318758426194 0.5058388773075071
-0.1080962236214691 0.9908804768156992 -0.0804430674717902 21.1622750652548106 -0.9940278022560000 -0.1089475690504951 -0.0062574387807928 -34.8475680207119467 -0.0149644505707734 0.0792862400639684 0.9967395634545835 0.4933688804491748
-0.1183204732117300 0.9896769665750750 -0.0808688286653826 21.0307645709862889 -0.9928839694610759 -0.1190220913171578 -0.0038942220928390 -36.0494797543484040 -0.0134791990181332 0.0798325974101364 0.9967171452245520 0.4791420254762863
-0.1255070585179940 0.9888045974712314 -0.0807059247014559 20.8881711187288417 -0.9920091147785202 -0.1261366720817072 -0.0027305956289738 -37.2730665174550637 -0.0128800022708826 0.0797183038950786 0.9967342161105908 0.4615088953931463
-0.1315141264844448 0.9880115015604142 -0.0808536166127996 20.7377709900687712 -0.9912369913377929 -0.1320843105157867 -0.0017210227104843 -38.5022563274213354 -0.0123798844354145 0.0799187568716216 0.9967245009336634 0.4371736158611331
-0.1371175406236786 0.9872163166644755 -0.0812571483916361 20.5526678263233435 -0.9904863584369211 -0.1376101585585030 -0.0004669174136254 -39.7894660629226848 -0.0116427575634506 0.0804200744399694 0.9966930609888827 0.4288740587494814
-0.1416988970623279 0.9866443408445742 -0.0803390767353954 20.3781561116530945 -0.9898564113075756 -0.1420667745163484 0.0011474196307199 -41.0555868253795211 -0.0102814184141952 0.0796867382812031 0.9967669317235074 0.4084033319873219
-0.1451924453871263 0.9861437820533200 -0.0802470866765968 20.1766055751557758 -0.9893545668879552 -0.1455130432371936 0.0018695522988081 -42.3588144795349919 -0.0098333504185374 0.0796642665529876 0.9967732489659425 0.4013620598168652
-0.1484487702033237 0.9856458128070779 -0.0804070539256120 19.9825261449322333 -0.9888615681703842 -0.1488331178900109 0.0012255671125985 -43.7208248237181039 -0.0107592574432523 0.0796933793675082 0.9967613574292776 0.3862421866363958
-0.1506978592119814 0.9852333685121318 -0.0812733953958051 19.7988400119682169 -0.9884945049948285 -0.1512551207402599 -0.0007085512525611 -45.0581735844898219 -0.0129911055708877 0.0802315275941225 0.9966915938021950 0.3714885475342086
-0.1527504121000378 0.9848471393918166 -0.0821183513900783 19.5832419925672809 -0.9881675938460774 -0.1533725989786658 -0.0012854396069749 -46.4354473642394652 -0.0138606664963298 0.0809503422740453 0.9966217557378488 0.3475837796790595
-0.1550576005410673 0.9843708636291933 -0.0834933731044772 19.3796284391366171 -0.9878026889725667 -0.1557056288949956 -0.0012668026606210 -47.8194802963490773 -0.0142473917968804 0.0822785510830774 0.9965075272463604 0.3482853486894211
-0.1558878406260700 0.9841858136107821 -0.0841264847252301 19.1618971518896650 -0.9876754641028650 -0.1565134221949265 -0.0008522218158604 -49.2355498293585754 -0.0140056686427944 0.0829568138257253 0.9964547196364480 0.3006482784706841
-0.1569637331643492 0.9839261812972291 -0.0851566569856087 18.9427600616926206 -0.9875129152496216 -0.1575380639721939 -0.0000248009680514 -50.6827173267216082 -0.0134398171976443 0.0840894057402390 0.9963675743198126 0.3021116303280623
-0.1565462630485999 0.9839910874013589 -0.0851751574123032 18.7107044319502123 -0.9875882905788336 -0.1570635693689004 0.0006352075871850 -52.1281718857650773 -0.0127528756402945 0.0842174274826335 0.9963657907972907 0.2595542688915367
-0.1560816583773026 0.9841259473804235 -0.0844667722289311 18.4753087951679049 -0.9876765809529088 -0.1564995459855700 0.0016922007805821 -53.6131074227838553 -0.0115536728083461 0.0836899743033395 0.9964248596084624 0.2621523277863689
-0.1551510887229794 0.9842809751340182 -0.0843747690799811 18.2457539095716612 -0.9878239781651883 -0.1555667452466110 0.0016661138248651 -55.0749231663206658 -0.0114859840664846 0.0836059194232203 0.9964326983832990 0.2450422388889271
-0.1533398676609974 0.9845287110008309 -0.0847944703430059 18.0191016439406653 -0.9881029709722731 -0.1537886506248258 0.0012528745999588 -56.5843440730141438 -0.0118069361595545 0.0839777836932979 0.9963976756819969 0.2189393283667462
-0.1523874913028802 0.9846467206216262 -0.0851404020632573 17.7856114981616749 -0.9882530673664062 -0.1528193077544462 0.0014608279647054 -58.1260074273959546 -0.0115726978404027 0.0843628754045896 0.9963678928579365 0.2128255448779338
-0.1514755392557232 0.9848145979511497 -0.0848255189757368 17.5415910442036953 -0.9884042125846552 -0.1518279902975375 0.0023181689150052 -59.6812174284767138 -0.0105959214840181 0.0841930461767841 0.9963931239342122 0.1860670501828417
-0.1508429216917253 0.9848338443562902 -0.0857246288175950 17.2984513780601432 -0.9885060521209416 -0.1511536316584772 0.0028921543395728 -61.2647848261836430 -0.0101092974916412 0.0851755754125784 0.9963146709034058 0.1755292382693875
-0.1495503656543318 0.9850952198219599 -0.0849829160277559 17.0485504628673823 -0.9887046871177499 -0.1498488533079751 0.0028918564413879 -62.8903800747006940 -0.0098858385607045 0.0844554855898058 0.9963782119003515 0.1573608841365543
-0.1481521319270624 0.9851539524720041 -0.0867331293927253 16.8128897170103926 -0.9888974410547557 -0.1485931812827053 0.0013847568890144 -64.4919136562290731 -0.0115237528966442 0.0859753243964452 0.9962306192413999 0.1457288003767274
-0.1474390761616104 0.9850173266537000 -0.0894571685926208 16.5802932815913415 -0.9889830745606173 -0.1480286332130796 0.0000445162416864 -66.1477058885770361 -0.0131983731284991 0.0884781890697660 0.9959906691358588 0.1177969526979481
-0.1469603349920718 0.9849128183054277 -0.0913750528135473 16.3434256477465247 -0.9890604928881106 -0.1475085101925007 0.0007621211959438 -67.7975110882245247 -0.0127279749743001 0.0904874563597046 0.9958162575970549 0.1022084500889507
-0.1464892189784741 0.9850094451879933 -0.0910895252678286 16.0917374490447216 -0.9891451744727074 -0.1469293962898779 0.0018911169316951 -69.4418666051898299 -0.0115209609162590 0.0903777926060034 0.9958409120252252 0.1083522653657090
-0.1459572657361468 0.9850210110488165 -0.0918154909108198 15.8667731794748494 -0.9892268232864094 -0.1463741538200038 0.0022134100741347 -71.1119140914325243 -0.0112591593605498 0.0911494096845660 0.9957735768961983 0.0802816243861914
-0.1459610110118783 0.9849946716252128 -0.0920916941658153 15.6147611885594202 -0.9892183933711610 -0.1464393358488083 0.0015783321384841 -72.8121661959644797 -0.0119311977843718 0.0913291727001818 0.9957492800566469 0.0798361338829642
-0.1451144293492579 0.9850675785306365 -0.0926480875270936 15.3433453225196299 -0.9893390956263987 -0.1456247006634601 0.0012650777912486 -74.5164349261666956 -0.0122456628966969 0.0918439561673296 0.9956981126103203 0.0425734126158902
-0.1454063789500253 0.9849805223644157 -0.0931147438559815 15.1037427762345580 -0.9892914084883262 -0.1459505295993166 0.0009757053158011 -76.2518455272003024 -0.0126290954476537 0.0922594898772066 0.9956549063183346 0.0395305924777027
-0.1451584263248216 0.9849387833385190 -0.0939394716960851 14.8615873842192929 -0.9893289020276439 -0.1456948124410353 0.0011598450536511 -77.9708927829860414 -0.0125441173335668 0.0931053956729134 0.9955772347823708 0.0142087625537766
-0.1455404731585193 0.9848962588797708 -0.0937940825288339 14.6141341666082027 -0.9892796688626831 -0.1460230403684812 0.0017344902666046 -79.7330551754129573 -0.0119878041247903 0.0930410174394944 0.9955901072359494 0.0040601129028402
-0.1458082762726634 0.9848680448424464 -0.0936743338306298 14.3475705879627018 -0.9892507390005579 -0.1462051968180345 0.0026487374823026 -81.5176602295424004 -0.0110870175090092 0.0930536118139288 0.9955993689085674 -0.0193014648542109
-0.1470184521419400 0.9847348142152149 -0.0931821892977095 14.0992256739388395 -0.9890774892141535 -0.1473610542577264 0.0032311016507547 -83.3000360583398276 -0.0105496473691871 0.0926394373934637 0.9956438316887261 -0.0334587503560178
-0.1485093225026861 0.9846110825191543 -0.0921194730241803 13.8445165169478450 -0.9888593092886524 -0.1488083496550472 0.0036526026489399 -85.0843906355241444 -0.0101117537036358 0.0916356440114911 0.9957412621678566 -0.0338311528058803
-0.1499487782642130 0.9844456090043184 -0.0915543926263916 13.6035973125698337 -0.9886378873494811 -0.1502805595127568 0.0032986557395928 -86.8911177770782217 -0.0105114981912857 0.0910087707017869 0.9957946133923020 -0.0569640333517974
-0.1504136213442357 0.9844290238398886 -0.0909683435913653 13.3225962238461335 -0.9885615700125113 -0.1507932224682722 0.0027251333972440 -88.7103954006050230 -0.0110347092626606 0.0903377057450432 0.9958500560386642 -0.0626930826178961
-0.1505656429575604 0.9845590618426908 -0.0892941258102564 13.0524519851641365 -0.9885331670265521 -0.1509904226764041 0.0020174113255460 -90.5682889676408536 -0.0114962971965802 0.0885739578174208 0.9960032575987519 -0.0923325435305248
-0.1523940262286596 0.9843076472940310 -0.0889635669715868 12.7714512776669338 -0.9882594239438401 -0.1527611978419634 0.0027069207741361 -92.4212940134848822 -0.0109257382362721 0.0883316020027822 0.9960312024889655 -0.1017247069939178
-0.1552832868007701 0.9839578594310817 -0.0878295605371766 12.5051827800777033 -0.9878147421271496 -0.1555999024875687 0.0032719385893338 -94.2808890943743592 -0.0104468213645598 0.0872674120715340 0.9961301434620449 -0.1206965702177167
-0.1597475073525483 0.9832174151435445 -0.0881149729222806 12.2165093034063741 -0.9871047673551349 -0.1600274365648651 0.0039240044907077 -96.1885218841064074 -0.0102426636873698 0.0876055597831826 0.9961025819340409 -0.1326234650177871
-0.1635194572212677 0.9827505291134379 -0.0863874101783368 11.8946271366298166 -0.9864837802471457 -0.1638177673810777 0.0036729279301989 -98.0899888760529421 -0.0105422207984501 0.0858203741400454 0.9962548494050603 -0.1473511456888130
-0.1685724801245925 0.9820376993597757 -0.0847660072246149 11.5963600293372942 -0.9856234823866010 -0.1689302676246249 0.0029859083011725 -99.9748433819354858 -0.0113872697673424 0.0840507091964859 0.9963964112595014 -0.1701564937030505
-0.1736791815758101 0.9812657423606004 -0.0833851590911554 11.2663673255094494 -0.9847410601435156 -0.1739888671285488 0.0035942430009461 -101.9044328338255667 -0.0109811818390562 0.0827370351464489 0.9965109114608796 -0.1851560251847142
-0.1778897431844197 0.9805104877827808 -0.0833931808828152 10.9241853188806584 -0.9839982215500493 -0.1781133141343707 0.0048111655979185 -103.8195497284194460 -0.0101360374960265 0.0829145986907232 0.9965051078985172 -0.1873514398947539
-0.1829810798717963 0.9796216910434232 -0.0828206909303202 10.5963485830190791 -0.9830772147058184 -0.1830758347233798 0.0065137290846641 -105.7389950937803462 -0.0087814768235180 0.0826110233416947 0.9965431774324863 -0.1886373754794097
-0.1883757053361579 0.9787071080445896 -0.0815290764212472 10.2542471129388151 -0.9820598272452011 -0.1884410255435485 0.0069624423316707 -107.6879224873018615 -0.0085492309730815 0.0813779856908016 0.9966466445509545 -0.2043275261734400
-0.1931804468540654 0.9778701588218610 -0.0803197823638284 9.8781961229550372 -0.9811224998850989 -0.1932701200529565 0.0067305953622687 -109.6245233898039970 -0.0089417656242171 0.0801037650827034 0.9967464229417112 -0.2060626535004273
-0.1988804252912977 0.9769034729598600 -0.0781420562496117 9.5004838484108038 -0.9799770396176257 -0.1990163479733780 0.0061233211262174 -111.5776240198920135 -0.0095696529836777 0.0777952296629057 0.9969234293482463 -0.2195918238554258
-0.2038427035034904 0.9759017130544001 -0.0778716808979755 9.0902010418046757 -0.9789484864513713 -0.2040297865850904 0.0056309022911499 -113.5528239643063984 -0.0103929352426610 0.0773801824986892 0.9969474882126498 -0.2296278594199024
-0.2095741935805067 0.9746904020906972 -0.0778285131385381 8.6908518860758335 -0.9777295584237622 -0.2098006496766078 0.0053477078967402 -115.5226806569859974 -0.0111161130596924 0.0772159793536843 0.9969524184046576 -0.2529657230745478
-0.2150996865799153 0.9734488639741873 -0.0782907022614162 8.2660012682648567 -0.9765372181753386 -0.2152451958635819 0.0066758651887848 -117.4978162428685664 -0.0103530841584886 0.0778897611051144 0.9969082198293860 -0.2558891214549200
-0.2210174216816756 0.9722210124653802 -0.0770558384158953 7.8368278116396111 -0.9752213909553874 -0.2211032333054037 0.0075232203833725 -119.4746539596769708 -0.0097230620806906 0.0768092646930589 0.9969983946431843 -0.2653046519264464
-0.2265215238356342 0.9708670565718865 -0.0781355085900336 7.3843619135594567 -0.9739516805448959 -0.2266273010709288 0.0076282614716246 -121.4624543510202557 -0.0103016116678468 0.0778281753142624 0.9969135629152095 -0.2719042510155246
-0.2328638355727402 0.9694051708222401 -0.0776405104662192 6.9346580635008239 -0.9724506991957537 -0.2329833309794245 0.0076423242159233 -123.4613000068366802 -0.0106804361353466 0.0772811896184004 0.9969521282464487 -0.2908438493157698
-0.2378908163534017 0.9682344703052967 -0.0770062984913166 6.4673694977899592 -0.9712373606087557 -0.2379688522229295 0.0082954643896374 -125.4648123306840120 -0.0102931458966779 0.0767648088926378 0.9969960959117274 -0.2993515438385729
-0.2436063250370089 0.9669391735036433 -0.0753962409278742 5.9668315785065174 -0.9698217558762995 -0.2436643870087476 0.0085690333563484 -127.5082595402773222 -0.0100856447971416 0.0752083854882031 0.9971168329344781 -0.3084172893090943
-0.2476578671433223 0.9658144467001549 -0.0766031029873757 5.4663499647596643 -0.9687835473301661 -0.2477750557952652 0.0081215853152756 -129.4848045712768680 -0.0111363936891864 0.0762232003456116 0.9970285875864705 -0.3204588975506814
-0.2512966504724032 0.9646570451994105 -0.0792892086509476 4.9438216818329845 -0.9678298741700169 -0.2514860961590830 0.0077510065613406 -131.5298598705931852 -0.0124630704643857 0.0786862668183413 0.9968215202777239 -0.3351402248118117
-0.2551466834402991 0.9635947028231020 -0.0799088144116449 4.4207555837603163 -0.9668213173319524 -0.2553225320597301 0.0081819909018184 -133.5300934440639082 -0.0125183977379332 0.0793451530584386 0.9967685972201411 -0.3472342336755068
-0.2582154922791533 0.9627562714721903 -0.0801568542795962 3.8938791828598238 -0.9660081960406431 -0.2583661360924665 0.0086663084961989 -135.5894240745062973 -0.0123662738663180 0.0796699533175145 0.9967445880510455 -0.3645011207573445
-0.2616136093978858 0.9619047781353700 -0.0793568974831818 3.3577164935695478 -0.9650916187380296 -0.2617715775603027 0.0085911945153851 -137.5862714506286579 -0.0125094691902244 0.0788342500562810 0.9968092466458377 -0.3824547257005871
-0.2655390118592442 0.9609324718307797 -0.0780885251621808 2.7858574130998299 -0.9640225547695731 -0.2656726475507667 0.0088633085759195 -139.6924161651431007 -0.0122289442047139 0.0776326537260868 0.9969070287640084 -0.3964987373018596
-0.2700072442401333 0.9598131090630320 -0.0765172119761685 2.2516980759260443 -0.9627888646922658 -0.2700881972878155 0.0094851310163197 -141.7260915325426254 -0.0115624427534890 0.0762309737349258 0.9970231434430182 -0.4101196161775643
-0.2744178524587011 0.9586017045898753 -0.0760106190564199 1.6815486709962879 -0.9615370826034256 -0.2745153631191088 0.0093677206446905 -143.8361976577523649 -0.0118861697130593 0.0756576986761393 0.9970630028240858 -0.4302166992772024
-0.2790732930785667 0.9572205922813781 -0.0764645983627231 1.0909219719370391 -0.9601947039504095 -0.2791612351924955 0.0097537311520375 -145.8877947279291050 -0.0120094794171291 0.0761429082599840 0.9970245884259030 -0.4352500160968494
-0.2836802160779071 0.9559058531621807 -0.0759574545141967 0.5218911410903598 -0.9588478508747442 -0.2837323934711640 0.0103309132224412 -147.9644200341364808 -0.0116762099534480 0.0757623177140778 0.9970575396313465 -0.4541776283898791
-0.2884486926470109 0.9545645114603135 -0.0748595028754755 -0.0954490052569420 -0.9574215925314730 -0.2885140378392492 0.0101756633292693 -150.0755483797372278 -0.0118846903505537 0.0746072612432959 0.9971421717614024 -0.4603944165248315
-0.2923673246583394 0.9533593754012716 -0.0750149905460411 -0.7314516706690140 -0.9562217183647163 -0.2924827241458636 0.0096892416547483 -152.1460933964701780 -0.0127032594145994 0.0745637808236153 0.9971353317326256 -0.4769078828575737
-0.2962646182966084 0.9521014241233851 -0.0756977815248618 -1.3530819079371394 -0.9550166388372786 -0.2963885784852980 0.0098503851401983 -154.2054980591784670 -0.0130573921404978 0.0752109614729476 0.9970821509709238 -0.4961894888549895
-0.3008661020683552 0.9505828836674863 -0.0766274748677105 -1.9910690418910029 -0.9535764164431779 -0.3009687304586470 0.0104805195242687 -156.3559515907988953 -0.0130998713574739 0.0762233859423590 0.9970047085174171 -0.5096475763011287
-0.3042284132330519 0.9495107130021444 -0.0766451464599020 -2.6516874093289569 -0.9525161708413304 -0.3042774120325655 0.0113225797649966 -158.4657112404549650 -0.0125704760239903 0.0764503918951684 0.9969941427669500 -0.5316686880225641
-0.3079181374199476 0.9483524120712737 -0.0762503978116080 -3.3234065277315294 -0.9513447342866944 -0.3078647075904626 0.0127482691067783 -160.5690069155184574 -0.0113849546687802 0.0764658377240263 0.9970072008106826 -0.5395082744029387
-0.3117464961552048 0.9470681168135084 -0.0766557515798240 -4.0010985597948032 -0.9501053878679517 -0.3116167817463611 0.0139546866080842 -162.7101157434837830 -0.0106711798430123 0.0771813672420723 0.9969599603150582 -0.5541511095318158
-0.3148209292581094 0.9460970242463806 -0.0760802419370775 -4.6861541417253259 -0.9490976445692578 -0.3146408455629819 0.0146560354973197 -164.8111032153957183 -0.0100719200824547 0.0768216051352455 0.9969939806289189 -0.5639409158865057
-0.3184955679342867 0.9449038670027442 -0.0756125342087973 -5.3939807751431017 -0.9478679126948802 -0.3183322176132308 0.0145265038083353 -166.9572757440371618 -0.0103437560715166 0.0762973220545982 0.9970314565537187 -0.5762854739566435
-0.3219390472547770 0.9437093768514021 -0.0759464409661488 -6.0960173427779516 -0.9467041890886588 -0.3217566071478872 0.0149620893816678 -169.0626162205764729 -0.0103164051234567 0.0767156946095026 0.9969996359005906 -0.5883316273350148
-0.3258554160830394 0.9422787940328975 -0.0769994943181949 -6.8198774173881587 -0.9453586102707131 -0.3256771292454765 0.0152153039224107 -171.1773160533907685 -0.0107399160320499 0.0777501241306634 0.9969150276735179 -0.6020617452970662
-0.3297699354313446 0.9407150575813964 -0.0794164348560032 -7.5363983569866209 -0.9439921502220449 -0.3295953244698366 0.0156761732187525 -173.3356398635942810 -0.0114284734224673 0.0801380217328459 0.9967182588214073 -0.6091636379847405
-0.3321138579754885 0.9397570925693172 -0.0809752573710129 -8.2762116615410299 -0.9431617535795561 -0.3319613951532032 0.0157333630440682 -175.4756839811176690 -0.0120951198991400 0.0815980336380949 0.9965919270097575 -0.6246012458206298
-0.3345969460022733 0.9388841278369635 -0.0808794054242297 -9.0351664000338410 -0.9422740358244874 -0.3344996447172823 0.0151535175799305 -177.6348099824466829 -0.0128267352426547 0.0812808844676103 0.9966086958697370 -0.6387846036270233
-0.3373382049601814 0.9380261541211472 -0.0794346880080307 -9.8076678397703940 -0.9413015523265353 -0.3372193528048488 0.0153132518275656 -179.8245145257450304 -0.0124226833614232 0.0799377400141475 0.9967224461501468 -0.6585031900223560
-0.3405210544757442 0.9369932938430117 -0.0780319085499753 -10.5732840721388754 -0.9401781698586107 -0.3402526609136920 0.0171212050529846 -181.9671022578849602 -0.0105081102031452 0.0791940277696280 0.9968038350576215 -0.6758603038387669
-0.3438775342182301 0.9358712986142458 -0.0767668801637513 -11.3426732327402675 -0.9389693884227689 -0.3435113828418923 0.0183416864825136 -184.1451402862812472 -0.0092048392143427 0.0783890444394922 0.9968803482098046 -0.6752672002982142
-0.3473722054006436 0.9347063840423381 -0.0752098832972894 -12.1221988289729179 -0.9376942195466956 -0.3469149167696961 0.0194830991217957 -186.3280155531250557 -0.0078804532742656 0.0772917599306274 0.9969773730145627 -0.6968013100836438
-0.3503232850265499 0.9337517291619800 -0.0733573735572534 -12.9285294018684151 -0.9366047124752340 -0.3498004065364149 0.0202802405346350 -188.5070458499012886 -0.0067237294257346 0.0758115022537516 0.9970994973364689 -0.7017740441777154
-0.3544849333248630 0.9321337749402158 -0.0739395541058461 -13.7329760977446114 -0.9350356720121410 -0.3539553849133765 0.0205882868551037 -190.6836588474509711 -0.0069802657880583 0.0764343581547424 0.9970501816774322 -0.7026985171317583
-0.3580430000682979 0.9307847141838835 -0.0737904190509840 -14.5503637198886864 -0.9336723137739490 -0.3575728646507603 0.0199413379052209 -192.8583061369597829 -0.0078243590212851 0.0760359277386425 0.9970743789200633 -0.7148926567871584
-0.3615119728661991 0.9294036924616828 -0.0742823660970703 -15.4038159569502948 -0.9323257418709722 -0.3611004121042825 0.0193701683745796 -195.0569905790099199 -0.0088206869987944 0.0762579098632269 0.9970491094545751 -0.7155317704291932
-0.3658166126766196 0.9277004463767193 -0.0744989106110983 -16.2392188009221279 -0.9306390007849255 -0.3654365171771936 0.0191625189220725 -197.2579865297792594 -0.0094475450695058 0.0763415594931021 0.9970369653058611 -0.7217152487291355
-0.3692773083224175 0.9264565890283318 -0.0728866119677739 -17.1063762528664149 -0.9292762615470005 -0.3688771407486473 0.0193722677643976 -199.4640693035583183 -0.0089386399067812 0.0748855371823776 0.9971520731751620 -0.7373723443680366
-0.3727986240899501 0.9251163501417872 -0.0719786397271935 -17.9592086476266957 -0.9278759788373803 -0.3723468686221680 0.0200991871437223 -201.6660276115326269 -0.0082069344588866 0.0742802001047589 0.9972036392328222 -0.7440195254489363
-0.3764964456761526 0.9236690994422349 -0.0713149432362954 -18.8448799335380244 -0.9263815308541986 -0.3760480845701692 0.0201270311605983 -203.8736701654333388 -0.0082271310586835 0.0736426019819980 0.9972507615880092 -0.7526399332740843
-0.3790604206803871 0.9225208526908351 -0.0725842532797855 -19.7231064469740467 -0.9253344597848734 -0.3785830434341506 0.0207609431089716 -206.0578398697992100 -0.0083267645725020 0.0750343626261471 0.9971461825715636 -0.7449496188916825
-0.3819813543157347 0.9212379354791572 -0.0735588960576416 -20.6420922670748013 -0.9241275861231634 -0.3815147904965217 0.0208487217491139 -208.2801406906910415 -0.0088571734370534 0.0759416280211113 0.9970729259247837 -0.7541612174270470
-0.3841047375821536 0.9202226655893757 -0.0751917302802012 -21.5508068524063248 -0.9232389047929093 -0.3836606702896159 0.0208426185906100 -210.4851131076743229 -0.0096682596022242 0.0774256792576479 0.9969512470265313 -0.7627269161908469
-0.3866868137797534 0.9190684376076660 -0.0760691464541777 -22.4472346955257898 -0.9221556661966551 -0.3862502953411331 0.0209675141657648 -212.6894089830298071 -0.0101111497994280 0.0782554556711046 0.9968820633893667 -0.7681581716726058
-0.3896991165755661 0.9178208548339937 -0.0757593358736645 -23.3755185256045834 -0.9208913205677356 -0.3892218197353270 0.0215766249661760 -214.9006929484486932 -0.0096837101997995 0.0781745065460347 0.9968926583554772 -0.7696070891045158
-0.3926700069441882 0.9165962540443751 -0.0752434230897997 -24.2837247245610612 -0.9196316945230825 -0.3921669122076157 0.0219695106488112 -217.0587297119044479 -0.0093708097331696 0.0778230045768188 0.9969231504401838 -0.7817995488654580
-0.3950799037664998 0.9156380772879336 -0.0742884988427542 -25.2181162359696387 -0.9186094750418576 -0.3944985634100464 0.0229677127884469 -219.2885942821703225 -0.0082765936940404 0.0773162006817863 0.9969722679738677 -0.7810209670513646
-0.3984064429540570 0.9142680359378937 -0.0733911757295247 -26.1836530021555198 -0.9171796662652582 -0.3977559789280318 0.0239090153823333 -221.5191369970241340 -0.0073325304121616 0.0768383998354296 0.9970165968069366 -0.7763782582197364
-0.4005725393145994 0.9134529644649521 -0.0717309030839870 -27.1224249518540255 -0.9162425404208256 -0.3998820801447622 0.0243706606863443 -223.7215043796407485 -0.0064224504859764 0.0754851223042557 0.9971262449862940 -0.7830669702384992
-0.4035394449935961 0.9121501172347195 -0.0716804015261341 -28.0784410685570265 -0.9149416864851285 -0.4028153486694122 0.0249300061790717 -225.9193628975903039 -0.0061340578746107 0.0756436283174418 0.9971160488272985 -0.7781508878168106
-0.4066558752882936 0.9106169411305925 -0.0735376476335299 -29.0459717250705616 -0.9135527446134523 -0.4059612859107500 0.0248358038105725 -228.1284129271790846 -0.0072375342996564 0.0772801453651049 0.9969831479165581 -0.7665841673254699
-0.4084999930111084 0.9097315814256800 -0.0742711617430171 -30.0056398229424843 -0.9127187902630677 -0.4078850677512362 0.0239620826785431 -230.3211063237422991 -0.0084950344701096 0.0775771955042356 0.9969501557886680 -0.7716102587256018
-0.4122121003705579 0.9080917056686786 -0.0738284389909787 -30.9790151738273210 -0.9110419646841423 -0.4116495921384071 0.0233912777920033 -232.5356134189964905 -0.0091500214509415 0.0769029738568974 0.9969965946378215 -0.7762984698053704
-0.4146653808898293 0.9070902484750257 -0.0723871743681720 -31.9696105104257740 -0.9099309117292046 -0.4141055714960611 0.0232875832919224 -234.7255747937990122 -0.0088519924960642 0.0755238821660804 0.9971047013485663 -0.7734781224545534
-0.4179611046578151 0.9056778152655086 -0.0711070315026208 -32.9615954837353158 -0.9084204388335843 -0.4174329935389858 0.0228473677801094 -236.8954468639883544 -0.0089900668861529 0.0741443918376622 0.9972069934855079 -0.7845260266498472
-0.4216915850918173 0.9040031414498706 -0.0703884032459633 -33.9545709955087816 -0.9066891511463129 -0.4212124655281380 0.0222450461291111 -239.1259477569335843 -0.0095388812934072 0.0732009503522523 0.9972715932037759 -0.7853815173212259
-0.4250479590138880 0.9024798114114535 -0.0697454122711694 -34.9644649386312167 -0.9051202364207079 -0.4245752942004362 0.0222075927631741 -241.3255188019447246 -0.0095702748053508 0.0725672760227394 0.9973176025172671 -0.7866380143350351
-0.4283735231554016 0.9009585346166699 -0.0690640540426948 -35.9741952361398560 -0.9035469145398535 -0.4279365590567734 0.0217548764225468 -243.4809437056018737 -0.0099547920591173 0.0717218259948273 0.9973749955713886 -0.7935850851445153
-0.4327720442288541 0.8989005669445321 -0.0684553027951740 -37.0066506630477363 -0.9014428518005558 -0.4323735417794388 0.0213050535504229 -245.6945034729839392 -0.0104471370078745 0.0709287749499739 0.9974266720979716 -0.7919312059423973
-0.4363140898614664 0.8972368996883132 -0.0677935161063760 -38.0359243131187483 -0.8997323492700381 -0.4359289430077258 0.0211578903765616 -247.8454476185661406 -0.0105695158536184 0.0702275051947039 0.9974750036210170 -0.8017932354284880
-0.4400964015863020 0.8954130515061990 -0.0674583167826341 -39.0853853131922619 -0.8978898209614435 -0.4396966498390651 0.0214645180269745 -250.0127400049732103 -0.0104415863074635 0.0700165931237755 0.9974911778871648 -0.8068305118188568
-0.4441842124390347 0.8933852104820822 -0.0675518401807192 -40.1166256675899788 -0.8958729205650869 -0.4437799202661357 0.0217046669351326 -252.2064607940860412 -0.0105875218109434 0.0701587347410803 0.9974796520839077 -0.8019664055215185
-0.4472095793112558 0.8919007223143283 -0.0672063516896378 -41.1962563239550974 -0.8943684681395212 -0.4467906723079087 0.0219804080129399 -254.3649916999787024 -0.0104228292712702 0.0699370908304639 0.9974969513518090 -0.8161275532534984
-0.4516151964188551 0.8897505690909759 -0.0662392569843896 -42.2561177423975778 -0.8921518843067617 -0.4512057764255204 0.0218715031065166 -256.5449182606863587 -0.0104273530415929 0.0689729811051281 0.9975640321232606 -0.8155879729304721
-0.4546032711407915 0.8882249308922461 -0.0662747162163332 -43.3514769091433578 -0.8906354923239996 -0.4541663679992949 0.0223903995300374 -258.6684455672936451 -0.0102120360789388 0.0692053633744715 0.9975501651542793 -0.8306707028652789
-0.4581914988878952 0.8863690723977583 -0.0664109768306631 -44.4429394993847779 -0.8887960139188854 -0.4577310177584228 0.0228901949257852 -260.8244804582425900 -0.0101092031716584 0.0695139042104344 0.9975297595223196 -0.8425184778962751
-0.4622996117597100 0.8841873476826845 -0.0670209158746780 -45.5525229393997009 -0.8866678128108210 -0.4617973411428344 0.0237361630994391 -262.9970013428526272 -0.0099628656568273 0.0703985078767146 0.9974691932068058 -0.8418155805945204
-0.4649457044759024 0.8826804463078634 -0.0685618085756115 -46.6745971178190544 -0.8852910151074148 -0.4643321178051907 0.0256027917350940 -265.1501225164232096 -0.0092363661410077 0.0726010611513264 0.9973182919510755 -0.8474746409454983
-0.4680351190929577 0.8809882270905681 -0.0693027490324845 -47.7906420558831186 -0.8836634863149003 -0.4673726326042922 0.0264889646141639 -267.2657711260439442 -0.0090537422891297 0.0736380745290911 0.9972439339149725 -0.8690794946974029
-0.4712820929998400 0.8791709177822711 -0.0703682182776294 -48.9195148871689156 -0.8819443969097576 -0.4705013453368683 0.0283295745763993 -269.4588493162339660 -0.0082018032878688 0.0754120770306386 0.9971187236536841 -0.8708099454465829
-0.4735905712348041 0.8778728859869794 -0.0710715617274798 -50.0749374812056445 -0.8807186320166590 -0.4726577865055985 0.0304845546848259 -271.6132707564486850 -0.0068309630504106 0.0770312462869389 0.9970052783407342 -0.8696088661723856
