1.0000000000000000 -0.0000000000000017 0.0000000000000004 0.0000000000000003 0.0000000000000017 1.0000000000000000 0.0000000000000000 0.0000000000000005 -0.0000000000000004 -0.0000000000000000 1.0000000000000000 -0.0000000000000000
0.9999960429717378 -0.0027463546552546 -0.0006095711393048 0.6957481886988366 0.0027453707990534 0.9999949369769646 -0.0016090244287135 0.0178828830731642 0.0006139870047623 0.0016073445629526 0.9999985197306114 0.0129504575017792
0.9999761227946490 -0.0067521146814006 -0.0014706420061721 1.4202239610876299 0.0067508005714199 0.9999768110408831 -0.0008967007031068 0.0206801036064767 0.0014766625294970 0.0008867512815044 0.9999985165688691 0.0160999562651412
0.9999394832663707 -0.0107474758592623 -0.0023498016167578 2.1352701711816580 0.0107454655946654 0.9999418904180393 -0.0008664619736772 0.0252609868400499 0.0023589773499132 0.0008411598258016 0.9999968638330873 0.0152481667441015
0.9998773118929999 -0.0154047499117697 -0.0028381053159614 2.8610347264285001 0.0154051026918630 0.9998813291129349 0.0001024812368010 0.0491600478087353 0.0028361898176624 -0.0001461899674147 0.9999959673197746 0.0125190405289838
0.9997949273673535 -0.0200249120159429 -0.0030176330562240 3.6067317031838226 0.0200229549955202 0.9997992910911656 -0.0006773528254330 0.0653428245921781 0.0030305913211190 0.0006167919880281 0.9999952175305079 0.0172415329131074
0.9996892069376564 -0.0246290558923322 -0.0038599401824260 4.3614703499427776 0.0246306564927043 0.9996965517471441 0.0003676759551023 0.0876961542582525 0.0038497133786730 -0.0004626345446820 0.9999924828098360 0.0257837014468735
0.9995552744426621 -0.0294310591473494 -0.0048027170767760 5.1568292448657260 0.0294481572089184 0.9995600791405116 0.0035290544927962 0.1196185504368817 0.0046967404498400 -0.0036689161995768 0.9999822396838193 0.0326919789552233
0.9994083220923452 -0.0341172222763617 -0.0043612930087837 5.9404011376953036 0.0341371382509968 0.9994066788701224 0.0045766824037041 0.1597866225067789 0.0042025616706325 -0.0047228565442294 0.9999800163510605 0.0353899792728875
0.9992677101739161 -0.0381957873810794 -0.0022638971084713 6.7535253169503271 0.0382090795616413 0.9992508297161062 0.0061518737572646 0.1994123171841679 0.0020272254020041 -0.0062338702274378 0.9999785143787625 0.0576812689889664
0.9991263489231552 -0.0417859092005546 0.0006904199943232 7.5481664464969453 0.0417825458599964 0.9991173719564271 0.0043238774658530 0.2299945776508915 -0.0008704877614568 -0.0042912524005733 0.9999904136559968 0.0410797592581886
0.9990240849413318 -0.0441655086456706 0.0005343717842998 8.3622928575958859 0.0441627314028805 0.9990146182597770 0.0044097231556012 0.2622917657797721 -0.0007286028902548 -0.0043818203227898 0.9999901343455779 0.0521674357445530
0.9989186281498482 -0.0464926323267654 -0.0000973373174691 9.1929413592853670 0.0464926551791613 0.9989108802285627 0.0039352732293708 0.3078703473942086 -0.0000857299058864 -0.0039355432060150 0.9999922520450130 0.0478497907835219
0.9988266278002806 -0.0484281395186974 -0.0002879233878360 10.0212184768532140 0.0484287819048702 0.9988222258185568 0.0029688876830174 0.3449274935180880 0.0001438065721751 -0.0029793478517009 0.9999955513931291 0.0658605061207538
0.9987152657415871 -0.0506733798939401 0.0001629258588632 10.8663576929838204 0.0506728023653188 0.9987120658169562 0.0025449345911182 0.3921692710161183 -0.0002916764584212 -0.0025334091166172 0.9999967483762592 0.0654319186116611
0.9986464451499406 -0.0520116370892463 0.0002592232306428 11.7398964561661181 0.0520117555703669 0.9986463603940607 -0.0004734492413436 0.4435316017224503 -0.0002342474656900 0.0004862910571371 0.9999998543245556 0.0709179676263895
0.9985591740528740 -0.0536321372074116 -0.0017803857468304 12.6015350382725675 0.0536347174697678 0.9985595921303930 0.0014345892517434 0.5049521799133013 0.0017008811776039 -0.0015280127448445 0.9999973860867194 0.0737952435212535
0.9984710008816587 -0.0551071327624519 -0.0043433071593094 13.4655865114848794 0.0551230988222057 0.9984729086388002 0.0036461885046530 0.5618449608508099 0.0041357435384645 -0.0038800300354018 0.9999839203668769 0.0877385316036258
0.9983766853825945 -0.0566290010350398 -0.0060951067453722 14.3572398434095430 0.0566709285767326 0.9983687827710990 0.0069411412898053 0.6060236219740731 0.0056920944049524 -0.0072752889927226 0.9999573342054937 0.0929583157304914
0.9982977768121319 -0.0580041110146680 -0.0060886712304832 15.2390380295359957 0.0580489419339111 0.9982858334653433 0.0074642509844113 0.6863396264029775 0.0056452769912783 -0.0078049860860185 0.9999536054437169 0.1020725313086071
0.9982207978674367 -0.0594226211107518 -0.0049184149099180 16.1332889489739131 0.0594582655362746 0.9982029965978291 0.0074493115475415 0.7283351749621503 0.0044669188839660 -0.0077284981362815 0.9999601576824156 0.1168366258609772
0.9981678048778551 -0.0603833183852386 -0.0038585186420618 17.0375376603392681 0.0604096658747193 0.9981482622683034 0.0071217132539141 0.7916829223764769 0.0034213409986444 -0.0073417567075673 0.9999671959790570 0.1283536415939020
0.9980870293996005 -0.0617308246059852 -0.0034039738168981 17.9431075771970754 0.0617542515286734 0.9980649054379679 0.0072702786214523 0.8620058428790321 0.0029485865112582 -0.0074665806474785 0.9999677774863650 0.1374607868839391
0.9979973600589926 -0.0631244419036557 -0.0040711361600289 18.8554275179891881 0.0631510953327572 0.9979808839835215 0.0067892828591875 0.9199272550314276 0.0036343463723907 -0.0070327830779175 0.9999686652533790 0.1370186633220753
0.9979158716451062 -0.0643884479103974 -0.0042474574133149 19.7695462245072520 0.0644174009518151 0.9978979712887915 0.0070737085271634 0.9701993210055758 0.0037830640228479 -0.0073325761778669 0.9999659602972467 0.1457140720776976
0.9978739183962188 -0.0650981896407010 -0.0031414471314959 20.7078527095963345 0.0651181085268803 0.9978549318259538 0.0067206378047542 1.0253262033624360 0.0026972071589133 -0.0069109142755921 0.9999724817900827 0.1628775849980893
0.9979013996689284 -0.0647514120042457 0.0002262349442602 21.6425628511072077 0.0647483105310501 0.9978777305031169 0.0069058851223730 1.1092658925368901 -0.0006729206255516 -0.0068767440991449 0.9999761284992890 0.1557970212340347
0.9979411260599895 -0.0639995862308571 0.0041906897283349 22.5599458323051820 0.0639704431607989 0.9979289395566402 0.0067538135279753 1.1620384084977464 -0.0046142518278789 -0.0064718279982358 0.9999684115623004 0.1584486360099212
0.9980059207769895 -0.0627556121078061 0.0067760787368565 23.5076331536222227 0.0627097448213162 0.9980087647495022 0.0067818424943560 1.2155718198261098 -0.0071881846469676 -0.0063433927946669 0.9999540446287187 0.1685759695692971
0.9981061436569572 -0.0610580868191828 0.0074857216231069 24.4634579025835066 0.0610209878531182 0.9981235137311883 0.0050882588707559 1.2737355899288338 -0.0077823541211581 -0.0046218363111831 0.9999590359576964 0.1665383934262534
0.9982054481511895 -0.0596056890295572 0.0057484882007844 25.3894383340008147 0.0595718451760565 0.9982066476048370 0.0058893072455732 1.3480147499794379 -0.0060892153519801 -0.0055362905292739 0.9999661348983638 0.1689065760244024
0.9982855459755118 -0.0585299961259036 0.0004563440325918 26.3689812999241333 0.0585226794081134 0.9982375208360725 0.0098462170373576 1.4045448085576082 -0.0010318387807941 -0.0098026296754128 0.9999514207001144 0.1837703338947964
0.9983505414598399 -0.0573506660305941 -0.0026641082357302 27.3083461926040059 0.0573744469155834 0.9983033739443771 0.0099270545684097 1.4619614643743188 0.0020902650490621 -0.0100635320400215 0.9999471766622996 0.1954856974409035
0.9983959520248676 -0.0565979325427499 -0.0014822321830741 28.2936988431479293 0.0566074770529097 0.9983685164226714 0.0074765605527067 1.5358372098508739 0.0010566560757958 -0.0075484732151817 0.9999709515931237 0.2011735326848411
0.9983855703707036 -0.0566926392516115 0.0034924962779500 29.2570886176108509 0.0566815728201640 0.9983872106073882 0.0031901407854583 1.5689670321141147 -0.0036677211177110 -0.0029870303455499 0.9999888126731806 0.1928931812536944
0.9983150067282307 -0.0575299822983281 0.0075794774204263 30.2194288623639622 0.0575450123249276 0.9983413261966220 -0.0017798776626495 1.6327897162137470 -0.0074645092093603 0.0022130397023383 0.9999696913194616 0.1868698329211904
0.9982585138187439 -0.0584790197761038 0.0077552456066104 31.2204158880606926 0.0585612507455387 0.9982249877091848 -0.0108376115503363 1.6782550884416094 -0.0071077070501625 0.0112728948821455 0.9999111972277664 0.1934696002563834
0.9982069251568501 -0.0597279234088098 0.0039382399848270 32.1997689522818149 0.0597659746388786 0.9981584474905812 -0.0103798833643507 1.7341830045138027 -0.0033110186305220 0.0105966442076703 0.9999383722445920 0.2102665720272504
0.9981236248618692 -0.0612309511070716 0.0000109144826151 33.1829912529720303 0.0612290097108765 0.9980905267267439 -0.0081430232810821 1.8088307490292113 0.0004877114186855 0.0081284121976103 0.9999668449767312 0.2267841888719689
0.9979933806907054 -0.0633023918857469 -0.0014210133989938 34.1606572363867187 0.0632918766940852 0.9979738069971908 -0.0065129787405075 1.8744732633946455 0.0018304212841630 0.0064099710667760 0.9999777806675734 0.2175875573553580
0.9979396533807883 -0.0641575667499328 0.0005048157683657 35.1779762948549575 0.0641593014953553 0.9978828347425678 -0.0106504534065573 1.9322353973023545 0.0001795601853888 0.0106608984079702 0.9999431548859539 0.2407065820633562
0.9978642149564287 -0.0652445380255745 0.0031872821054174 36.1993885971283760 0.0652729660201830 0.9978190869725244 -0.0098239289617618 2.0014550011150676 -0.0025393732136452 0.0100109905177798 0.9999466644039244 0.2237445715205298
0.9977873775465009 -0.0663621507360466 0.0040514390730477 37.2206018777449898 0.0663816921873348 0.9977822910446292 -0.0048959799914459 2.0884366173114999 -0.0037175463981402 0.0051540884176478 0.9999798074068099 0.2472751916574790
0.9976941447309363 -0.0675751043425971 0.0063244638264901 38.2049515419456611 0.0676214162025235 0.9976834612620711 -0.0074199187932629 2.1651512299478295 -0.0058084111743711 0.0078304787350863 0.9999524718517420 0.2380239079147760
0.9976648701750848 -0.0675534270547310 0.0100668421907020 39.1910519698160300 0.0676167792381372 0.9976927724508950 -0.0060912202970866 2.2221146916952779 -0.0096321328890536 0.0067576839529346 0.9999307754657819 0.2504731455751718
0.9976032099570071 -0.0682108882326778 0.0116236917536813 40.1965162092655248 0.0682368092810899 0.9976674414313568 -0.0018477464508331 2.3064876872119244 -0.0114705423852419 0.0026364814278759 0.9999307354127429 0.2409205346838338
0.9976104108651641 -0.0681362384080331 0.0114420780036700 41.2008052887799749 0.0681533103670996 0.9976742443570782 -0.0011083467593127 2.3734301955358359 -0.0113399479471549 0.0018855137593677 0.9999339230261263 0.2560430137539338
0.9976308351290086 -0.0680626819157605 0.0100094020915723 42.1957098966397268 0.0680732088544045 0.9976800729016632 -0.0007144026852818 2.4356134422053795 -0.0099375568456938 0.0013940822666234 0.9999496494816988 0.2521854872111202
0.9976424267846953 -0.0682403576950091 0.0072692407307107 43.1978719971043077 0.0682163835935194 0.9976644215113913 0.0034967212875339 2.5235905776211673 -0.0074908803598526 -0.0029925961969652 0.9999674650104554 0.2672371792731109
0.9975973725898407 -0.0688897905139452 0.0073265929865924 44.1613884681407569 0.0688668342199887 0.9976202667900620 0.0033410229335002 2.5985691625126730 -0.0075393200199376 -0.0028284364356172 0.9999675787749154 0.2602490979742391
0.9974927686991572 -0.0702313840824060 0.0087022458457218 45.1807609014117304 0.0702250139775208 0.9975306383931243 0.0010357986594170 2.6627316550015525 -0.0087535024274183 -0.0004220863364451 0.9999615982818429 0.2697975122666561
0.9974399012451552 -0.0708896559124413 0.0093968126867851 46.1843881378331886 0.0708918536825462 0.9974840024773575 0.0000994143025831 2.7471870065066519 -0.0093802177750473 0.0005669976779230 0.9999558440391885 0.2577617110558401
0.9974345207132409 -0.0712127839634972 0.0072880923234807 47.1476326884089829 0.0712044408700693 0.9974607624119984 0.0013982306160045 2.8245983094235263 -0.0073691580202968 -0.0008756989454181 0.9999724639515974 0.2716181030549581
0.9973954076516566 -0.0721066050913339 0.0017430713089677 48.1501802490403250 0.0720984331286228 0.9973879575280836 0.0043678505417729 2.8945658292463721 -0.0020534692067907 -0.0042308013614651 0.9999889417308856 0.2748111313270967
0.9973684617695414 -0.0724946644980007 0.0008216366478322 49.1277493580684208 0.0724902743318934 0.9973589951473568 0.0044938764937919 2.9909862819003248 -0.0011452487701711 -0.0044224900199931 0.9999895649391934 0.2861938906397187
0.9973358153530346 -0.0728179688580281 0.0043376059628460 50.0807454606620510 0.0728005428264365 0.9973383030321896 0.0040484897243844 3.0488462666566760 -0.0046208633688794 -0.0037219237315550 0.9999823972978038 0.2860667866861905
0.9973226846587628 -0.0727140736782871 0.0077541056316374 51.0610743631415360 0.0727038977071729 0.9973523078252102 0.0015866108256391 3.1198921626694109 -0.0078489440833083 -0.0010186092654819 0.9999686777654295 0.2985925721254203
0.9972778731114225 -0.0732881575197739 0.0081049225606655 52.0203167578811971 0.0732774989250101 0.9973102992865487 0.0016047081572271 3.1827468833816623 -0.0082007288488717 -0.0010064314837776 0.9999658669884767 0.3005338269744939
0.9972881083009778 -0.0732211088545974 0.0074228201891473 52.9759734296682296 0.0732288792788126 0.9973148563129343 -0.0007801391416640 3.2517597944028682 -0.0073457661973627 0.0013215882923411 0.9999721461737618 0.3110928990975451
0.9972813195142880 -0.0734095433112562 0.0064038034536875 53.9267220197877393 0.0734334694249829 0.9972936766502061 -0.0035844220906892 3.3344032466426690 -0.0061233419021610 0.0040449306974186 0.9999730712472223 0.3151654202265031
0.9971997500885380 -0.0744064596947420 0.0075058096866388 54.8866425328334060 0.0744429483765871 0.9972141758642198 -0.0047047733681669 3.3987312428347729 -0.0071348342908637 0.0052503534299862 0.9999607631944876 0.3179734353421484
0.9970892864801462 -0.0753240681891666 0.0117999804214622 55.8441141549414510 0.0754240306073739 0.9971172719638092 -0.0082681048849783 3.4647580959504376 -0.0111431769909235 0.0091340408847808 0.9998961940639959 0.3197457061139418
0.9969541542192045 -0.0760987468241602 0.0170702992610815 56.8168636376636798 0.0762990952651452 0.9970197036935547 -0.0114087031925892 3.5299762682868132 -0.0161512366953990 0.0126764024316315 0.9997892009691846 0.3243459806663047
0.9968638473997500 -0.0767364384634114 0.0193387889827425 57.7593904855347873 0.0769369562733078 0.9969873410513024 -0.0098461435523386 3.6046256239983641 -0.0185249698182507 0.0113031321059785 0.9997645046198769 0.3041005062501874
0.9968337094813583 -0.0779251970998167 0.0158183216110197 58.6966040277054546 0.0780776214408064 0.9969042984517296 -0.0092576864610424 3.6794003032071991 -0.0150479457661524 0.0104634308627504 0.9998320238634084 0.3092138673912188
0.9967943749538379 -0.0796089612807216 0.0079616169332744 59.6122256599595133 0.0796660473240523 0.9967961108713109 -0.0071298145551675 3.7867259240525017 -0.0073685116644740 0.0077412295944372 0.9999428875691935 0.3136095126811783
0.9967606795046359 -0.0803799739197601 0.0026846947899621 60.5365089301152466 0.0803933140084609 0.9967491367691313 -0.0052984349319955 3.8570955678165615 -0.0022500791527339 0.0054971031143933 0.9999823593449817 0.3267519479360322
0.9966450688369880 -0.0818047998270124 0.0025654411273463 61.4431424612512416 0.0818079559280576 0.9966474478326069 -0.0011502502441109 3.9473409310486853 -0.0024627443611640 0.0013562647284037 0.9999960477102887 0.3174692249340872
0.9965833349246918 -0.0824436591654747 0.0049698706005880 62.3285330506462643 0.0824307197494790 0.9965929897948833 0.0027548381583189 4.0176341564596232 -0.0051800571389142 -0.0023357557883270 0.9999838554961450 0.3333049250030621
0.9965136784324911 -0.0831769899548899 0.0064866816624424 63.2253274204654616 0.0831591113931840 0.9965318288054525 0.0029793237414449 4.1229842968787400 -0.0067119959208670 -0.0024295101778893 0.9999745229709874 0.3371356719900946
0.9964070028278947 -0.0844486171141201 0.0064432742487357 64.0799530051431958 0.0844210558273708 0.9964202948312861 0.0044363702871454 4.1965331818282774 -0.0067948545623597 -0.0038764824061857 0.9999694009496645 0.3532567707398586
0.9963006197638796 -0.0856725030958168 0.0067303247623403 64.9350063336733427 0.0856436145343105 0.9963158095689234 0.0044697754439426 4.2846585387843223 -0.0070884658148116 -0.0038768307053688 0.9999673613853975 0.3504975839022749
0.9961437443974621 -0.0874523252454804 0.0070520427510360 65.7926470007337088 0.0874230613225050 0.9961617465683006 0.0043569511122381 4.3535953942966348 -0.0074060007294925 -0.0037236384292288 0.9999656422447939 0.3559577987898488
0.9960219595651205 -0.0888065238082431 0.0073251206920695 66.6290029510847148 0.0887631489673934 0.9960343959061341 0.0060485996143673 4.4336557131862762 -0.0078332272691248 -0.0053743372613327 0.9999548775067562 0.3688598060326142
0.9958815492485570 -0.0903104381803095 0.0079977885677561 67.4126047898976282 0.0902552578536352 0.9958939843242494 0.0070114489619202 4.5029032121978050 -0.0085981565505554 -0.0062607301852326 0.9999434358809901 0.3727903165824964
0.9957639046908904 -0.0912805903692746 0.0110498840078972 68.2318966603526178 0.0911838935779492 0.9957937575231385 0.0089604704069631 4.5941083494695976 -0.0118213225451528 -0.0079149415528800 0.9998987998960185 0.3564534658971987
0.9955680497762012 -0.0928787676885360 0.0147578039514830 69.0281710080096929 0.0927332559302306 0.9956381508912955 0.0102574721223286 4.6685320691477292 -0.0156461340077922 -0.0088434723056594 0.9998384827001755 0.3721976047659561
0.9954330130954967 -0.0940387825223946 0.0164263149040332 69.7799843243108455 0.0938401588804686 0.9955091476090074 0.0124724339274977 4.7444237913586127 -0.0175254392501041 -0.0108740244846684 0.9997872846613912 0.3761635401748216
0.9953393844850337 -0.0955320849558821 0.0131579039720058 70.5593400136626911 0.0953356982748308 0.9953348150202425 0.0148226395446373 4.8249344470789692 -0.0145125575762793 -0.0134991389577985 0.9998035601656924 0.3792570573429001
0.9952474124328663 -0.0972295703312605 0.0053850440000589 71.2702485441215998 0.0971426882881345 0.9951640688203701 0.0145524651190089 4.9209807745444927 -0.0067739322286573 -0.0139601856034975 0.9998796062827151 0.3751119750491305
0.9951508069906191 -0.0983609214996987 -0.0000216252113420 71.9760720492683248 0.0983497763112894 0.9950346893095526 0.0152737870274993 4.9835563183969018 -0.0014808259313660 -0.0152018483209169 0.9998833486773289 0.3940372786772645
0.9950958289888437 -0.0989038016700055 -0.0015261534083972 72.6699944478684756 0.0989155056043673 0.9949582986802643 0.0165440816700825 5.0533894556850703 -0.0001178135735663 -0.0166139069003714 0.9998619725829500 0.3832369548856077
0.9950392138798434 -0.0994810718481556 0.0006922321325283 73.3529362830745697 0.0994516558937828 0.9948728127164640 0.0183699389660452 5.1326213260201534 -0.0025161441468686 -0.0182099659959515 0.9998310188012065 0.3975496689065646
0.9948937609739019 -0.1008488196562086 0.0039899810969548 74.0098736222233953 0.1007593767971039 0.9947402502858053 0.0184223355954862 5.1922316128854780 -0.0058268655951358 -0.0179262387377553 0.9998223330182484 0.4135087691328632
0.9948248715431987 -0.1015991857311014 0.0010394314963006 74.6347064069414188 0.1015705441658892 0.9947048093319173 0.0156769528225085 5.2574563909026910 -0.0026266931498530 -0.0154902469551384 0.9998765687485458 0.4225140626331029
0.9948393439016342 -0.1014158721537578 -0.0030823206612312 75.2241625885801142 0.1014420944085552 0.9947904606846417 0.0100717830022342 5.3161357768043578 0.0020448245332490 -0.0103324830573764 0.9999445277046608 0.4364340344837921
0.9949222667795879 -0.1003507958577912 -0.0077071938391558 75.8305028483420500 0.1004023536995702 0.9949248828597993 0.0066215434757287 5.3778793628278718 0.0070036017700035 -0.0073617414463217 0.9999483758300349 0.4442776908779651
0.9952178402147775 -0.0973393069661124 -0.0081553563742087 76.4167165524677756 0.0974038163019180 0.9952133865701867 0.0079253871402197 5.4538378994722176 0.0073448681441958 -0.0086818495067056 0.9999353371098990 0.4536196474845581
0.9956335926331052 -0.0931388424584709 -0.0062374069926426 76.9715190608789612 0.0932133725788628 0.9955616634899089 0.0129707887840154 5.5225375020251706 0.0050016390283424 -0.0134955627782457 0.9998964213318940 0.4583720876689275
0.9960656363513981 -0.0885737512829326 -0.0028175634072007 77.5345890725457281 0.0886003380485024 0.9960020381292748 0.0113982516212663 5.5655125267804610 0.0017967129919680 -0.0116030438247810 0.9999310682224174 0.4683408360940984
0.9965163864428295 -0.0833781984173514 0.0017797695362406 78.0916549499598034 0.0833595868549919 0.9964810015232014 0.0087631548361603 5.6035682885664730 -0.0025041625926449 -0.0085842665379314 0.9999600189696163 0.4784715332042692
0.9971718703738043 -0.0749570177356043 0.0054503602993909 78.6191484048163858 0.0749398389744739 0.9971826265570450 0.0032908702911007 5.6298663570564678 -0.0056816784218045 -0.0028731141601452 0.9999797316672643 0.4874364321810646
0.9979261620998539 -0.0641382865722898 0.0054456581077972 79.1052775553340837 0.0641102359505646 0.9979293876355591 0.0051783143667635 5.6811909721729981 -0.0057665104716035 -0.0048184529559738 0.9999717645354252 0.4968191015207215
0.9987658511562068 -0.0493947194083348 0.0051900152976311 79.6160163186993231 0.0493358809976697 0.9987226382281672 0.0109115872701080 5.6996815952676787 -0.0057223605620012 -0.0106420667701946 0.9999269978375708 0.5032842726345382
0.9994958935947535 -0.0311942312879893 0.0059058125246705 80.1285851339831225 0.0310892939541314 0.9993703830706725 0.0170965857003935 5.7159125498504890 -0.0064354089736965 -0.0169043596604166 0.9998364006855385 0.5071396520064925
0.9999327372536337 -0.0095515845313604 0.0065793769762608 80.5723161791298281 0.0094482881126625 0.9998343543456812 0.0155561473988502 5.7205646263789989 -0.0067268729879190 -0.0154929372003797 0.9998573488636814 0.4999420502693976
0.9998239844462818 0.0168439224129051 0.0082633167499047 81.0676026411014448 -0.0169289349198137 0.9998033504981594 0.0103281893444754 5.7099489853142700 -0.0080877245527982 -0.0104662605739900 0.9999125192241346 0.5172178160444815
0.9988805608590547 0.0461451180756150 0.0104044805582876 81.5141040603177345 -0.0462523457595668 0.9988765592348590 0.0103121250412648 5.6604805203720323 -0.0099169375130487 -0.0107818128770979 0.9998926976738282 0.5212260326256795
0.9967904856008777 0.0791266879096755 0.0121529863001319 81.9574690398869876 -0.0792518473658051 0.9968025741351009 0.0101868977978531 5.6160102619270278 -0.0113080725445817 -0.0111173494179853 0.9998742581131114 0.5144329008699819
0.9930875692886521 0.1166190975359436 0.0133066079170788 82.4222128513961536 -0.1167577495585281 0.9931084013607778 0.0101651888653504 5.5576049654804143 -0.0120294489643052 -0.0116485722963067 0.9998597917313572 0.5180369844797291
0.9872959711882647 0.1582578531864625 0.0141815789048067 82.8305935733716581 -0.1584113309370337 0.9873180252902912 0.0104387340054950 5.4970679768655568 -0.0123497168460981 -0.0125526428170301 0.9998449458051629 0.5238235622222145
0.9789730677445693 0.2034728842485038 0.0145092386561824 83.2542864563773293 -0.2036312563977606 0.9789922363957587 0.0104169330755465 5.4014548412064736 -0.0120848685825108 -0.0131524314263910 0.9998404720248714 0.5199726284483275
0.9676309809321230 0.2519580918212305 0.0144015522129374 83.6795942646780446 -0.2521187369520927 0.9676373446588131 0.0106823077713987 5.2694636705467675 -0.0112439858599633 -0.0139674331015327 0.9998392288735900 0.5168108185116533
0.9522837265268665 0.3049196659444210 0.0134052792752231 84.0432165281094967 -0.3050672484459482 0.9522694787230743 0.0108080441386233 5.1517304119796838 -0.0094698530992924 -0.0143818362119369 0.9998517313429280 0.5296292104120146
0.9328865427560838 0.3599564361621299 0.0124121879642486 84.4588474452665849 -0.3600888351281166 0.9328546082647621 0.0108770701603579 4.9518469465938013 -0.0076634953302898 -0.0146165626826491 0.9998638041926844 0.5254714410553086
0.9087816905859981 0.4170998824077329 0.0119802734155193 84.7858863284875639 -0.4172241105649312 0.9087375298521453 0.0109609945499240 4.7996489891585359 -0.0063150945327272 -0.0149596100776985 0.9998681561322802 0.5233255942534629
0.8802516014943560 0.4743760733928580 0.0111561220410706 85.1282227554416693 -0.4744858303010290 0.8801919048887852 0.0111985450749110 4.5737781850994450 -0.0045072064701525 -0.0151509590661941 0.9998750589594732 0.5115182880572315
0.8472884692359245 0.5310484545310081 0.0094756973395985 85.4744352936496341 -0.5311269302514496 0.8472291586817070 0.0103410174141032 4.2972505708976545 -0.0025365057689128 -0.0137946228551103 0.9999016324212945 0.5395786131902770
0.8108973827631238 0.5851276822935015 0.0084279322346016 85.7419001730478385 -0.5851877202770664 0.8108339218635496 0.0101824944048563 4.0692297658409098 -0.0008755939959021 -0.0131888805139142 0.9999126395670493 0.5348691121201989
0.7712488163538453 0.6364607723057119 0.0096409848464371 86.0604777322982812 -0.6365324738887916 0.7711895322955229 0.0096496094650211 3.7763654123701680 -0.0012934287020363 -0.0135790498132014 0.9999069638963234 0.5525430999550063
0.7287381051690809 0.6846850045732304 0.0121333666858440 86.2823573096991652 -0.6847889038324027 0.7286773326026446 0.0096696504130908 3.5100226900177303 -0.0022206446348220 -0.0153554375922789 0.9998796323926973 0.5474203969052568
0.6837955693934278 0.7295595303500023 0.0129039123292866 86.5209733805665024 -0.7296710484835066 0.6837333305380167 0.0094283464282685 3.2157423629823305 -0.0019442949616890 -0.0158626727532062 0.9998722895101287 0.5492408274697406
0.6371136186407114 0.7706923546480156 0.0109330430180984 86.7681771566436026 -0.7707622672951442 0.6371063345470220 0.0045875695206384 2.8884193995055849 -0.0034299062067332 -0.0113495800431246 0.9999297089177107 0.5463177653538526
0.5906968318149304 0.8068631957491860 0.0070025873228893 86.9297179367182764 -0.8068922524768548 0.5906893687145067 0.0033109787805394 2.5894851253839848 -0.0014648469652020 -0.0076061181340031 0.9999700001451545 0.5805790748508564
0.5437749991675974 0.8391927087232192 0.0080217146587009 87.1665652249575231 -0.8392304069385805 0.5437615486685967 0.0039626076305750 2.2535010205786099 -0.0010365085546833 -0.0088868338183842 0.9999599741163145 0.5641329058914211
0.4968695967533866 0.8677555218781702 0.0109980940199292 87.2764954353030333 -0.8678248001350423 0.4968418488872373 0.0053191601673199 1.9502577060889028 -0.0008485827601510 -0.0121873477121143 0.9999253714468112 0.5484423225518507
0.4513674935895832 0.8922617568665374 0.0116765989953284 87.4329441962872096 -0.8923378222127532 0.4513173512285036 0.0067719663827090 1.6048083793654171 0.0007725148921480 -0.0134761164111793 0.9999088946035103 0.5577724233825332
0.4081852845338747 0.9128799277129716 0.0059170151900906 87.5946280233431622 -0.9128961924020136 0.4081590395864183 0.0051711025708718 1.2314573860157851 0.0023055125038882 -0.0075123886116638 0.9999691238380521 0.5482609896596706
0.3691735521196630 0.9293437253612203 -0.0055792962888676 87.6687635195332433 -0.9293604581796123 0.3691658285415892 -0.0023937020246729 0.8923499530664021 -0.0001648864198554 0.0060688688345064 0.9999815706519486 0.5918779219908609
0.3337486858063675 0.9426133901218862 -0.0095818310070310 87.7650270237317187 -0.9426581313500365 0.3337005870424788 -0.0062901198050879 0.5192653415016729 -0.0027316885217586 0.0111317101305124 0.9999343092960609 0.5881022273348629
0.3000962708575403 0.9538801135478268 -0.0074133120386781 87.8827698321146471 -0.9539086480447294 0.3000812511925776 -0.0030876962566867 0.1546761953202698 -0.0007206961038820 0.0079982285965216 0.9999677539483179 0.6033737426476358
0.2690944301426880 0.9631131270184611 0.0011367633454817 87.9770331468666740 -0.9631053225156260 0.2690869230697920 0.0045128233849823 -0.1899833138199743 0.0040404712910982 -0.0023091984655905 0.9999891710384630 0.5803042279937083
0.2405756241660097 0.9706093362051723 0.0063941792663109 88.0796282738394325 -0.9706005627317859 0.2405113583362223 0.0094251862584153 -0.5837405968180562 0.0076103010371049 -0.0084736640610885 0.9999351380642169 0.5809565988927085
0.2145100914618295 0.9767091067423744 0.0049740795682127 88.1598108371039046 -0.9766822096578741 0.2144527846819031 0.0100927934681163 -0.9792363429874176 0.0087910180781466 -0.0070231010736470 0.9999366950224694 0.5966766247813317
0.1911222880910231 0.9815645646169757 -0.0018101058364542 88.2202640603214405 -0.9815055056667830 0.1911306516057906 0.0107710891992856 -1.3830292764454089 0.0109184861883443 -0.0002819663686806 0.9999403517982070 0.6048486586634833
0.1703586540732894 0.9853444017313850 -0.0086220043467936 88.2704618810694370 -0.9852294872702518 0.1704797475037398 0.0161094104255100 -1.7755144665706295 0.0173431945019870 0.0057502754438292 0.9998330600339170 0.6208564967646728
0.1508749420599831 0.9884835899207315 -0.0117023209586672 88.3411799846740706 -0.9882346684832682 0.1511161383265442 0.0235828909389333 -2.2232174481980169 0.0250797102487575 0.0080065719690548 0.9996533914008109 0.6071132808376914
0.1329904937696431 0.9910730150225886 -0.0093705635338911 88.4161523483326732 -0.9907859205523151 0.1331845561675925 0.0245994640946332 -2.6472580232334049 0.0256278793935095 0.0060127275406064 0.9996534694109325 0.6055612556674486
0.1176114392067028 0.9930371696354389 -0.0066879810230674 88.4491347370548766 -0.9928442907580789 0.1177235260000810 0.0200346134276582 -3.0890388052536837 0.0206824485207989 0.0042838240562740 0.9997769177044644 0.6218771764366174
0.1029869841987463 0.9946576696276346 -0.0070570062045704 88.4979860398517246 -0.9945296080345336 0.1030930139820536 0.0168133640528505 -3.5693495395510157 0.0174510695467285 0.0052868439564900 0.9998337409052842 0.6490055791160436
0.0895133368079566 0.9959575261536182 -0.0074812185819289 88.5434256799742343 -0.9958742618230427 0.0896131250347826 0.0142808424090005 -4.0581744742172381 0.0148935278532527 0.0061720271763571 0.9998700360089898 0.6502985218575489
0.0777323324014549 0.9969177809964084 -0.0106123716777693 88.5635083886663068 -0.9968770291833416 0.0778690107953069 0.0131379543443990 -4.5512705667177826 0.0139238351765904 0.0095579857165502 0.9998573756906619 0.6714786705918996
0.0676988233108839 0.9976085794905536 -0.0139280813165818 88.5940330012320345 -0.9975998618112145 0.0678884723181443 0.0136261161214012 -5.0560002623466325 0.0145390865107500 0.0129721799690010 0.9998101507337704 0.6782232510208377
0.0596859241880067 0.9981051614908133 -0.0149558369615857 88.6107883498921609 -0.9981078817081833 0.0598944239397845 0.0139037567917794 -5.5809221615020048 0.0147731826573395 0.0140976801750986 0.9997914825041537 0.6914269841323754
0.0539373523607729 0.9983792953328652 -0.0181533652792426 88.6469051054458106 -0.9984311633449365 0.0541960124581276 0.0140713999060205 -6.1445159395173574 0.0150324343333505 0.0173659115594394 0.9997361907191933 0.6951956693788223
0.0481604809478344 0.9986547739414739 -0.0192148525567325 88.6785167005716204 -0.9987125244379231 0.0484523049249660 0.0150222394565261 -6.7086735725776965 0.0159330350437188 0.0184666356264970 0.9997025166332901 0.7120117115814549
0.0420519468198113 0.9989216846719592 -0.0196748992576417 88.7031349334173171 -0.9989767782754774 0.0423660115734246 0.0158277455661810 -7.2898481910512887 0.0166442252751839 0.0189891799584669 0.9996811395687596 0.7109618343144051
0.0376985929383935 0.9990476967974881 -0.0219662380507079 88.7188324959294903 -0.9991550858720731 0.0380444950928194 0.0155476933692200 -7.8815981547899838 0.0163685816867606 0.0213615523023843 0.9996378112180413 0.7182483197991778
0.0346175573995564 0.9991199775120641 -0.0236832273134656 88.7351613022606642 -0.9992682485264999 0.0349889521648757 0.0154512366231867 -8.4968892483703762 0.0162662904950726 0.0231310130062844 0.9996001020562338 0.7347962379942992
0.0316805306589076 0.9992079691416722 -0.0240785876027985 88.7798926412762910 -0.9993657205784194 0.0320591380814199 0.0155038123780451 -9.1455114506632764 0.0162634716449837 0.0235721460468087 0.9995898425958523 0.7476539832877317
0.0288796719053616 0.9992301214137707 -0.0265542653835520 88.7869077788967189 -0.9994543168665810 0.0292918461124617 0.0152661798784148 -9.8214134918164753 0.0160322502286773 0.0260988929026750 0.9995307972953409 0.7655061208408048
0.0281126092860211 0.9991468292697172 -0.0302538387548157 88.7912859689042477 -0.9994799072846534 0.0285745674121212 0.0149468736353546 -10.4847074807085416 0.0157986117552346 0.0298179083351098 0.9994304859314260 0.7737831017020544
0.0291067987671260 0.9989638562807320 -0.0349858272770436 88.8049815534326115 -0.9994532087628430 0.0296346657252328 0.0146652678465397 -11.1941801275376775 0.0156868658178450 0.0345398383331886 0.9992802018496765 0.7885404633906382
0.0317560935468847 0.9988466122395054 -0.0360138270710693 88.8262370559313865 -0.9993741995588308 0.0322933050133711 0.0144343932141321 -11.8970702461263418 0.0155807502639736 0.0355329096609995 0.9992470428038478 0.8008101727597061
0.0354851059120247 0.9986277496680832 -0.0385152547865532 88.8568306322112846 -0.9992410967686175 0.0360736342138626 0.0146943337125379 -12.6283760239400191 0.0160635546210475 0.0379645954471421 0.9991499645726218 0.8226471064227244
0.0394647600159275 0.9984730980453391 -0.0386523634028834 88.9105524342137841 -0.9990996414472963 0.0400332084483362 0.0140445249551764 -13.3573966397545956 0.0155704584636985 0.0380632986100177 0.9991540152159500 0.8343674127388897
0.0438374960170822 0.9981660035008936 -0.0417480945434237 88.9095808114340116 -0.9989403290645892 0.0443812264314639 0.0121871124048954 -14.1213475009069942 0.0140175929204244 0.0411696028095179 0.9990538378351909 0.8323523929738910
0.0479562812049452 0.9980515801520391 -0.0399153911293709 88.9533382131373145 -0.9987664720980964 0.0484290337716968 0.0109618839923912 -14.8935212967267496 0.0128735894650642 0.0393404631894223 0.9991429320424214 0.8607975376492016
0.0521471384289763 0.9979081056649861 -0.0382111057388782 89.0198241750437802 -0.9985716237004763 0.0525512370064364 0.0096477888289215 -15.6758787327456339 0.0116356475480866 0.0376534213214669 0.9992231140085406 0.8592228866836565
0.0566491415615105 0.9978648771516743 -0.0325047951449996 89.0653707039736702 -0.9983457292037916 0.0569369998996118 0.0079989388659756 -16.5005059382292671 0.0098325856667483 0.0319978903914939 0.9994395705942406 0.8683962041538289
0.0603903290253860 0.9975546143378106 -0.0351823758940187 89.1086282388845774 -0.9981142977084917 0.0607373374227594 0.0088783192485134 -17.2849603118585620 0.0109934921699281 0.0345798677865645 0.9993414711067351 0.8820228289871117
0.0632521412575131 0.9975079125831904 -0.0312590940410350 89.1767833188345662 -0.9978948635194284 0.0636639685995011 0.0123588212910231 -18.1401391280312154 0.0143181000094744 0.0304115674717435 0.9994349046216218 0.9135000238656645
0.0649856180506343 0.9974993905833184 -0.0277819227643780 89.2363758133215867 -0.9976934556960823 0.0654950554716803 0.0178372130662622 -18.9462703741044258 0.0196121877358642 0.0265586802132621 0.9994548507048945 0.9228495173188405
0.0648182364162899 0.9975824523843042 -0.0250568737634952 89.2947868134414477 -0.9976550144890768 0.0653351245024008 0.0203910169205952 -19.7322928943757248 0.0219788146332361 0.0236764060020430 0.9994780435337959 0.9453715646857909
0.0653549523791717 0.9976070776603165 -0.0225576772199575 89.3663206250982824 -0.9976249501273426 0.0658155241925359 0.0203168811257832 -20.5484219654827527 0.0217529097578621 0.0211762928130799 0.9995390815469704 0.9700660952661480
0.0653335806708494 0.9976539844610072 -0.0204462839117988 89.4181279288021216 -0.9976623518176390 0.0657180722250073 0.0187341065633259 -21.3601532221706911 0.0200338464210678 0.0191745214309251 0.9996154174108521 0.9884191663521210
0.0651724885535089 0.9976544950197205 -0.0209297707271071 89.4796371240398827 -0.9976989416057448 0.0655395954089822 0.0173603960900538 -22.2094612079901310 0.0186914059000224 0.0197501898870223 0.9996302123009824 1.0226758723959741
0.0657015842002934 0.9976657473503056 -0.0186107065295226 89.5233908411204027 -0.9976741598727225 0.0660186090785777 0.0169650811252854 -23.0244615218846072 0.0181541332987651 0.0174527882954615 0.9996828635246703 1.0384880196344326
0.0657367546289958 0.9976713502983634 -0.0181811959091729 89.5965213837140197 -0.9976776685940227 0.0660409448425187 0.0166692289294655 -23.8256743532075284 0.0178311154907011 0.0170431921349240 0.9996957441753013 1.0668813039471594
0.0662538796547281 0.9976811994191140 -0.0155771549499645 89.6575040111190873 -0.9976324048980597 0.0665229912336854 0.0174435184133598 -24.6603891533727371 0.0184393093149124 0.0143845737844890 0.9997265005535402 1.0908138066793369
0.0652818347020794 0.9977819591700648 -0.0130170662085615 89.7144079890248491 -0.9976757621116344 0.0655190683385002 0.0187169810339407 -25.4414084025299374 0.0195283320562798 0.0117649325881046 0.9997400815253418 1.1126032911117996
0.0625811149344687 0.9979821047113956 -0.0107388420871245 89.7834039343134549 -0.9978625928217834 0.0627691776102914 0.0181735023898991 -26.2653390840817629 0.0188108984513447 0.0095785707671376 0.9997771757154251 1.1511257328261426
0.0588522528533759 0.9982254438554800 -0.0090760990305721 89.8324932188405967 -0.9981101007322718 0.0590016260726192 0.0171765810626441 -27.0947097028155888 0.0176816048563774 0.0080480656258051 0.9998112769364955 1.1657754591658867
0.0539426652225450 0.9985263598322821 -0.0059411773901326 89.8917129798786760 -0.9984188114831293 0.0540291706093829 0.0155153343463356 -27.9229012072154248 0.0158134672132593 0.0050948447822064 0.9998619788807556 1.2018119539568131
0.0474224968823959 0.9988573152906849 -0.0059304704471748 89.9539656381488442 -0.9987735038867590 0.0475014483691339 0.0139678322083722 -28.7520228439859338 0.0142335773158366 0.0052608072688663 0.9998848579629926 1.2134525409045227
0.0403985151183521 0.9991721800941715 -0.0047869094511049 89.9885184120347645 -0.9990900017068256 0.0404598548621495 0.0134969861076236 -29.5728460169504217 0.0136794906954850 0.0042372951743537 0.9998974531740330 1.2381612998020515
0.0315422130860472 0.9994929532562388 -0.0043503085817750 90.0328552263541866 -0.9994028737365489 0.0316002002739814 0.0139758115961865 -30.3812886106692481 0.0141061958288630 0.0039068828708493 0.9998928700143187 1.2564137033902534
0.0214051363150041 0.9997625637537830 -0.0040787566486869 90.0506050388785440 -0.9996718046063651 0.0214602713753501 0.0139907050411968 -31.1860430726586202 0.0140749143652647 0.0037779450709932 0.9998938063197766 1.2739311915510898
0.0115144722583942 0.9999185450909260 -0.0055063701161576 90.0461181188426281 -0.9998349905872808 0.0115905368964870 0.0139875320118636 -31.9587953121715671 0.0140502144447125 0.0053444024639445 0.9998870080345884 1.2972279401962781
0.0008109988083863 0.9999910621016286 -0.0041494575296099 90.0743871310350386 -0.9999162754883271 0.0008645123952289 0.0129110275296275 -32.7814105217793639 0.0129144993896434 0.0041386392903630 0.9999080394567988 1.3206463658844563
-0.0103751613726939 0.9999361965565139 -0.0044675320461552 90.0471017830245444 -0.9998726358445185 -0.0103201104645312 0.0121740465472693 -33.5658582799731420 0.0121271643769583 0.0045932707401956 0.9999159133387574 1.3434967301153686
-0.0216093997131879 0.9997563823847119 -0.0044955227805085 90.0410908099220677 -0.9996968109643031 -0.0215545880047947 0.0119031879656888 -34.3561945835812068 0.0118033889980222 0.0047513805339035 0.9999190489190529 1.3520770482375832
