1.0000000000000000 0.0000000000000000 0.0000000000000000 0.0000000000000000 0.0000000000000000 1.0000000000000000 0.0000000000000000 0.0000000000000000 0.0000000000000000 0.0000000000000000 1.0000000000000000 0.0000000000000000
0.9999426894825750 0.0106945875765029 0.0004935047345453 0.2920504933088862 -0.0106940527129074 0.9999422402034788 -0.0010740081107263 -0.0814099449416913 -0.0005049623036103 0.0010686689931204 0.9999993014795836 0.0052587744327612
0.9998585118374975 0.0167957483988952 0.0009268990375611 0.5440884628681552 -0.0167932425171440 0.9998554767584997 -0.0026481317553283 -0.1053932864052867 -0.0009712424337972 0.0026321914357055 0.9999960641204447 0.0123105888517420
0.9998030556903851 0.0198009491246429 -0.0013312572749726 0.9272054231269022 -0.0198086620567432 0.9997854580161495 -0.0060543246493587 -0.0873094997744335 0.0012110902900298 0.0060795027100410 0.9999807862689702 0.0040402094440198
0.9998439203766408 0.0175661066446149 -0.0018885929205293 1.1869754478836694 -0.0175784678938684 0.9998227625745587 -0.0067409868922805 -0.0897555680651935 0.0017698452965426 0.0067731333316034 0.9999754958560227 0.0098129079763030
0.9999384370004707 0.0105245699292020 -0.0035150585857286 1.5291257938922560 -0.0105617783322028 0.9998865425011608 -0.0107401565880414 -0.0965780563844854 0.0034016242469118 0.0107766206613936 0.9999361446610495 0.0125217874225029
0.9999867352294163 -0.0012572643070338 -0.0049948625281977 1.8501869341131711 0.0012004623888936 0.9999347657373876 -0.0113588361978116 -0.0759985999317140 0.0050088177513447 0.0113526893808526 0.9999230111306349 0.0196660568595067
0.9998398105496390 -0.0171359751443828 -0.0051683262196880 2.1668062585357282 0.0170789779451916 0.9997949706561318 -0.0108777370372782 -0.0516884990130617 0.0053536671926522 0.0107877248090414 0.9999274789908690 0.0255921807956891
0.9993426065250131 -0.0358047034560684 -0.0056901664488781 2.5254878971070354 0.0357661736512362 0.9993374930676120 -0.0067346693823982 -0.0350193968765880 0.0059275295142707 0.0065267265733750 0.9999611323617003 0.0266197843402465
0.9984159747867830 -0.0558853667960552 -0.0065089990496432 2.8609101435826125 0.0558584293176461 0.9984296562082716 -0.0042494091351626 0.0281121814193395 0.0067362574715803 0.0038790955006081 0.9999697872702824 0.0373321931157795
0.9971289150179710 -0.0754127513920829 -0.0068442503285512 3.2136371842859708 0.0753889979055273 0.9971474649020424 -0.0036650012592736 0.0541234200312079 0.0071011146930871 0.0031384975555149 0.9999698615474417 0.0385672456772684
0.9953011649139339 -0.0965921250064679 -0.0067492597891106 3.6013202909234465 0.0965672163533656 0.9953187280111480 -0.0039245886450344 0.0867712629790043 0.0070967490253145 0.0032543904199306 0.9999695220836815 0.0440716322045323
0.9932442565967962 -0.1158908200407241 -0.0059299719869640 3.9816376490825682 0.1158611889670011 0.9932522251277079 -0.0051188055256878 0.1507776170627144 0.0064831804409979 0.0043971705840747 0.9999693161603630 0.0527011273416841
0.9910868668586641 -0.1331053642890428 -0.0054575028866512 4.3926197597717156 0.1330772628768805 0.9910918896489901 -0.0052257417838747 0.2205261988439369 0.0061044611125190 0.0044528945052946 0.9999714532350663 0.0595029366835610
0.9887842501611114 -0.1492647115199163 -0.0050746948878555 4.8259981169984600 0.1492420354635625 0.9887900471340557 -0.0045888494554251 0.3137263780633022 0.0057027610875259 0.0037800242734647 0.9999765946923311 0.0605923212458001
0.9866406308550113 -0.1628312969632039 -0.0051219405801227 5.2118876540886401 0.1628118507529194 0.9866489802460761 -0.0040113630834645 0.3848240739905202 0.0057067329037299 0.0031238611779617 0.9999788371215195 0.0607306725719415
0.9845373373260689 -0.1750719318823813 -0.0060041717051834 5.6690191888013413 0.1750443905962121 0.9845486206029366 -0.0048450995506402 0.4576860127873432 0.0067596399086946 0.0037191848334982 0.9999702370233221 0.0674418013246743
0.9827349694872558 -0.1848766516725008 -0.0072528210544054 6.1024536582046682 0.1848187468481704 0.9827402259817647 -0.0079799154620847 0.5415395396974848 0.0086029390532715 0.0065016846797535 0.9999418570776857 0.0801224845109143
0.9811750058929066 -0.1929058644054979 -0.0091068814103590 6.5512406788353816 0.1928438552494646 0.9812025645786199 -0.0072646236559722 0.6429759477853940 0.0103370839010936 0.0053716610379849 0.9999321426747491 0.0822521275627718
0.9795967355816176 -0.2006529942894929 -0.0113407019403143 7.0295053711585531 0.2005797115259042 0.9796503462768977 -0.0072786237531159 0.7398076121511886 0.0125704002332213 0.0048554013443896 0.9999092009356457 0.0767111579682084
0.9779689957919887 -0.2083121176912633 -0.0135168373738232 7.5093949107401041 0.2082183100253366 0.9780494386096292 -0.0080268926479599 0.8694939544800160 0.0148922342112224 0.0050355991073906 0.9998764244154513 0.0914637789226838
0.9762164656159217 -0.2162935897099583 -0.0147815868815984 8.0209376531745100 0.2161316807809847 0.9762927964809478 -0.0118098307438017 0.9585563837836616 0.0169855474785057 0.0083341820109064 0.9998210002730812 0.1013143770782769
0.9744276950017924 -0.2242159349566221 -0.0147608172206572 8.5282930702162041 0.2239616684265586 0.9744480290194331 -0.0170941456567533 1.0769273196434122 0.0182164290980991 0.0133511516982571 0.9997449216971518 0.1108201926651236
0.9723811981984468 -0.2327895879937648 -0.0168467537480143 9.0307751418912048 0.2324810390185032 0.9724262606532081 -0.0184318769770245 1.2121384012920020 0.0206729747987602 0.0140062598045382 0.9996881777830813 0.1271597416875081
0.9701388385685834 -0.2415798183057497 -0.0216754535860519 9.5691486088640687 0.2413020303562202 0.9703392309497804 -0.0146665273924861 1.3428066140376262 0.0245756799858304 0.0089982368911745 0.9996574751814165 0.1333545142445971
0.9679026663087584 -0.2500246581474767 -0.0255362266326439 10.1030439593893231 0.2498096876950617 0.9682285625851480 -0.0113388944784734 1.4954598222738464 0.0275599072221240 0.0045957493986970 0.9996095890903469 0.1399561132633230
0.9654689679465993 -0.2591332950558283 -0.0268254976773492 10.6796529917758551 0.2588179146023601 0.9658144475560628 -0.0146880894898771 1.6502872404824382 0.0297146262472522 0.0072379752338770 0.9995322169402544 0.1635340892837193
0.9631751855451094 -0.2673763566900312 -0.0283451200969273 11.2378034162108325 0.2670097464417771 0.9635596038034928 -0.0160836943254308 1.8088266704410247 0.0316126122812075 0.0079229919362054 0.9994687933815327 0.1922399366279915
0.9610134028792445 -0.2747333700250753 -0.0312220255768254 11.8081200827029527 0.2743357601886537 0.9614930982057679 -0.0164594284344001 1.9799721172924922 0.0345417163465909 0.0072524132079422 0.9993769420666523 0.2143058395429567
0.9585864578064432 -0.2826439336240058 -0.0349915660644758 12.4143327446151925 0.2822401378171748 0.9592088602127428 -0.0160893472307980 2.1590896669979944 0.0381117765925200 0.0055470059419122 0.9992580863871167 0.2283530616382530
0.9561686611614194 -0.2900839522411701 -0.0399097991090076 12.9832020145808489 0.2896081182547211 0.9569879502604668 -0.0173551403690597 2.3786664282272865 0.0432276445545933 0.0050362395110687 0.9990525546926192 0.2576708956987040
0.9540778871189453 -0.2958449395199799 -0.0470229419652637 13.6070429339675556 0.2952787121393108 0.9552276943469299 -0.0187225561822739 2.5577170775151647 0.0504565899362926 0.0039779030993450 0.9987183330744125 0.2927260546232411
0.9523260473349190 -0.3000116935190206 -0.0553902818127778 14.2299617163069954 0.2994237718228249 0.9539345854160900 -0.0188205104719650 2.7609826376668556 0.0584850787367392 0.0013380952438808 0.9982873860097982 0.3162619587790035
0.9504180428209618 -0.3041990744280355 -0.0645636662334085 14.8444764358785495 0.3036189628571703 0.9526069944304620 -0.0188531046699986 2.9583914801853997 0.0672388970307272 -0.0016844225384852 0.9977354827041098 0.3621618573599870
0.9485366962865194 -0.3078797975601223 -0.0740821574482921 15.4837366677580341 0.3074304566489523 0.9514063070277747 -0.0176791762361367 3.1673824946656488 0.0759252930351412 -0.0060057640737758 0.9970954220511786 0.4022100299025240
0.9464936647237958 -0.3121109910122384 -0.0820760131041779 16.1366003997889749 0.3118031833033417 0.9499969104185308 -0.0168714278337246 3.4099415410675524 0.0832377169294151 -0.0096228625992645 0.9964832577598954 0.4572067329477540
0.9442706132459501 -0.3168586030074999 -0.0891831523341324 16.8096651048359149 0.3167320663354465 0.9483810398644015 -0.0159436940699076 3.6490276018616616 0.0896315073787997 -0.0131920023443012 0.9958876261703186 0.5159820555653674
0.9420658299814431 -0.3213856837669747 -0.0960375668736408 17.4842090542691899 0.3215060014079923 0.9467943078883594 -0.0146434152043341 3.8783505293226814 0.0956340056675394 -0.0170815930122630 0.9952699915802468 0.5789296270772800
0.9397843462989933 -0.3259620822003620 -0.1027331661099677 18.1619723285684742 0.3264167560186236 0.9451388732705341 -0.0128301061251861 4.1144941240424178 0.1012792369721068 -0.0214762939193333 0.9946262036352341 0.6539411487186626
0.9376344010889908 -0.3307120767020363 -0.1071039318508708 18.8501887460520869 0.3316462060784947 0.9433561061264690 -0.0094895219925343 4.3810251712920758 0.1041754476267328 -0.0266229103843403 0.9942025431241047 0.7189821134227692
0.9357020798431017 -0.3354689505429916 -0.1091888318413450 19.5306070665945164 0.3365612797754428 0.9416202404308889 -0.0088220046923076 4.6253475768818797 0.1057739227466289 -0.0284939648427309 0.9939818767132182 0.7997300418262716
0.9336814627678807 -0.3411544025701388 -0.1088696454051466 20.2607099087613385 0.3423219718699276 0.9395454960546656 -0.0083623213569486 4.9141939700498307 0.1051408277441033 -0.0294607272551788 0.9940208608932112 0.8913074875572308
0.9315020239679298 -0.3474335790787153 -0.1076749157055831 20.9863707831777582 0.3486295746583700 0.9372254102366830 -0.0081209654724863 5.1750211129671495 0.1037371631440460 -0.0299739642896186 0.9941529874458912 0.9743816567127752
0.9291225429330482 -0.3543194872880612 -0.1057780749567291 21.7219497536162827 0.3554431859724438 0.9346576719474303 -0.0086705141467198 5.4585570728308976 0.1019384214091269 -0.0295421258161145 0.9943519603454705 1.0580859039083641
0.9265546065332891 -0.3618660579313235 -0.1027108428024313 22.4307280794822539 0.3629665793440545 0.9317640615573980 -0.0084259046598915 5.7637097438793674 0.0987513209593569 -0.0294735424967106 0.9946755686662243 1.1374807435728587
0.9234932479294715 -0.3707344662724474 -0.0985706677788032 23.2086862136484164 0.3720845319716150 0.9281853858290297 -0.0049990599995998 6.0703510064199833 0.0933451771445091 -0.0320600226309808 0.9951174970086504 1.2145541427948583
0.9206125013252903 -0.3789973051916337 -0.0939875792914788 23.9392981441882711 0.3804204950573404 0.9248088234093642 -0.0029811213520265 6.4030045478283011 0.0880503795785141 -0.0330103438586621 0.9955689066329927 1.3003035501806064
0.9174763237926843 -0.3871231758737682 -0.0915032348131420 24.6982076863581597 0.3887792037671579 0.9213309082886754 0.0002969008911976 6.7294825721050513 0.0841898212258239 -0.0358469543109594 0.9958047348092857 1.3700838423944581
0.9137294250033243 -0.3962419043344360 -0.0899493809456972 25.4474116201164797 0.3979341904998161 0.9174134590055527 0.0009619078558226 7.0437487893731818 0.0821396245082148 -0.0366728576045926 0.9959458738308838 1.4456847452785437
0.9097206707256106 -0.4053146020373847 -0.0901574990215544 26.2200794579481844 0.4071096792397885 0.9133777494471533 0.0016720897492676 7.3981600865493489 0.0816701311607961 -0.0382251251159437 0.9959261164795553 1.5201015956842792
0.9060322815363839 -0.4136098266834600 -0.0896237473265480 26.9782082784343906 0.4154361243985090 0.9096203616640790 0.0019037307731241 7.7613729956741171 0.0807361837017408 -0.0389577837792170 0.9959738750209719 1.5918641692129440
0.9023219674483630 -0.4219251461059836 -0.0882849825483348 27.7496431296284918 0.4237496328731812 0.9057768412593628 0.0021359957994465 8.1370805298827200 0.0790652622835055 -0.0393380848752901 0.9960929672366857 1.6597931148753835
0.8986878236790488 -0.4300592418264142 -0.0860769660867809 28.5384441497281287 0.4318452703430491 0.9019445764295078 0.0023756118653007 8.5187112175189750 0.0766149988798137 -0.0393068641471886 0.9962856580206104 1.7327176959397765
0.8950359216334151 -0.4383491643970752 -0.0822235310492640 29.3297336183851662 0.4400427833871062 0.8979725046211026 0.0027802398156035 8.8971300038389742 0.0726157543151053 -0.0386702859685549 0.9966100346717157 1.8066266982678059
0.8917810195172702 -0.4458371713264929 -0.0771740234297117 30.1206929206345571 0.4474564287084731 0.8942959532505935 0.0041823925056683 9.3109309491254333 0.0671517508051534 -0.0382617911656490 0.9970088654072233 1.8637356137717529
0.8880508100096287 -0.4540414976368587 -0.0721947177078814 30.9494483677274204 0.4554261085155852 0.8902682380264204 0.0030861049371609 9.7262133421244812 0.0628714444210773 -0.0356199773303021 0.9973857822785505 1.9353957857670983
0.8845801611702278 -0.4610662225306111 -0.0702557962406438 31.7637656245470339 0.4623705131700073 0.8866829378083811 0.0026222796194629 10.1701228034632098 0.0610855712501563 -0.0348038250893718 0.9975255619502642 2.0013946263132292
0.8814198308843253 -0.4672393772379010 -0.0691841461766047 32.5911024772195930 0.4685023543739186 0.8834592084820143 0.0023175190242713 10.6004210473284779 0.0600385348750497 -0.0344556425955331 0.9976012144255771 2.0640892069373429
0.8784269115782807 -0.4730718640727559 -0.0675956539858258 33.4103040011743531 0.4743184003147985 0.8803490846022710 0.0027467003393055 11.0461189057703120 0.0582083854599491 -0.0344746379628767 0.9977090172988688 2.1136972710754605
0.8756157029779514 -0.4785418201915300 -0.0655352349977122 34.2540004134542500 0.4796433573342629 0.8774626684002217 0.0012309870345198 11.5237369516986057 0.0569156433991969 -0.0325114117155804 0.9978494964896838 2.1750831800361565
0.8728625064710436 -0.4836218585793491 -0.0649687825139390 35.0703147526105212 0.4846735386710199 0.8746949880838396 0.0004886032368190 11.9910181258326709 0.0565915692413531 -0.0319151331701384 0.9978871772728285 2.2347851572253088
0.8711352601825096 -0.4866513103287625 -0.0655275562038580 35.9221128547846007 0.4877048938252808 0.8730085495908042 0.0000942349837176 12.4828954521105615 0.0571602572214550 -0.0320402012580919 0.9978507556231634 2.2929870658417881
0.8694234232374638 -0.4896750873965004 -0.0657359864098780 36.7780641669831354 0.4907124437159612 0.8713214803958252 -0.0004187876994801 12.9748362520573828 0.0574822468972783 -0.0318933626959787 0.9978369629892366 2.3465361774965827
0.8687728174366871 -0.4908756215914239 -0.0653828403356259 37.6650771236802342 0.4919467726402731 0.8706252160741754 0.0003256142114273 13.4649436362307426 0.0567641134163142 -0.0324477620650246 0.9978601997098748 2.4109194239946783
0.8686603712922324 -0.4913219307508547 -0.0634973992356650 38.5464588180917929 0.4923177735118802 0.8704155375908967 0.0000424812342702 13.9722423544743961 0.0552482509292928 -0.0312977999802317 0.9979820030870553 2.4664014993827403
0.8685766164646262 -0.4916782360209292 -0.0618641540329216 39.4430319992552683 0.4925341393330389 0.8702916282967680 -0.0016134769979426 14.4919478811850642 0.0546331668707222 -0.0290687794705551 0.9980832746508520 2.5288582383223117
0.8681152948723581 -0.4925050837194627 -0.0617622645242524 40.3439432740073585 0.4932963158324606 0.8698569361489494 -0.0027668429091064 15.0050204812318881 0.0550870183872752 -0.0280651588993792 0.9980870539492798 2.5909311887661137
0.8668129552847010 -0.4947934750274857 -0.0617634003340804 41.2626908385930378 0.4955175295380282 0.8685884403152274 -0.0040619295033283 15.5213688343139751 0.0556567917790124 -0.0270839144324736 0.9980825532529272 2.6503141941801642
0.8652697696041250 -0.4977965534692511 -0.0592183853491412 42.1677405479318637 0.4983823694762294 0.8669400078706524 -0.0054805609651088 16.0397723538148504 0.0540669918201810 -0.0247712354832803 0.9982300067059436 2.7161425748542798
0.8634585584823085 -0.5013356743184292 -0.0556943393832787 43.1203545900880272 0.5018784051068159 0.8649249476488593 -0.0047855430263299 16.5887055261895213 0.0505705870155051 -0.0238196681400877 0.9984363971423534 2.7774448978982988
0.8608197879318676 -0.5063542338755588 -0.0509380264756146 44.0342552226848412 0.5068135343546064 0.8620444179847926 -0.0044116681938300 17.1189636276444723 0.0461447082548651 -0.0220184299521162 0.9986920719834103 2.8453110198747740
0.8571324441765193 -0.5128632683153967 -0.0479086751312891 44.9194200452962349 0.5131930514567736 0.8582516602253151 -0.0060810901140851 17.6711501951829213 0.0442364677214542 -0.0193740995491341 0.9988332088943523 2.9002743460550557
0.8518008714198839 -0.5216315769980636 -0.0483298388869600 45.8317254305741670 0.5218394710648623 0.8529939543129610 -0.0092130529295696 18.2398934000874853 0.0460308797121144 -0.0173727310475763 0.9987889398310723 2.9549615423432836
0.8458314996710329 -0.5310296669883016 -0.0507598950210207 46.7224304769889258 0.5311528433676292 0.8471889255330748 -0.0121483100304930 18.7916058393630223 0.0494543339529935 -0.0166858392778969 0.9986369969217334 3.0241077653923170
0.8394919532095270 -0.5410158577706208 -0.0505480181329878 47.6319827408655101 0.5411213455848320 0.8408477264337481 -0.0127589303492693 19.3781590418414744 0.0494059697700002 -0.0166415922289965 0.9986401291552276 3.0758898513124833
0.8340925140767335 -0.5496552945651934 -0.0465696802394515 48.5102098743824541 0.5498382255352880 0.8352120537179740 -0.0099373570132992 19.9733027602697852 0.0443576791701261 -0.0173171152521050 0.9988656134926187 3.1270158340323713
0.8290071680021756 -0.5575519486471125 -0.0433928561035127 49.3682406212138432 0.5578470823260453 0.8299212839576116 -0.0061069775231333 20.5698043479883452 0.0394176120703822 -0.0191438500296328 0.9990394210764216 3.1875864737353057
0.8248408538767646 -0.5635331111103149 -0.0454752510513072 50.2686181733298767 0.5639100291047500 0.8258192978053847 -0.0052883312397660 21.1719987367681668 0.0405344896468413 -0.0212819184884967 0.9989514678374115 3.2438428358111318
0.8211699560843073 -0.5685124401975260 -0.0497343801122651 51.1516898418001844 0.5688980462476155 0.8223747206682882 -0.0074048485062730 21.8074693501728234 0.0451100454460287 -0.0222131525544968 0.9987350297518596 3.2903831612806629
0.8178543071485742 -0.5726525625274214 -0.0564214047087034 52.0030834962923336 0.5730868226140896 0.8194364918982729 -0.0097636822735360 22.3979059707721433 0.0518249556161166 -0.0243490939508928 0.9983593018543765 3.3623032699075175
0.8146921945747210 -0.5769389317700372 -0.0584644944139036 52.8706873897156129 0.5773929962179972 0.8163986843450912 -0.0105126646483208 23.0400591129297752 0.0537955018326707 -0.0251924037688456 0.9982341342465296 3.4121469794640809
0.8119403186276852 -0.5811521631539837 -0.0549097645981009 53.7254559919599117 0.5815803513044301 0.8134337836170551 -0.0094749483934042 23.6603322000311813 0.0501718443291542 -0.0242413475674856 0.9984463646609784 3.4778542458324990
0.8088606030010497 -0.5859484673187801 -0.0490807351162436 54.6130528898840950 0.5863177023291218 0.8100415616375841 -0.0080137603684727 24.3047847612672072 0.0444530859252491 -0.0222948887980314 0.9987626650437059 3.5368945106955936
0.8057875527707075 -0.5903448961230261 -0.0468969446903280 55.4752852860005987 0.5907383618634069 0.8068373606482657 -0.0064545553742263 24.9592810140327508 0.0416486208983299 -0.0225028239035423 0.9988788791908824 3.5966164426669813
0.8027198014884214 -0.5944176002064562 -0.0480482763810214 56.3298006089528585 0.5948674840299958 0.8038023074665017 -0.0058759642060049 25.5833190670889650 0.0421140919670857 -0.0238656044617587 0.9988277309834077 3.6509950340818276
0.7989787709294550 -0.5993282273384865 -0.0493821781553319 57.1892372211321032 0.5997724051533521 0.8001407577209914 -0.0069159128277525 26.2334679170915948 0.0436575952226046 -0.0240924002329618 0.9987560115615796 3.7006343896711802
0.7952179455056151 -0.6041394591119583 -0.0514191898977326 58.0409867285083934 0.6045557199011443 0.7965143131496587 -0.0087937752152666 26.8720610730544678 0.0462687873262077 -0.0240927975054348 0.9986384412928055 3.7658490301092593
0.7910281422270445 -0.6096098343457690 -0.0514813371403153 58.8784837169302122 0.6099958645710839 0.7923456029124233 -0.0096690615638003 27.5237433481337916 0.0466853661333682 -0.0237549029522902 0.9986271482263641 3.8174914650313458
0.7864688948618639 -0.6155735976308869 -0.0503569589483464 59.7456625415110452 0.6159294656824879 0.7877383391371185 -0.0099600380310056 28.2161734881249018 0.0457992436492530 -0.0231830747154228 0.9986816180985286 3.8837669282462017
0.7818151231871096 -0.6215165057443038 -0.0498231496727735 60.5802082680768166 0.6218591313391483 0.7830628458077850 -0.0101882425144490 28.8987220200277406 0.0453468182571251 -0.0230176584995973 0.9987060896335574 3.9303809185063487
0.7764269840069460 -0.6282562667798822 -0.0495499925094153 61.4145437070368985 0.6285334220162478 0.7776942034314731 -0.0117244768596238 29.5797574190286490 0.0459007180164195 -0.0220406261456453 0.9987028261122950 3.9955709990613095
0.7707635297821810 -0.6351382515253354 -0.0502293002843235 62.2564842441016637 0.6353907526025888 0.7720842533139440 -0.0128256497599626 30.2911050915458304 0.0469273125677228 -0.0220296898296190 0.9986553560168703 4.0557280245730105
0.7652096548456003 -0.6418007925971256 -0.0504571774158906 63.0917341418973763 0.6419968840954731 0.7665726895767009 -0.0143635791795373 30.9677708864807677 0.0478976507021066 -0.0214022012149330 0.9986229322624103 4.1139155560295713
0.7593988220289773 -0.6486181010822402 -0.0510684643343657 63.9333638729866252 0.6487918476059970 0.7608110344725740 -0.0153527946891907 31.6721932353080078 0.0488115517167629 -0.0214739091280699 0.9985771395569604 4.1732300219736596
0.7533891906890673 -0.6556100307776001 -0.0507958157397480 64.7526705002880476 0.6556670064596564 0.7548388071394971 -0.0178648223180033 32.4121132824299920 0.0500550096704116 -0.0198459764187924 0.9985492642963990 4.2448133472846106
0.7473938472467558 -0.6624490200645486 -0.0506333182125400 65.5761186415212904 0.6624764135187294 0.7488504900030861 -0.0186532880077301 33.1411037507223440 0.0502736375156453 -0.0196020263660969 0.9985430996873838 4.3009407509022797
0.7412379390997075 -0.6694737324840944 -0.0486953709610434 66.3913890239899729 0.6694604011970683 0.7426048396467582 -0.0189953510700085 33.9012497441352281 0.0488783067247494 -0.0185195477004116 0.9986330344449323 4.3630917746383941
0.7348949572743948 -0.6765474707606036 -0.0470417004379692 67.2156787919072656 0.6764769645286239 0.7361968889247357 -0.0198256702201778 34.6506773678570710 0.0480449605557574 -0.0172528416491484 0.9986961606115371 4.4326972383814711
0.7286659766637504 -0.6832596454623502 -0.0469270853061024 68.0051845110998272 0.6831403911364741 0.7299838996033701 -0.0210407299721798 35.4086735978181437 0.0486322984298292 -0.0167261233560088 0.9986766926022212 4.4925604553691061
0.7217867578180297 -0.6904726810724721 -0.0476587130662310 68.8144789587933445 0.6903020731799566 0.7231682635892327 -0.0225989004331627 36.1695407397880331 0.0500691921443794 -0.0165873213608030 0.9986079995514169 4.5675729762803048
0.7158734003694627 -0.6965182749753802 -0.0488627390634587 69.6235713634342659 0.6964019380005297 0.7173093414563574 -0.0221731686628949 36.9690402428443008 0.0504937163671811 -0.0181549245321346 0.9985593539307832 4.6132144346746671
0.7103804542390788 -0.7021784755759304 -0.0480104017161154 70.4350299039990659 0.7020556535615723 0.7117753748107079 -0.0222188009422170 37.7790193927097917 0.0497741854510317 -0.0179221720485812 0.9985996826615495 4.6836191519916923
0.7057122907397222 -0.7068503063423429 -0.0482991420485928 71.2209152569228650 0.7067485710570848 0.7071199414784657 -0.0220872287139004 38.5836217696544779 0.0497656508815349 -0.0185481208543473 0.9985886776872196 4.7410918484736255
0.7007498560036597 -0.7116919436023195 -0.0494390202411322 72.0496463140298147 0.7116167174361399 0.7022173426635074 -0.0221912398936014 39.4006970696640337 0.0505102640684377 -0.0196311251372695 0.9985305864867543 4.8167107412283858
0.6956178568122653 -0.7166267691989804 -0.0506149281471599 72.8258947154270686 0.7164620742249462 0.6971932769608788 -0.0245688981812199 40.2240472775593574 0.0528951177444441 -0.0191731121100018 0.9984159946088698 4.8855642355042912
0.6900117306331786 -0.7219091734585826 -0.0522585578154632 73.6049714506237365 0.7216673362331453 0.6917209003721274 -0.0268039512484610 41.0690407003903317 0.0554983549554617 -0.0192182534253132 0.9982738057930389 4.9511650188051322
0.6851778185005295 -0.7263967732722879 -0.0536571040447011 74.4044149175310281 0.7261654439888942 0.6869772208173450 -0.0273138432756937 41.9197525209157504 0.0567018958348647 -0.0202490952312735 0.9981857888945559 5.0121422899174988
0.6803228949659528 -0.7310536263840066 -0.0521665978950001 75.2034474107783666 0.7308245730515950 0.6820330023493383 -0.0269523121513095 42.7788799049376038 0.0552829269223261 -0.0197883566053627 0.9982746210005340 5.0927277851161987
0.6753707598626670 -0.7357495283797977 -0.0504674965837329 75.9728784112044906 0.7354761311167457 0.6769974476695677 -0.0273736443761999 43.6264877625746905 0.0543065123172851 -0.0186302801319869 0.9983504972614259 5.1643096888068145
0.6703595753509559 -0.7403362967681569 -0.0502016675310456 76.7545619624714135 0.7400321481143538 0.6719862851969900 -0.0280508870520148 44.4809296493733513 0.0545019219160321 -0.0183466671295160 0.9983451008106854 5.2388662161178763
0.6655230782886234 -0.7447433757384396 -0.0493592601134596 77.5216332406103561 0.7443772204567463 0.6671248030489692 -0.0291041375402666 45.3477122176690983 0.0546039003215286 -0.0173724336403249 0.9983569565135955 5.3064975578260825
0.6610490678896106 -0.7487710356892207 -0.0485393238021382 78.3271649292332626 0.7483599970950524 0.6626209578876139 -0.0298459530924112 46.2534148857354168 0.0545109584411265 -0.0165952487475485 0.9983752566689725 5.3792311169659062
0.6573125013419692 -0.7521283864535959 -0.0473620720648301 79.0979006529074127 0.7516601005922885 0.6588360730835442 -0.0306940056272512 47.1395282088082439 0.0542896744985145 -0.0154246262374564 0.9984060857928903 5.4519506285815673
0.6531188093506201 -0.7558914194626690 -0.0454310780759127 79.8673154506828240 0.7552473505227751 0.6545797808896232 -0.0335670966695246 48.0525085357192125 0.0551113454812778 -0.0123883991380694 0.9984033589517010 5.5264831321843824
0.6492119719896920 -0.7592618426392742 -0.0452246585091513 80.6493552899330268 0.7583766545302556 0.6507131835627469 -0.0379104550372642 48.9630293785649968 0.0582122434609145 -0.0096854039486746 0.9982572452337114 5.6076808560810258
0.6443691405092957 -0.7634698244344497 -0.0436146527825451 81.4271389503707752 0.7623463755577465 0.6458130935662432 -0.0418742385287897 49.8593692910749624 0.0601366313762143 -0.0062670053797054 0.9981704815362414 5.6783790220854051
0.6379065994851388 -0.7691405423677238 -0.0387039587069644 82.1935167856600373 0.7677611364049315 0.6390795790707284 -0.0460448590071563 50.7894895174099830 0.0601498774688272 -0.0003430758872008 0.9981892979487511 5.7595736269846709
0.6299042936181416 -0.7758825516736282 -0.0350263742035882 82.9542337410075987 0.7743111158189301 0.6308642230244198 -0.0495240146498502 51.7111382596842120 0.0605217052029572 0.0040740785724766 0.9981585671040005 5.8466794926468628
0.6211823012042471 -0.7830027045663441 -0.0322383825956968 83.7092413153921342 0.7813813312343620 0.6219859749671570 -0.0507608327608137 52.6395553247535020 0.0597976911679057 0.0063412605959380 0.9981903749010217 5.9265075215483627
0.6123030064910766 -0.7901232533278738 -0.0281117909882160 84.4556793200808897 0.7885636811640347 0.6128866044379956 -0.0503719252112763 53.6115456934312178 0.0570293695477603 0.0086749438638265 0.9983348117530233 5.9965330545806719
0.6035472871463494 -0.7968243484943446 -0.0283130680931159 85.2058495702979570 0.7953075576290295 0.6041646708423650 -0.0497085433711843 54.5711904281198841 0.0567147331513616 0.0074838594655545 0.9983623745369562 6.0893160342089141
0.5939987534472788 -0.8038959250357606 -0.0302790788165302 85.9105123679498206 0.8022867982471477 0.5947384643632451 -0.0512059797796089 55.5722218629619178 0.0591724113199680 0.0061237829605472 0.9982289942797858 6.1516873275200208
0.5840082499793033 -0.8112052961252361 -0.0296703807606128 86.6049393307989561 0.8094676005470083 0.5847163422602655 -0.0535630727128788 56.5488607015437168 0.0607994047732432 0.0072640644369531 0.9981235723832371 6.2439602373540302
0.5740781504888384 -0.8182073003088878 -0.0311623306663077 87.3387468159084932 0.8164228759632181 0.5748946794801030 -0.0543120162525529 57.5582354490947310 0.0623535462925937 0.0057377022152816 0.9980376315740935 6.3168141341675570
0.5639046467938456 -0.8254237746760537 -0.0262133844408520 88.0518108322911388 0.8235623147734444 0.5644218563358474 -0.0563301142853644 58.5782077381360224 0.0612916226683099 0.0101764576317911 0.9980680220810373 6.4039376213001944
0.5538317832186870 -0.8322737705971682 -0.0243048693224584 88.7392417095701944 0.8304580330958856 0.5542589893130740 -0.0560038215853434 59.6049278589492104 0.0600817040647369 0.0108325224034906 0.9981346829436673 6.4935808756242546
0.5435621471135827 -0.8390509648316337 -0.0231013125249686 89.4112259283437112 0.8372022864228418 0.5439299106862607 -0.0568558164940240 60.6479087800754328 0.0602704225440427 0.0115641980241151 0.9981150963142585 6.5746433485590305
0.5331647496659230 -0.8456695574456260 -0.0240488944318218 90.0677671993474291 0.8437644263449185 0.5336042048884044 -0.0576900802586050 61.6983444213511660 0.0616193358330346 0.0104667155847905 0.9980448413354797 6.6609992362342867
0.5230880404341314 -0.8519158072051178 -0.0248668331082472 90.7118394851890031 0.8499475430747621 0.5235917171388574 -0.0586590808379966 62.7718020742308553 0.0629926660489647 0.0095483599448101 0.9979683125462491 6.7408127706259888
0.5128378910687988 -0.8580855224555166 -0.0262017868923059 91.3682938300973717 0.8560765132989081 0.5134454354935316 -0.0592181403696703 63.8354345382085313 0.0642674167995814 0.0079385718552316 0.9979011364933944 6.8311534635668414
0.5034103217894890 -0.8636407176177773 -0.0265095980439914 91.9935315924413146 0.8616278077947698 0.5040587390834838 -0.0593490386472100 64.9292937895364730 0.0646186408908659 0.0070355117951240 0.9978852302861276 6.9251509084321823
0.4946276703137777 -0.8687002037697423 -0.0265221366102608 92.6178124869064590 0.8668161681132901 0.4953085617356087 -0.0574383092438788 66.0048735873733108 0.0630333122829305 0.0054207602613786 0.9979967018486741 7.0060857423350065
0.4865134642106418 -0.8733745935306562 -0.0228356851642701 93.2270261689146196 0.8715996974334622 0.4869927084236215 -0.0561432932425821 67.1208833756299583 0.0601549380820696 0.0074108918077790 0.9981615410878921 7.1050330142816893
0.4789787640703609 -0.8775374243644026 -0.0225258165117302 93.8377867012097937 0.8757505755225220 0.4794524291817160 -0.0564472995255150 68.2348133943702351 0.0603346752837970 0.0073100609875782 0.9981514363896676 7.1861460469076066
0.4711807273634142 -0.8817457887184040 -0.0226514069903698 94.4372152070998112 0.8798101367219192 0.4716598751477752 -0.0589159188754859 69.3650343276692638 0.0626326231499341 0.0078311080278942 0.9980059259665816 7.2820896140343443
0.4646137256102074 -0.8852601299843380 -0.0211799016691832 95.0383373076780344 0.8831181012025061 0.4649824400145683 -0.0623999183218924 70.4854184148642844 0.0650884421620559 0.0102875039835622 0.9978264688605454 7.3657377312554164
0.4586814087891919 -0.8883861397202323 -0.0195302837702376 95.6117309194806495 0.8860238134862165 0.4589133813342938 -0.0660326462264484 71.6375957077951995 0.0676251962400443 0.0129836506926518 0.9976263116258446 7.4562167150883463
0.4531980545491129 -0.8911705897428522 -0.0206519570568163 96.2024698191944196 0.8886187029364331 0.4534896971480551 -0.0685849500410761 72.7582270900782930 0.0704863401268001 0.0127308506370368 0.9974315020579541 7.5600463356327072
0.4484423867179930 -0.8936183670704012 -0.0185913912631512 96.7674727167891859 0.8910324049095282 0.4485902675759991 -0.0694839926690754 73.8784396601915461 0.0704320892478180 0.0145940354433961 0.9974098129323093 7.6606479255074671
0.4444496520053717 -0.8957031042435538 -0.0134333867943121 97.3180522495390505 0.8932927794015176 0.4442759966897208 -0.0681678005693818 75.0042447801276353 0.0670262418864123 0.0182972078147667 0.9975834276313773 7.7587857752335001
0.4411402374344708 -0.8973956540156032 -0.0087367654292892 97.8653873793765285 0.8952121998694755 0.4407104434441199 -0.0661016054581237 76.1478471684798421 0.0631696772281835 0.0213388189268988 0.9977746472454049 7.8572793519207140
0.4375230175420700 -0.8991880871082926 -0.0058645650658361 98.4336255273356642 0.8970834277488037 0.4369283559476916 -0.0658402265131607 77.2846522425316067 0.0617651421057096 0.0235456104481753 0.9978129441179264 7.9561011706055744
0.4346425006672523 -0.9005790782721805 -0.0065742217902549 98.9739765376035621 0.8985442915008373 0.4341306576716832 -0.0644106224221623 78.4099046885141178 0.0608609302013713 0.0220883645384088 0.9979018244932926 8.0490267777505426
0.4327667254571222 -0.9015019746228232 -0.0026741518787200 99.5186343559473983 0.8995554255484686 0.4320235072411800 -0.0644649172600390 79.5320440904762904 0.0592705466773623 0.0254927233182482 0.9979163909638853 8.1371659576323818
0.4299298588319801 -0.9028622264804430 0.0003412909184140 100.0591124767250477 0.9010446548574963 0.4290403222585708 -0.0635840532602091 80.6648646528920210 0.0572612123295431 0.0276442013999151 0.9979764284247959 8.2230815604659373
0.4277704987275712 -0.9038854942469492 0.0018476223404824 100.6043212156586009 0.9020795773997814 0.4267848357450736 -0.0640869722820634 81.7832781962687818 0.0571387474188617 0.0290812184751350 0.9979426067041155 8.3174432790781587
0.4260480340993513 -0.9046908991514397 0.0041772757435528 101.1065123759806710 0.9029212758490432 0.4249161567170420 -0.0646485064015733 82.8971546863350994 0.0567119234307392 0.0313151202037916 0.9978993541371836 8.3966956052213018
0.4237811739880641 -0.9057308764165012 0.0078163980895950 101.6422262474708873 0.9041393025209022 0.4224882527959987 -0.0635279299710057 83.9843592623082031 0.0542368713175341 0.0339890534610965 0.9979494506409150 8.4845932104253912
0.4218428920114461 -0.9065875963150654 0.0121451499410994 102.1084111601749811 0.9051405369503902 0.4203165246099896 -0.0636759570712478 85.0673264446819815 0.0526230256501737 0.0378543174215615 0.9978967220228598 8.5587055135126349
0.4202851651017658 -0.9072889990315477 0.0136767039784328 102.6421270130076095 0.9058576238124968 0.4186505887374564 -0.0644488163627399 86.1487121724364329 0.0527479419139595 0.0394760279931176 0.9978272885814098 8.6494314231401148
0.4192600259206734 -0.9077625795167770 0.0137160451312897 103.1280098772680702 0.9062852355832514 0.4175909423424575 -0.0653060229791170 87.2279855423113162 0.0535546676659182 0.0398108540800820 0.9977710125417593 8.7240636256255915
0.4188559859373412 -0.9079406614774105 0.0142624780602889 103.6145901309998294 0.9063988671783542 0.4170940414449590 -0.0668853808309953 88.2936314863047187 0.0547791622996765 0.0409428360897631 0.9976587229863089 8.8041829248848771
0.4192791424500220 -0.9077672071629639 0.0127944638780691 104.0846943630212564 0.9061439048475415 0.4175807945406197 -0.0673015879342742 89.3169024056814607 0.0557514521248033 0.0398117775335116 0.9976506392297847 8.8898240910531854
0.4212342564773282 -0.9068829912739336 0.0111777147948526 104.5377493319231945 0.9051892665740431 0.4196156875734689 -0.0674912321816029 90.3679798261367182 0.0565163060464734 0.0385475664638827 0.9976572519009592 8.9614272260178183
0.4250675109047463 -0.9051268264734569 0.0079397211117258 105.0186773953601858 0.9033512414093843 0.4236465154952940 -0.0669340313504272 91.3840571359151568 0.0572201521963000 0.0356238390236681 0.9977258121727873 9.0470094050277581
0.4296122521072716 -0.9029841113533100 0.0072806237913543 105.4762461132411460 0.9011222688150627 0.4281770407214592 -0.0681401382784622 92.4142666669557968 0.0584120662612805 0.0358345704939652 0.9976491938916208 9.1348398622660056
0.4358897935793101 -0.8999855252094747 0.0051129508908770 105.9819372545888712 0.8981124739515668 0.4346008350112163 -0.0672019221462463 93.4257421650679305 0.0582586644713292 0.0338846369462586 0.9977262948289162 9.2029374974799438
0.4426303728428228 -0.8966961281103343 0.0037956381490361 106.4732901111763965 0.8948587714383098 0.4414440728228519 -0.0659917400095743 94.4191561674464594 0.0574989757903768 0.0326065085758553 0.9978129500971363 9.2782749070919301
0.4506309209347098 -0.8927044233885135 0.0032535457760435 106.9498070755651895 0.8909055798900019 0.4494852722258657 -0.0651938476614068 95.4244678176368808 0.0567364152762105 0.0322769656972416 0.9978673141590442 9.3617067213706555
0.4594743809416939 -0.8881884230590117 0.0021490468103837 107.4460972043012674 0.8863920095397683 0.4583884611823067 -0.0647242155531320 96.4175715394838022 0.0565022006854474 0.0316440167940631 0.9979008755977913 9.4355008051357778
0.4687666958895472 -0.8833212415243842 0.0011700840216177 107.9660522092742809 0.8815340545563691 0.4677332000420733 -0.0642134272236771 97.3821173543224745 0.0561737971140047 0.0311325850231353 0.9979355022583233 9.5073639930205633
0.4783262781852002 -0.8781821906896597 -0.0001074849024550 108.4775701846551357 0.8763223747048020 0.4773212321268692 -0.0649887448149597 98.3497279829783366 0.0571232631178475 0.0309916330063031 0.9978859912306475 9.5889949969723798
0.4888370279552889 -0.8723617785223873 -0.0048257095952079 109.0063082203683535 0.8703348646692396 0.4880644051127552 -0.0656533304799432 99.3085692054844600 0.0596287132262334 0.0278937956397035 0.9978308236989846 9.6680582161186894
0.5001185042290803 -0.8659179408422196 -0.0082220104133847 109.5449692026074331 0.8637934101757149 0.4995172401437616 -0.0659050175340914 100.2964550781735511 0.0611753730244179 0.0258582003768633 0.9977920260297700 9.7440628205451620
0.5120199458781194 -0.8589076178714833 -0.0106432600880494 110.0903598739736253 0.8568638285934379 0.5115910544719222 -0.0637100638243464 101.1858474541826212 0.0601660558052737 0.0235009988434717 0.9979116938798722 9.8171393448404274
0.5250360320914018 -0.8510162328171570 -0.0104180846325522 110.6445256452269206 0.8490604027246497 0.5245936819332633 -0.0624331754819344 102.1239543327873349 0.0585969071775312 0.0239340835921668 0.9979947705834089 9.9034014027773125
0.5369553026234630 -0.8435305292682354 -0.0116296679658568 111.2282808013175668 0.8417089660212964 0.5366190707125278 -0.0597159063146776 103.0436606150321808 0.0566128916758857 0.0222759767479198 0.9981476651057301 9.9681021192622890
0.5489482083222065 -0.8357924822948710 -0.0103339788666878 111.8125009312655749 0.8339873062780023 0.5485051730598948 -0.0600603704092513 103.9600249994995096 0.0558662469385675 0.0243516255291638 0.9981412529231954 10.0586602187827676
0.5600259706024682 -0.8283851325851028 -0.0122059150711906 112.4060080251519480 0.8265735411210677 0.5596775811555328 -0.0594742488012295 104.8534487768939414 0.0560989605014397 0.0232180374677442 0.9981552130639825 10.1261574050315186
0.5714348534340107 -0.8205362470071308 -0.0135083540190374 112.9890479313229861 0.8186439532825004 0.5711120569566537 -0.0604408483787180 105.7165121653567610 0.0573086907445114 0.0234794749982357 0.9980803716229255 10.1973317965443862
0.5823458090878999 -0.8128458812181646 -0.0124471693338228 113.6061280534320872 0.8108880716499475 0.5818944827283155 -0.0621236366142208 106.5580765265436867 0.0577398813090999 0.0260841782889871 0.9979908425178056 10.2640464318990485
