1.0000000000000000 0.0000000000000000 0.0000000000000000 0.0000000000000000 0.0000000000000000 1.0000000000000000 0.0000000000000000 0.0000000000000000 0.0000000000000000 0.0000000000000000 1.0000000000000000 0.0000000000000000
0.9999824676089316 -0.0059131890123470 0.0003141185387739 0.0794445493765021 0.0059131505445903 0.9999825095770258 0.0001232504381293 0.0097166909796311 -0.0003148418478443 -0.0001213908470458 0.9999999430694350 0.0050839256151214
0.9999176278747657 -0.0128339890646260 0.0001618332184501 0.1504614103844705 0.0128339362546678 0.9999175894005828 0.0003232453226543 0.0184922446240664 -0.0001659684086137 -0.0003211417390406 0.9999999346612333 0.0090386120615862
0.9997871933649904 -0.0206291780829259 -0.0000706751587481 0.1878421731542081 0.0206292150403164 0.9997870328015198 0.0005696742517653 0.0205747752916147 0.0000589081956686 -0.0005710109943526 0.9999998352381209 0.0086612840200053
0.9995528774606750 -0.0298936444459280 -0.0006443460446794 0.2823677133445954 0.0298940779281153 0.9995528449716179 0.0006739539840723 0.0455589602394975 0.0006239109813327 -0.0006929147749278 0.9999995653020065 0.0099641937040923
0.9991556224237527 -0.0410652050068779 -0.0013004294469510 0.4711032557925022 0.0410661743181025 0.9991561638967301 0.0007276496723872 0.0564288184367540 0.0012694510146641 -0.0007804389236773 0.9999988897039875 0.0088096083264737
0.9984964221130588 -0.0547775267818294 -0.0020778804311944 0.6099513864940116 0.0547788892030339 0.9984983264327674 0.0006044904006343 0.0677392672314654 0.0020416476439649 -0.0007174054841526 0.9999976584993933 0.0073507578192620
0.9974794755393828 -0.0709312472451203 -0.0018585052944616 0.7428823273130041 0.0709322615453630 0.9974810166084349 0.0004855696278320 0.0829397024942597 0.0018193816911653 -0.0006161737213379 0.9999981550884016 0.0120065259389266
0.9960115373656683 -0.0892078424670079 -0.0017257684837588 0.8816112564795290 0.0892081568601082 0.9960129986764081 0.0001059115278795 0.1021763114127597 0.0017094397036354 -0.0002594417293114 0.9999985052518272 0.0184265023078175
0.9940120255958833 -0.1092547532858871 -0.0018686506385381 1.0529632059806937 0.1092545168519013 0.9940137817752083 -0.0002284478196127 0.1355801730734400 0.0018824234982004 0.0000229213572377 0.9999982279766224 0.0233999026860576
0.9913502882702231 -0.1312280403056195 -0.0019512519294997 1.2386548563886142 0.1312278171229246 0.9913522084472820 -0.0002425280376472 0.1644752462015317 0.0019662043886462 -0.0000156282913300 0.9999980668961609 0.0185677784402747
0.9878739138732652 -0.1552312806971357 -0.0028947852845816 1.4056144233440331 0.1552331439467568 0.9878777692017345 0.0004291123512815 0.2176523800539187 0.0027930823693981 -0.0008732755187282 0.9999957180312055 0.0157276306134587
0.9834943981805796 -0.1807723848332368 -0.0077532979514291 1.5852863727420312 0.1808096699974232 0.9835082314065723 0.0044070387948431 0.2930962437411648 0.0068287614427818 -0.0057361692112823 0.9999602313991978 0.0203546418043391
0.9781814244389286 -0.2075664445452600 -0.0087904483087020 1.7666291550373723 0.2076403591071971 0.9781679218804775 0.0085438793216165 0.3486192921819195 0.0068251119011091 -0.0101827158885853 0.9999248622494941 0.0358958349820260
0.9715475971742334 -0.2366046174154001 -0.0106546441839050 1.9661092212134634 0.2367046260785655 0.9715365207827721 0.0093652964882498 0.4205731414343433 0.0081355035480253 -0.0116208348675348 0.9998993798272912 0.0317091800225838
0.9633886604681809 -0.2678466235493828 -0.0118522206577103 2.1552275673248746 0.2679628391381497 0.9633812885921040 0.0096129928554713 0.4835060666427985 0.0088433999313606 -0.0124370030076545 0.9998835508367170 0.0362985899329556
0.9541377986162215 -0.2991349329404006 -0.0118047933710318 2.3645730157638520 0.2992540362799300 0.9541203486374820 0.0100688671686644 0.6021574691210736 0.0082512436614780 -0.0131397188186004 0.9998796251386499 0.0422186982015530
0.9429878285760803 -0.3326059165162124 -0.0121350507118557 2.5642013278856322 0.3327591304734074 0.9429055041353107 0.0141623217700184 0.6953757886904983 0.0067317340968554 -0.0173929459766332 0.9998260694672365 0.0601222913082810
0.9303810232997582 -0.3663561943021059 -0.0132019082019378 2.7322197765193712 0.3665302396756033 0.9302874096186671 0.0148633410892419 0.7624701514119806 0.0068362919071354 -0.0186674690696938 0.9998023758280896 0.0487368715229324
0.9167732263180595 -0.3991496591113661 -0.0143666675905134 2.9428700671691335 0.3993563123369640 0.9166404746955001 0.0168753058232835 0.9098981397394030 0.0064332964331970 -0.0212082479542340 0.9997543812935827 0.0548548300797973
0.9008198106590409 -0.4338859323128084 -0.0163299254515953 3.1372488762195085 0.4341361621318823 0.9006735750085528 0.0176890929872859 1.0361058879987719 0.0070328837335550 -0.0230240965589924 0.9997101727621023 0.0387877735235260
0.8824400178334162 -0.4701255057852139 -0.0167816487973321 3.3179125900201059 0.4703487158973642 0.8823775900961094 0.0134860650259114 1.1341479007932720 0.0084676076822702 -0.0197938704244336 0.9997682242968917 0.0339448855656804
0.8614101869695031 -0.5076811902766289 -0.0152413524488781 3.5340569529327137 0.5078457001971042 0.8613905741530574 0.0099510578120585 1.2989424912751981 0.0080767924622708 -0.0163121978767810 0.9998343250878868 0.0582167745712209
0.8366778992541737 -0.5475140658767998 -0.0140868934360244 3.7021879870461389 0.5476633363667056 0.8366300408867178 0.0107258885682034 1.4248240732509065 0.0059129433712294 -0.0166889889730941 0.9998432450878211 0.0794483402936561
0.8081971521978717 -0.5887354799306111 -0.0144186632571518 3.9024596450797864 0.5889055367054555 0.8080608445824462 0.0150976915574273 1.6271518238538856 0.0027626105244177 -0.0206931419455028 0.9997820571802205 0.0630580771241700
0.7762036769657490 -0.6302796718508831 -0.0159808359103852 4.0847549512149390 0.6304797203136613 0.7760228201724402 0.0168494760992788 1.8343421718585196 0.0017816110851774 -0.0231542182583649 0.9997303176551090 0.0774939466765130
0.7406167573393667 -0.6717133321358821 -0.0169710983448855 4.2410150250635317 0.6719260193336929 0.7404349483946504 0.0164776132431022 1.9838502436322767 0.0014977618300253 -0.0236069190433980 0.9997201958962212 0.0623539246981512
0.7012163057436456 -0.7128013687321324 -0.0144879706250715 4.4324664948068442 0.7129483913490511 0.7010864962590551 0.0135024455563505 2.2355826167806758 0.0005327588896378 -0.0197973103425858 0.9998038721025063 0.0819481172395796
0.6591285404428084 -0.7519378251407776 -0.0117929765661805 4.5988650854745670 0.7520301733608938 0.6590563658993627 0.0097634482796438 2.4619118531273769 0.0004307302135735 -0.0153040416257562 0.9998827935220209 0.0921278892418210
0.6147142779546728 -0.7886970653174094 -0.0091266444201275 4.7457041100014017 0.7887486456328549 0.6146517883511078 0.0088742937252626 2.6810270504811675 -0.0013894211034033 -0.0126537834852307 0.9999189723535135 0.0887015285017832
0.5672636567754383 -0.8235075058982569 -0.0068797842255409 4.9044425686054502 0.8235294868142292 0.5672053694012428 0.0087893839313197 2.9876786407974514 -0.0033358730866145 -0.0106516032423360 0.9999377057092697 0.0856108099832821
0.5166427742973113 -0.8561802375689945 -0.0059703067490199 5.0576565722553317 0.8561881301386439 0.5165841042146051 0.0090966522680727 3.2531611810144132 -0.0047042083361322 -0.0098114254363925 0.9999408014251826 0.0899563326094735
0.4644152405916725 -0.8856015239234133 -0.0053315223630119 5.1288038861577787 0.8855989022577287 0.4643579444613416 0.0092889038935518 3.5363977346837858 -0.0057505326783697 -0.0090354988886027 0.9999426439220147 0.0800992661425380
0.4099783300116571 -0.9120862828882792 -0.0040474050815646 5.2830524193202395 0.9120624061478642 0.4099218595096136 0.0103071037614269 3.8980540536490595 -0.0077418481398800 -0.0079171752047136 0.9999386891825703 0.0739040071583316
0.3551190526253226 -0.9348119038436951 -0.0041428124046163 5.3538536786921265 0.9347637788060350 0.3550447277658244 0.0126459130929226 4.1974382347263335 -0.0103506663918550 -0.0083633556553645 0.9999114550736112 0.0808130166319360
0.2999249504645687 -0.9539584876245456 -0.0028684452088223 5.4654459036611174 0.9538708416620484 0.2998529337146467 0.0147863305000014 4.5947177196575382 -0.0132454337702329 -0.0071709156883664 0.9998865617921009 0.0782327071567649
0.2462852099695595 -0.9691973433769627 -0.0003239464269706 5.5342585673699665 0.9690788949113578 0.2462498566017545 0.0157195280144414 4.9725584365436672 -0.0151555530295481 -0.0041854169031182 0.9998763881089080 0.0724872689282902
0.1959670701246382 -0.9806096474498081 0.0012754431107361 5.5708958923317731 0.9804726599674434 0.1959611683508103 0.0165101046317643 5.3224513801244964 -0.0164399052044586 -0.0019848997327175 0.9998628854447591 0.0859995471428837
0.1481362845324505 -0.9889665018356455 -0.0009483943733399 5.6115888052707206 0.9888309020185071 0.1480999305247548 0.0167289507091413 5.7709827713109911 -0.0164039147213987 -0.0034159662658377 0.9998596115236797 0.0826393364384537
0.1057088783194615 -0.9943889875368283 -0.0040217545826746 5.6274498547667848 0.9942700539202024 0.1056298525826638 0.0164132300563606 6.1692992960965238 -0.0158963178742619 -0.0057337342846268 0.9998572054894608 0.0644707742184174
0.0672682900964237 -0.9977194884675218 -0.0055497278861397 5.6379914354336718 0.9976237478001009 0.0671767199439511 0.0153018339702398 6.6454952973985462 -0.0148941254454303 -0.0065658685395588 0.9998675184230844 0.0606735257274476
0.0325227422581129 -0.9994544897753626 -0.0057440494324268 5.6466181880210042 0.9993840420385471 0.0324435682037595 0.0133772718034605 7.1190371094037657 -0.0131836169053873 -0.0061755769024286 0.9998940216318999 0.0583144315937269
0.0010854078078716 -0.9999783086199866 -0.0064964743824611 5.6330586424917888 0.9999514971617917 0.0010217386057694 0.0097958855706558 7.5533722839001145 -0.0097890353857014 -0.0065067918156986 0.9999309158369315 0.0688501226907638
-0.0255651437603097 -0.9996478967843556 -0.0071067488438211 5.6026880359184696 0.9996394505682085 -0.0256220151846251 0.0080300190267223 8.0724280276755689 -0.0082092808579910 -0.0068988979187474 0.9999425048048020 0.0509901137987362
-0.0466765991560283 -0.9988788289378771 -0.0078981131242113 5.5635202379654221 0.9988896845990888 -0.0467246813173003 0.0060168228600869 8.5627730407511660 -0.0063791137911471 -0.0076084988987383 0.9999507076110039 0.0545455594908515
-0.0630776367452346 -0.9979781859447221 -0.0077943647026876 5.5353845683550400 0.9979937030020978 -0.0631174749882983 0.0049752506733514 9.1109298550734561 -0.0054571522607830 -0.0074648998374939 0.9999572464658770 0.0462352449198940
-0.0762726447623052 -0.9970522983280260 -0.0083185371168467 5.4837972301288387 0.9970734154278741 -0.0763124993027098 0.0045833063576642 9.6611501859464965 -0.0052046044957794 -0.0079446113168030 0.9999548966043755 0.0542224291573797
-0.0857835228914006 -0.9962826438878141 -0.0078791299169324 5.4245593552551465 0.9962939291240001 -0.0858290755382849 0.0056370721926784 10.2206354570725395 -0.0062923756247245 -0.0073663613915380 0.9999530702632232 0.0439216236897705
-0.0931490627490967 -0.9955968348667192 -0.0104973573977278 5.3677609848907872 0.9956248233391460 -0.0932194744856414 0.0064296755373384 10.7929258657829905 -0.0073799227542982 -0.0098525113545567 0.9999242295094909 0.0441297631013156
-0.0969086145333793 -0.9952390659413203 -0.0103885539643207 5.2907211289194258 0.9952542609174401 -0.0969919630161149 0.0078431649199136 11.3907639550184516 -0.0088134303708169 -0.0095791823518153 0.9999152777663562 0.0381601881397265
-0.0992809767581728 -0.9950172422562439 -0.0091638019796713 5.2465222189739968 0.9950167233564536 -0.0993578359335263 0.0083510885274510 11.9781042419321420 -0.0092199726100456 -0.0082890319933006 0.9999231390730410 0.0439370819520519
-0.0981479457237229 -0.9951372450626933 -0.0082972428701531 5.1888092453517336 0.9951100026072704 -0.0982313763132190 0.0103285729202520 12.6072663367483671 -0.0110933971880289 -0.0072429411597708 0.9999122343196850 0.0342259308946848
-0.0965785139184194 -0.9952972673828027 -0.0074793174578581 5.1244873231387720 0.9952377903032741 -0.0966669720707503 0.0125394283334180 13.2547687974579649 -0.0132034617266005 -0.0062326600259074 0.9998934055925339 0.0409948608273134
-0.0948510873205433 -0.9954587688305572 -0.0080691258796979 5.0590426733989338 0.9954083669931544 -0.0949447878766305 0.0121519617792324 13.9229180765618654 -0.0128628983566284 -0.0068794486271344 0.9998936038561571 0.0250345462038492
-0.0933145204726502 -0.9955760759879434 -0.0109853169917068 4.9968497263909120 0.9955654435453772 -0.0934341484665000 0.0109319494435582 14.5817910628960536 -0.0119099910686710 -0.0099164923631782 0.9998799004340247 0.0261516109595557
-0.0919995786628862 -0.9956789142563980 -0.0126323881769224 4.9175922274606538 0.9956960320495369 -0.0921290722128767 0.0100819548701040 15.2717888543654521 -0.0112022000812199 -0.0116504831829233 0.9998693799466732 0.0278398872586983
-0.0901386135255748 -0.9958288737031366 -0.0141380568265340 4.8458835653026497 0.9958338353263597 -0.0903173750864832 0.0125596248622630 15.9549178643434715 -0.0137841492621174 -0.0129470481821437 0.9998211695960878 0.0059091260975185
-0.0885382026236381 -0.9960108756350750 -0.0111050570834932 4.7798946023171629 0.9959293176774704 -0.0887091634591251 0.0159836950944228 16.6578404596707443 -0.0169050544709226 -0.0096446842889882 0.9998105816594965 0.0083222194300349
-0.0863926109897704 -0.9961929673800886 -0.0116571226648969 4.7146351481199558 0.9960783594163419 -0.0865949886415760 0.0181441407791759 17.3879415029942521 -0.0190845138481295 -0.0100438879234865 0.9997674237774309 0.0055639092072022
-0.0844342855765761 -0.9963473760065873 -0.0127576543283530 4.6356123196966497 0.9962444167398905 -0.0846581833945357 0.0181673910876906 18.1338760124678515 -0.0191810722789198 -0.0111757912080397 0.9997535637131308 0.0085900917791762
-0.0832128233857623 -0.9963949299564013 -0.0165157373843285 4.5619747938284858 0.9963802372200866 -0.0834777780391491 0.0160587499790825 18.8878723003200335 -0.0173795541201171 -0.0151196604070564 0.9997346382754582 0.0028003460939752
-0.0815142990655870 -0.9965292251200544 -0.0168796483811298 4.5020333341381660 0.9965389935523352 -0.0817685725722546 0.0149644535214433 19.6647245844516725 -0.0162927400257155 -0.0156014108695484 0.9997455389254477 -0.0040195424274321
-0.0799802625268888 -0.9966978518813887 -0.0140196170117357 4.4342436904813596 0.9966344969128651 -0.0802128798890580 0.0168989189933677 20.4352969124478143 -0.0179676701152602 -0.0126208539698920 0.9997589093755053 -0.0204059447513260
-0.0789325885831400 -0.9967913405731790 -0.0132917198996197 4.3836868715879413 0.9966861514876160 -0.0791731292736084 0.0186636286351275 21.2064966829841026 -0.0196560904650499 -0.0117745046328783 0.9997374651118563 -0.0293423132951470
-0.0776920615491805 -0.9969271408843399 -0.0100109610135391 4.3005135318748406 0.9967636496304597 -0.0778794084121877 0.0199254741658596 22.0374325591427471 -0.0206438937123071 -0.0084305108708729 0.9997513471553069 -0.0315334643700501
-0.0769033525328762 -0.9969912717703906 -0.0097097056012830 4.2370958468136593 0.9968872738210683 -0.0770576766116999 0.0166696661275885 22.8291034871389513 -0.0173677189867507 -0.0083975287356529 0.9998139046084182 -0.0352834345935666
-0.0767490645270390 -0.9970181634648414 -0.0080226439170438 4.1786469035603151 0.9969938002231360 -0.0768279858583218 0.0100410609789799 23.6660153667374260 -0.0106274837499060 -0.0072278842096949 0.9999174037284263 -0.0317512576557502
-0.0766711447434512 -0.9970347433610839 -0.0065769365685680 4.1086595171942770 0.9970384643119673 -0.0767076993449245 0.0054981400166863 24.4625047833715179 -0.0059863382934124 -0.0061359100471631 0.9999632565058227 -0.0250592144875043
-0.0772171046148109 -0.9969863682453156 -0.0074632625521149 4.0546038786378782 0.9969922658250016 -0.0772630035712665 0.0060704336151965 25.2963412133412895 -0.0066287736449063 -0.0069720737347580 0.9999537237031531 -0.0161392870116257
-0.0770597254482588 -0.9970004743465702 -0.0072008934552136 3.9798376071741668 0.9969425272030962 -0.0771449501277350 0.0124199083609219 26.1562254473483087 -0.0129381670936576 -0.0062218021909757 0.9998969411943178 -0.0413164625972881
-0.0772176773447464 -0.9969764900427067 -0.0086780532152757 3.9062474405373906 0.9968292608292841 -0.0773680919382238 0.0185904035561787 27.0181714339296519 -0.0192055997049207 -0.0072150295885108 0.9997895219935100 -0.0653587915499068
-0.0776526448247306 -0.9969334532063872 -0.0096828007163601 3.8491271628488106 0.9966684603532294 -0.0778676439635930 0.0242612893450124 27.8406919907253361 -0.0249408678447145 -0.0077665887973835 0.9996587583818815 -0.0753571455501715
-0.0777991839931311 -0.9969110223902629 -0.0107564123574792 3.7663036909772107 0.9966280871607465 -0.0780501976513948 0.0253105220983324 28.6899268545915191 -0.0260718785728010 -0.0087510047068563 0.9996217670020525 -0.0683551370068112
-0.0784705567139665 -0.9968475391852928 -0.0117198698468376 3.7109374436748013 0.9966365751258498 -0.0787216466316321 0.0227692659745811 29.5171856846452449 -0.0236200942084680 -0.0098937339680792 0.9996720488128854 -0.0660213394544663
-0.0784855397276125 -0.9968440442342960 -0.0119151805810263 3.6379667496223917 0.9966877812244831 -0.0787173357017099 0.0204217486479868 30.3717219526792483 -0.0212952297823386 -0.0102729029313733 0.9997204512531891 -0.0630491793631238
-0.0787367764095181 -0.9968094125657215 -0.0130963758734590 3.5651262099720462 0.9966418431950034 -0.0790062572707493 0.0215185432809618 31.2058917286786865 -0.0224845821287385 -0.0113580954587271 0.9996826682673089 -0.0784207229340137
-0.0789009242849483 -0.9967871677317343 -0.0137835551411434 3.4869942930022479 0.9966120607753478 -0.0791940043625265 0.0221970716569414 32.0380085465240185 -0.0232173311148398 -0.0119854878238736 0.9996585935295748 -0.1012871760577964
-0.0785326902054806 -0.9968147877887716 -0.0138886793726496 3.4167121869633310 0.9966486219100219 -0.0788243013774970 0.0218690182039317 32.8698964770177255 -0.0228941261887061 -0.0121247003251940 0.9996643689899525 -0.1033029637333997
-0.0778895386407243 -0.9968533090461538 -0.0147207341552249 3.3407608165110760 0.9968000803836994 -0.0781345032773089 0.0168700665279975 33.7055938472744785 -0.0179671788933589 -0.0133596272905312 0.9997493190001542 -0.0996381796347091
-0.0782597658230069 -0.9967994429654135 -0.0163180745546079 3.2773793176490420 0.9968245739990791 -0.0784821738409991 0.0134654023610815 34.5318416308981426 -0.0147029835367763 -0.0152124584808915 0.9997761766425945 -0.0956399011536237
-0.0772292519407232 -0.9968487983689341 -0.0181139679553799 3.1904134048483428 0.9969038650007548 -0.0774772802765618 0.0134147302434361 35.3675317658234292 -0.0147758786958123 -0.0170218750835309 0.9997459323135089 -0.1127280738373108
-0.0767583638131910 -0.9969339818735348 -0.0151917533715094 3.1386376156058651 0.9969070306721117 -0.0769962408015286 0.0157464630614818 36.1815462188938355 -0.0168678920210977 -0.0139360930038502 0.9997606011093619 -0.0993760165564903
-0.0763741032824838 -0.9969532980154331 -0.0158467007275231 3.0712180599482144 0.9968576854713721 -0.0766825072720487 0.0198632322427998 37.0499243697426337 -0.0210178796374820 -0.0142798688587606 0.9996771149130708 -0.1378257324239842
-0.0757881385529375 -0.9969929735199597 -0.0161607180072538 3.0123007709431060 0.9967798055615978 -0.0761778059991918 0.0250391912356071 37.8670545628817834 -0.0261949857656871 -0.0142110036583886 0.9995558364072298 -0.1452603379121130
-0.0753616402758188 -0.9970428662468461 -0.0150381528524066 2.9239665580675060 0.9967015652083125 -0.0757740941029514 0.0290564377406703 38.6824094677883963 -0.0301100163772538 -0.0127988096771264 0.9994646453900259 -0.1405680767920188
-0.0752493173796993 -0.9970725917938027 -0.0135568037338692 2.8662630672956535 0.9967100644863781 -0.0756185681753625 0.0291698388522868 39.5088584086034658 -0.0301095929140468 -0.0113171922621035 0.9994825329008271 -0.1336641314782071
-0.0752094052678820 -0.9970871866196014 -0.0126762627875839 2.8017884068916179 0.9968183007897322 -0.0755134961456014 0.0255144490542019 40.3489785432781360 -0.0263973591467542 -0.0107170041931793 0.9995940802401746 -0.1454713445925820
-0.0749700711127141 -0.9970605317109922 -0.0158045734377410 2.7208743779040332 0.9969348665034909 -0.0752973189555408 0.0212411324503857 41.1826288027128982 -0.0223687368222230 -0.0141636810999789 0.9996494534338906 -0.1521336619789705
-0.0752256618353324 -0.9969991188526188 -0.0182717489184306 2.6566063838431093 0.9969825307931806 -0.0755511494805319 0.0178285474841687 42.0078663583284708 -0.0191554977659453 -0.0168754501946553 0.9996740899343478 -0.1571006900612145
-0.0747721105444472 -0.9969757024560264 -0.0211797119206479 2.5793841640955728 0.9970425025844838 -0.0751216320457004 0.0162169182910942 42.8537474247456416 -0.0177589280306725 -0.0199044997702293 0.9996441523682806 -0.1715747675353312
-0.0757686574216929 -0.9969134789860854 -0.0205578687702498 2.5276715512410104 0.9969993066125709 -0.0760708712716256 0.0143389385251957 43.6712036846788294 -0.0158585360789611 -0.0194097387884651 0.9996858350870016 -0.1828523098547429
-0.0766381559054967 -0.9968767954297493 -0.0190590606567845 2.4647249462222112 0.9969828226639212 -0.0768545441120385 0.0108917566265090 44.4619650099248389 -0.0123225148604159 -0.0181668319484967 0.9997590318894198 -0.1809013400910798
-0.0775806757626378 -0.9968634492892035 -0.0156365667409441 2.3882312431649173 0.9969271176753109 -0.0777371128015942 0.0096572944901200 45.2935308224651294 -0.0108425454487930 -0.0148392979788047 0.9998311029587382 -0.1749264027809498
-0.0792915558086198 -0.9967406416473864 -0.0148641335369908 2.3289763948028788 0.9967524613666322 -0.0794850165434717 0.0129097987840515 46.1364286318760222 -0.0140491970236462 -0.0137922236583142 0.9998061785313941 -0.1766558390171693
-0.0810098618287538 -0.9966287236305600 -0.0129842027482312 2.2745591075544511 0.9965269118404771 -0.0812397605492845 0.0182815558303181 46.9444883504737334 -0.0192747571753404 -0.0114581211555767 0.9997485659881767 -0.1910985660419609
-0.0830454458172281 -0.9964771629331938 -0.0116926336482098 2.1830705555930372 0.9962908831001508 -0.0832838414154067 0.0216397322214279 47.7684351814889965 -0.0225373064171284 -0.0098521830934475 0.9996974563875581 -0.2012587130123913
-0.0844674642009868 -0.9963649607097563 -0.0110504552531216 2.1182816269518110 0.9961724552516290 -0.0846910404070447 0.0216302351516167 48.5662826865322259 -0.0224874829493417 -0.0091811080278223 0.9997049666606566 -0.1928946506520570
-0.0857755925177375 -0.9962597184060562 -0.0104461097886582 2.0392999211819247 0.9961424326908479 -0.0859509085146948 0.0176831874462182 49.3818204001459691 -0.0185148999724702 -0.0088890273362281 0.9997890695901938 -0.1818114395704430
-0.0868173408845214 -0.9961175785336008 -0.0145780334097806 1.9623127136710043 0.9960955546224973 -0.0870320326840983 0.0148010590220355 50.1606202766087250 -0.0160123509529528 -0.0132361256880528 0.9997841815080540 -0.1752280700539788
-0.0881055515903324 -0.9959944644879943 -0.0152459334983700 1.8639700680554119 0.9960006754226349 -0.0883133987553755 0.0135424576030049 50.9588959756343840 -0.0148346330125957 -0.0139917943648237 0.9997920600574072 -0.1735844408742307
-0.0893800655895187 -0.9958646171816758 -0.0162747694548368 1.7823025141242821 0.9958740181922177 -0.0896144351402750 0.0142896082583269 51.7448558551962279 -0.0156889695295882 -0.0149304139287625 0.9997654419787750 -0.1839809176495473
-0.0900416150732701 -0.9957939943404053 -0.0169360086968151 1.7141338886470439 0.9957996375140581 -0.0902995384602345 0.0151352330916946 52.5551744183862013 -0.0166008879843325 -0.0155020704891369 0.9997420148861813 -0.1852606313721264
-0.0910980856882786 -0.9957038769275249 -0.0165809606304344 1.6324621955061924 0.9957012335647099 -0.0913524592698873 0.0152899203091259 53.3609091473974857 -0.0167389444603569 -0.0151168004829237 0.9997456126843031 -0.1861920610288078
-0.0917950133625776 -0.9956333072358512 -0.0169703578149023 1.5553561633832276 0.9956371164910160 -0.0920552934943166 0.0152497608220853 54.1344328702558784 -0.0167453810712029 -0.0154964661222107 0.9997396919951230 -0.1886274412367192
-0.0921847504323940 -0.9955918560983623 -0.0172866381444032 1.4919384294055669 0.9955874706332408 -0.0924623219237208 0.0160096015746974 54.9196545969963381 -0.0175373916482349 -0.0157345192202530 0.9997223938669594 -0.1940188485042854
-0.0924877468173586 -0.9955557601348186 -0.0177410583402380 1.4114928195949363 0.9954862831532136 -0.0928328203499589 0.0197263154104395 55.6694973789199494 -0.0212855994148167 -0.0158365377610078 0.9996480017132511 -0.1969049262034699
-0.0922562964789562 -0.9955705888389060 -0.0181101739069903 1.3440687100899902 0.9954316632611003 -0.0926620282546589 0.0230120033237591 56.4472375880960300 -0.0245881991456640 -0.0159044383329717 0.9995711426927479 -0.2143478808272031
-0.0926802827656494 -0.9955191398758061 -0.0187618583145335 1.2657106900535071 0.9953214635684347 -0.0931457056781231 0.0256721965112822 57.2211077364056706 -0.0273047495221745 -0.0162947738450041 0.9994943376522307 -0.2066569480370188
-0.0932600354159479 -0.9954708657376586 -0.0184477982895727 1.1889300996875944 0.9952647838152050 -0.0937185605656239 0.0257845206040591 57.9652550624496925 -0.0273966401496569 -0.0159557786718203 0.9994972922602072 -0.2074606569391932
-0.0937294176559258 -0.9954291261471759 -0.0183207828367419 1.1157873425503135 0.9952545493814540 -0.0941643528027591 0.0245246120612882 58.7113059860805322 -0.0261376778119283 -0.0159351648597550 0.9995313363369316 -0.2117582266123514
-0.0941970479227463 -0.9953958933508295 -0.0177181168001581 1.0302064832033708 0.9953052720189531 -0.0945561024453518 0.0206533043753732 59.4416930919757149 -0.0222335704266657 -0.0156894547594348 0.9996296861115290 -0.2240696991350356
-0.0939876312709105 -0.9954326082161080 -0.0167405993966630 0.9647869516314840 0.9953764014601760 -0.0942902138382251 0.0183077849706641 60.1241674659145460 -0.0198026408408992 -0.0149424922425270 0.9996922413129494 -0.2156230678811864
-0.0926382257961447 -0.9955659471672530 -0.0163280115847941 0.8879176906083289 0.9955452939755830 -0.0929003006779403 0.0160966386869633 60.8566963273250963 -0.0175421425262959 -0.0147641110439787 0.9997371125754351 -0.2099961016589419
-0.0902815781527777 -0.9957108844693651 -0.0202255085344952 0.8126051437013153 0.9957717589305625 -0.0905958235285318 0.0151987129560776 61.5718193326094223 -0.0169658705222580 -0.0187678264170937 0.9996799127365718 -0.2266986765208661
-0.0863695151525987 -0.9960414446829907 -0.0210177859472979 0.7373746309079536 0.9961095963914698 -0.0867073934251981 0.0157321296152657 62.2305025669441321 -0.0174922505449882 -0.0195772418698169 0.9996553169826298 -0.2267716592214275
-0.0804395028140956 -0.9965438093419294 -0.0207345713555279 0.6722906072159978 0.9965786674111468 -0.0808037255264626 0.0173700202091723 62.8854271990482232 -0.0189854167203158 -0.0192663957013368 0.9996341130376831 -0.2216635041612761
-0.0732611052919607 -0.9971193850227738 -0.0196403274719631 0.6412528320465344 0.9971100744519394 -0.0736290571673115 0.0187152709598502 63.5255969359828327 -0.0201074582642383 -0.0182124669514724 0.9996319303472121 -0.2249936121485987
-0.0644488450233831 -0.9977027116446019 -0.0208721238057013 0.5942726602754593 0.9976852745362993 -0.0648741217083482 0.0203823773392583 64.1802454733628878 -0.0216896138412243 -0.0195101898909007 0.9995743659887640 -0.2301508796161429
-0.0526684069103156 -0.9983636749320336 -0.0222713154019789 0.5419918386950955 0.9983455654002532 -0.0531564575784120 0.0219208362833955 64.8064293329005636 -0.0230688309018549 -0.0210799334420077 0.9995116134627462 -0.2262954441903732
-0.0380951280235176 -0.9989881031968241 -0.0239067122809399 0.5201106244543540 0.9989808470291860 -0.0386526226901018 0.0233075530252985 65.4098410723041184 -0.0242080253164583 -0.0229944434676827 0.9994424581134670 -0.2193471413876950
-0.0193270959424134 -0.9994812951148300 -0.0257605139315002 0.5110781896525667 0.9994928634621165 -0.0199666719146836 0.0248062069037237 65.9795753393819950 -0.0253076915330441 -0.0252680178928552 0.9993603194148918 -0.2422995903086209
0.0026558054981269 -0.9996527537132420 -0.0262167635433656 0.5249900046848686 0.9996628641935115 0.0019768659217404 0.0258891860349643 66.5392246504917466 -0.0258283690848193 -0.0262766815762586 0.9993209851472941 -0.2444773666633916
0.0281622345938817 -0.9992588587971170 -0.0262416016691601 0.5444150468451091 0.9992731974966169 0.0274685535785991 0.0264301972975467 67.0711934878840310 -0.0256897899478915 -0.0269668626240303 0.9993061708068504 -0.2543678875517453
0.0570496871611801 -0.9980476433323524 -0.0254211493357152 0.5761212885615075 0.9980562746268884 0.0563735483527382 0.0265649341052910 67.5997359571848477 -0.0250799894878058 -0.0268872587829019 0.9993238061021227 -0.2434848609558370
0.0916628815427741 -0.9954956175730101 -0.0242155227118226 0.6230337430631604 0.9954895588161923 0.0910107064290648 0.0267878629835495 68.1119867728901909 -0.0244633283757177 -0.0265617527323409 0.9993477967437402 -0.2614665108696801
0.1287412588212792 -0.9914194004293040 -0.0226552583192402 0.7135137577199484 0.9913835026354121 0.1281124828029435 0.0273119470636381 68.5895850242058742 -0.0241751727905690 -0.0259762237914713 0.9993702000850744 -0.2660165679642529
0.1686446494868652 -0.9854552647849445 -0.0209022321077664 0.8073750982923009 0.9853933617508509 0.1680496034143196 0.0275545533378121 69.0232236846441936 -0.0236411678393603 -0.0252438487541910 0.9994017426857263 -0.2590947720911831
0.2140068180029048 -0.9766723429050223 -0.0176696477804848 0.9085603856522789 0.9765279023774526 0.2134537105613803 0.0288230693346698 69.4567951465140396 -0.0243790427737487 -0.0234232374362150 0.9994283437152672 -0.2607126924595961
0.2602430388227435 -0.9654604968594553 -0.0126328836058078 1.0678579484649386 0.9652538376347810 0.2598225312786270 0.0278797627553528 69.8608583255481932 -0.0236345018062974 -0.0194494535620096 0.9995314547729388 -0.2721915110629269
0.3110025806626200 -0.9504016326766702 -0.0037591789941677 1.2212041543012491 0.9501575921715086 0.3108268752338760 0.0242322857193807 70.3214021213616576 -0.0218619500509850 -0.0111081158557215 0.9996992872369691 -0.2468220649882898
0.3609205963157625 -0.9325943657114916 0.0020179688439475 1.4491588041506647 0.9324110316741144 0.3608911130194973 0.0191643563931063 70.7171249007495533 -0.0186008378168288 -0.0050352345257364 0.9998143103825744 -0.2386770329485763
0.4131994199445641 -0.9106076780247500 0.0077392557684193 1.6185374637336454 0.9104832232483550 0.4132710849742919 0.0150768202038012 71.1168285312736685 -0.0169274788660883 0.0008167291747547 0.9998563863939127 -0.2372291453109521
0.4626775846017774 -0.8864883344955756 0.0082392663706098 1.8878573039951241 0.8863718396157814 0.4627504878858758 0.0143856837696284 71.4818691216853210 -0.0165654653783393 0.0006471202706252 0.9998625738531043 -0.2554238380909707
0.5111974520562612 -0.8593922978510956 0.0110473257125997 2.0914337536200431 0.8592940132991155 0.5113096457874327 0.0132757234465607 71.8479940923806737 -0.0170576586753832 0.0027063848477170 0.9998508447571418 -0.2660747122513309
0.5559962030462837 -0.8309527332142671 0.0196412158955322 2.3590477756693331 0.8309642430836236 0.5562378098063725 0.0098957393998845 72.2033163470793227 -0.0191480786131751 0.0108191545672017 0.9997581192367855 -0.2810427316160918
0.5988976281378965 -0.8003073854437980 0.0288048574881795 2.6936093455694659 0.8005622333547190 0.5992356464803823 0.0040927391002975 72.5138484890223367 -0.0205363467273671 0.0206089493024460 0.9995766752339426 -0.2567114286909004
0.6414830540153564 -0.7665646983970903 0.0296319858009803 2.9528339511952195 0.7669008672530196 0.6417655793412602 0.0000312944559580 72.8192623547962370 -0.0190407777597910 0.0227047207460193 0.9995608758040441 -0.2603754107060794
0.6827828483205780 -0.7302469336030192 0.0233879884262453 3.2720610003410617 0.7305125350130260 0.6828837765372376 -0.0046026004695619 73.1226123090043245 -0.0126102429826262 0.0202277953724009 0.9997158686678388 -0.2739952654803259
0.7236139382449223 -0.6900773846029995 0.0132691988137123 3.5655239601017987 0.6901987022605038 0.7235554342064320 -0.0096584174820764 73.3895670689644959 -0.0029359454337919 0.0161473493126798 0.9998653125969438 -0.2739050915054799
0.7627845783290391 -0.6466334691058911 0.0049843450392687 3.9323319752210160 0.6466364036983882 0.7626880352844189 -0.0129739063511437 73.7062278572584830 0.0045878617465155 0.0131193546363222 0.9999034123646749 -0.2688646986077295
0.7995494284401830 -0.6006001220868949 0.0004525816872320 4.3167665288922317 0.6005470255849447 0.7994682538746591 -0.0139205282830555 73.9551849456125865 0.0079988462950903 0.0114019470184038 0.9999030023267942 -0.2826258745262787
0.8337108246048752 -0.5522010789095300 -0.0004789444751643 4.7161104810054360 0.5521394925032763 0.8336301898451509 -0.0142368324061998 74.1902155433934638 0.0082608567887142 0.0116049571256797 0.9998985364601888 -0.2717891539320055
0.8642578726889156 -0.5030321264376930 -0.0041242292374487 5.1723912864587112 0.5029352500007972 0.8642077136237118 -0.0141831597294852 74.4507909392499414 0.0106987757180840 0.0101836871932151 0.9998909084061545 -0.2740590673710754
0.8903966449688752 -0.4551703273920635 -0.0037131778805507 5.6456440888613919 0.4551109044982941 0.8903688106319171 -0.0108372349171728 74.6519547943354382 0.0082388855384450 0.0079595298672097 0.9999343811717734 -0.2591359559380086
0.9118194201919004 -0.4105599180690258 -0.0050890702551077 6.1361685389983958 0.4105274143201678 0.9118260726465293 -0.0063604507390381 74.8770199412541615 0.0072516930784387 0.0037103796519059 0.9999668224647930 -0.2727067987311539
0.9293800993275122 -0.3690399757408185 -0.0078820859675386 6.6345810984586073 0.3690431758351712 0.9294116038546087 -0.0010977203171625 75.0655054127050363 0.0077308048400258 -0.0018886306202680 0.9999683333640649 -0.2606310750653112
0.9430583918011035 -0.3325287831479163 -0.0080918497071126 7.1654642185634829 0.3325640453889345 0.9430743482615205 0.0034538913785810 75.2527721551835924 0.0064826975915208 -0.0059482795222169 0.9999612955523141 -0.2650880749946877
0.9533620133784905 -0.3017681669903707 -0.0060699949079555 7.7350068119063327 0.3017963761114343 0.9533621421944557 0.0044241605309959 75.4381058603521097 0.0044518325346481 -0.0060497290575758 0.9999717905848211 -0.2510879321538768
0.9608136384289544 -0.2771660774714783 -0.0040146865368275 8.3022305434654360 0.2771826128694290 0.9608071600212543 0.0044045856522527 75.5704809866347063 0.0026365378417028 -0.0053447872704425 0.9999822408009269 -0.2404622250105641
0.9666859979759972 -0.2559600029760602 -0.0016303967755034 8.9026005062863476 0.2559651023494410 0.9666714704815433 0.0053041998728167 75.7481956218140482 0.0002183950332124 -0.0055448204250299 0.9999846035165060 -0.2325823367151952
0.9714185282897781 -0.2373670344978109 0.0017128423852070 9.5003145984011201 0.2373451906413682 0.9713894329647191 0.0083564348794219 75.8954625731922050 -0.0036473791596266 -0.0077110607698618 0.9999636174216887 -0.2292739064306841
0.9749781218221355 -0.2222936451107930 0.0017881027760938 10.1242877210879758 0.2222593888858329 0.9749201226806388 0.0114681491298463 76.0421370179637677 -0.0042925540505826 -0.0107837718691140 0.9999326398533042 -0.2298625789325569
0.9781226908750412 -0.2080141343452343 0.0024741681372450 10.7869362069187016 0.2079574357690977 0.9780293702692374 0.0145690013075913 76.2335579971102533 -0.0054503673004831 -0.0137357491008601 0.9998908053847321 -0.2414852032473593
0.9806782502059764 -0.1956042963907016 0.0030213914745998 11.4199741261705672 0.1955431231861715 0.9805916154324990 0.0142467792177650 76.3329576630825528 -0.0057494823716564 -0.0133806941890373 0.9998939446138663 -0.2205660660245351
0.9831523280853061 -0.1827625654655192 0.0030568684800969 12.0906034502839610 0.1827053943728521 0.9830730113841881 0.0136452612684612 76.4215700709295191 -0.0054989678580056 -0.0128568640222178 0.9999022264201689 -0.2227910596319811
0.9859484796009348 -0.1670027032114052 0.0039614003443744 12.7869694558702527 0.1669355084911729 0.9858741485640117 0.0135904083080164 76.5853710174144453 -0.0061750771168168 -0.0127381440276194 0.9998997990345497 -0.2332937490892018
0.9882765235254726 -0.1525894054722906 0.0050976843781179 13.4990699191389005 0.1524877162954384 0.9881681273928274 0.0164696200306684 76.7149038958634435 -0.0075504587547986 -0.0154992045784803 0.9998513715698081 -0.2155349460744394
0.9901406791597624 -0.1400597744851247 0.0021668050720517 14.2185662605236036 0.1400099537443721 0.9900285175765826 0.0155160316322548 76.7938322714540220 -0.0043183707046785 -0.0150596798203141 0.9998772713279198 -0.2260915033168552
0.9916243224142204 -0.1291386509931621 -0.0021004799938432 14.9576965191192937 0.1291554664243849 0.9914581332324008 0.0181558679225865 76.8855448314460403 -0.0002620863175451 -0.0182750886998969 0.9998329622710851 -0.2099906675227035
0.9928480999124996 -0.1190844084422350 -0.0084589695650425 15.6755407879199975 0.1192121218498644 0.9927288840965489 0.0166683137861558 76.9765408870266299 0.0064125271299574 -0.0175575153818422 0.9998252913131493 -0.2010358589633857
0.9937054971180629 -0.1117122371771517 -0.0083523087957341 16.4405975068961148 0.1118405924404324 0.9935820742752017 0.0169216890871029 77.0474444266812242 0.0064083445535160 -0.0177493026303372 0.9998219318339742 -0.1897043778229672
0.9944713795901425 -0.1049770879722079 -0.0025467973916068 17.2271275066904757 0.1050046029982983 0.9943413223081358 0.0161049091794329 77.1468904907793700 0.0008417394183074 -0.0162832966988674 0.9998670640256976 -0.1914760682071215
0.9949216878053082 -0.1005529707000897 0.0044648872352723 18.0193864510898507 0.1004315931285561 0.9946996695663498 0.0220468244029552 77.2252442813373392 -0.0066580955457967 -0.0214864480075577 0.9997469691455542 -0.1947795014804486
0.9954134837852963 -0.0952506513109077 0.0089056006685464 18.7707325144951938 0.0950265884682622 0.9952116365512891 0.0228854966515553 77.3343051642322621 -0.0110428158774506 -0.0219342631002888 0.9996984266866403 -0.1878443174854638
0.9957213074690874 -0.0920020940627334 0.0086424846035798 19.5249688052691042 0.0917990853664778 0.9955451238449082 0.0215135844178630 77.3839747135595246 -0.0105832782222374 -0.0206281622229987 0.9997312004460861 -0.1829284753870165
0.9960373793551334 -0.0885030852179780 0.0087602987538869 20.2740316639534015 0.0882944627869303 0.9958542915997293 0.0218704765281605 77.4671771081624883 -0.0106595857576836 -0.0210103262540295 0.9997224311888645 -0.1638724213910438
0.9962266150550310 -0.0862588391206153 0.0095887501562513 21.1035947360271408 0.0860426649901762 0.9960691930781103 0.0210433457917347 77.5264300770849815 -0.0113662332099735 -0.0201388995301635 0.9997325809776985 -0.1735195794700318
0.9964073067647388 -0.0837621477519201 0.0125052640845877 21.8595605213885342 0.0835090781378603 0.9963152689368182 0.0195478579880319 77.5971408862834267 -0.0140965561185890 -0.0184333254553001 0.9997307135515315 -0.1614034366285604
0.9966254045696860 -0.0807704655990285 0.0146265119979438 22.6200773922464329 0.0805130228416185 0.9966015025813822 0.0174097158344448 77.6596903483577989 -0.0159829946885703 -0.0161733403923632 0.9997414500466297 -0.1660205698587313
0.9968810426152128 -0.0781102281346672 0.0112685019038232 23.3808716097611935 0.0779194438421444 0.9968234594726413 0.0164788020294641 77.7086945705718790 -0.0125198700367505 -0.0155493699469018 0.9998007151170264 -0.1750203712526497
