1.0000000000000000 0.0000000000000000 -0.0000000000000004 0.0000000000000000 -0.0000000000000000 1.0000000000000000 -0.0000000000000001 -0.0000000000000000 0.0000000000000004 0.0000000000000001 1.0000000000000000 0.0000000000000002
0.9999961531431178 -0.0026994455484915 -0.0006377246246063 0.6940656798503132 0.0026984485335812 0.9999951437555369 -0.0015591154077993 0.0181767550648911 0.0006419302748068 0.0015573885430274 0.9999985812322177 0.0140447591978814
0.9999763035240470 -0.0067252822841478 -0.0014707034308996 1.4187090907799695 0.0067239877068091 0.9999770035115181 -0.0008834237058280 0.0206459620250590 0.0014766108836833 0.0008735137800097 0.9999985282959042 0.0163572771056333
0.9999399034096552 -0.0107072923699312 -0.0023544551798898 2.1344961966088181 0.0107053226910895 0.9999423371637148 -0.0008475928546085 0.0249653025393777 0.0023633948398312 0.0008223367147055 0.9999968690586779 0.0165299222938724
0.9998777164200505 -0.0153787563919098 -0.0028365575022109 2.8606919513537528 0.0153791570521730 0.9998817266310013 0.0001194896318948 0.0487083258551386 0.0028343844110584 -0.0001630988835888 0.9999959698237612 0.0137609410603186
0.9997956576461361 -0.0199901735237876 -0.0030059797768868 3.6069774740287812 0.0199883077939823 0.9998000028886312 -0.0006494423961762 0.0652794903495888 0.0030183610558079 0.0005892252385853 0.9999952711438964 0.0183794348395364
0.9996911697844999 -0.0245509060577476 -0.0038494241961434 4.3612242977331439 0.0245525745464509 0.9996984652823969 0.0003867753368370 0.0877718666821627 0.0038387677761454 -0.0004811691634631 0.9999925161410944 0.0266680101703939
0.9995572531722907 -0.0293673153510131 -0.0047810479749926 5.1555985005184715 0.0293842587269365 0.9995620160376569 0.0035130376888489 0.1186381061240126 0.0046757854670079 -0.0036519698532396 0.9999823999183474 0.0332758179319306
0.9994113045578765 -0.0340317419506289 -0.0043456716085391 5.9401477007363956 0.0340514382947041 0.9994097615166180 0.0045418207096647 0.1596113359415194 0.0041885405555422 -0.0046871233291412 0.9999802433062925 0.0361837191877827
0.9992704138657367 -0.0381246107748989 -0.0022702479736481 6.7515031317872838 0.0381380062263926 0.9992533552388146 0.0061825985675145 0.1941227368346059 0.0020328437409280 -0.0062646705606804 0.9999783104893282 0.0587861545043725
0.9991313480791757 -0.0416658132458829 0.0007136470053704 7.5479125835363385 0.0416623995219688 0.9991226215556992 0.0042698432920876 0.2293397657333508 -0.0008909273600684 -0.0042364020378549 0.9999906295292035 0.0418225472086538
0.9990276275919051 -0.0440851394860434 0.0005475258769260 8.3651164319331865 0.0440823146222532 0.9990182249780019 0.0043972376950835 0.2629434767859624 -0.0007408411668371 -0.0043688257345064 0.9999901822098390 0.0533641452396714
0.9989229815808079 -0.0463990293343974 -0.0000833458727521 9.1925368135406860 0.0463990058227608 0.9989155534422458 0.0038534854133985 0.3061163429353601 -0.0000955424941286 -0.0038532023042653 0.9999925718242282 0.0491216316816184
0.9988304537629202 -0.0483493142203218 -0.0002616298595629 10.0223101946316113 0.0483498767245298 0.9988260963643983 0.0029527346952133 0.3424917203436180 0.0001185600337315 -0.0029619311069188 0.9999956064441665 0.0667274147015575
0.9987206561180365 -0.0505669274259866 0.0001920777282468 10.8678037074680027 0.0505662910934796 0.9987175804463586 0.0024989422603636 0.3909851246431179 -0.0003181952359338 -0.0024860325955523 0.9999968591919305 0.0658354126300087
0.9986526374460194 -0.0518925283193723 0.0002742749213350 11.7393975317793551 0.0518926468684239 0.9986525700750010 -0.0004443912513556 0.4419693122877575 -0.0002508447695024 0.0004580253468619 0.9999998636448323 0.0715558399310661
0.9985650453882726 -0.0535240506596179 -0.0017395774497263 12.6022899122238012 0.0535264782532660 0.9985654766067816 0.0013802372527070 0.5040398353336134 0.0016632060965441 -0.0014713701294286 0.9999975344046718 0.0740021912656122
0.9984774285758653 -0.0549986861730758 -0.0042390026849854 13.4637846518861650 0.0550140379652898 0.9984791121252721 0.0035942003675407 0.5603641633887347 0.0040348793391434 -0.0038219325954152 0.9999845561707214 0.0873214991657566
0.9983852479176145 -0.0564884523481707 -0.0059959562866952 14.3578059244196954 0.0565290005586170 0.9983776410544055 0.0068233377817907 0.6044018005589012 0.0056007889022339 -0.0071512651991788 0.9999587444338509 0.0922499981700116
0.9983073631090481 -0.0578481103807853 -0.0060004072888217 15.2401799273403693 0.0578916272545997 0.9982958055728217 0.0073514671682209 0.6844791336313947 0.0055649129439513 -0.0076863971458296 0.9999549745077739 0.1021612195992100
0.9982309730618908 -0.0592560890578354 -0.0048621321948914 16.1338035964382165 0.0592908733210482 0.9982136724695327 0.0073523081896606 0.7226898342188900 0.0044177778054277 -0.0076275818224533 0.9999611508627740 0.1162414211109972
0.9981823786158910 -0.0601458672166054 -0.0037965349313012 17.0362288581383936 0.0601712776513185 0.9981636828300103 0.0069770785461075 0.7883698503664870 0.0033699208492264 -0.0071928392164078 0.9999684528511271 0.1292744454284050
0.9981015598689439 -0.0614998119251607 -0.0033240517972690 17.9443944032769878 0.0615223183174444 0.9980800566491057 0.0071557576932822 0.8566188701607104 0.0028775920538040 -0.0073466762884844 0.9999688724212790 0.1370041804123468
0.9980112906441002 -0.0629091168732879 -0.0039883281109089 18.8567051964645636 0.0629347961160742 0.9979952981380711 0.0066780485271294 0.9161895325607343 0.0035602225668403 -0.0069157724460484 0.9999697479957826 0.1361789622361811
0.9979285195102023 -0.0641979625265138 -0.0041583116309510 19.7707483858403741 0.0642258995930019 0.9979110114127860 0.0069747489259558 0.9669560442911461 0.0037018602952315 -0.0072273721749203 0.9999670301173933 0.1447453406727308
0.9978827573346879 -0.0649648490122881 -0.0030937044026607 20.7106830325013540 0.0649842135433660 0.9978642331529587 0.0066350722835484 1.0238177676044440 0.0026560505022766 -0.0068220661729648 0.9999732020453653 0.1619419746179939
0.9979151952660418 -0.0645378929675571 0.0003513238474907 21.6440468677757565 0.0645339919328331 0.9978920914034346 0.0068365049325176 1.1048287116972921 -0.0007917969125394 -0.0067995798243308 0.9999765691114276 0.1548327862748022
0.9979512690380494 -0.0638320485972882 0.0043283018864277 22.5602112622442448 0.0638023714610257 0.9979402010689760 0.0066792579199495 1.1560839662626874 -0.0047457371709689 -0.0063894179926927 0.9999683261565931 0.1576501803941476
0.9980179350308329 -0.0625513436263708 0.0068942561112712 23.5103664610524454 0.0625054284533221 0.9980222306897256 0.0066856909120017 1.2126087665657050 -0.0072988198127335 -0.0062415110061484 0.9999538843215228 0.1669686623214621
0.9981170350510470 -0.0608660044694167 0.0075969626059295 24.4652499782524941 0.0608290184235861 0.9981356353607664 0.0050083870239924 1.2683530923712283 -0.0078876396044683 -0.0045368406284561 0.9999586002523214 0.1650108739713357
0.9982195062911752 -0.0593594652401203 0.0058541563191759 25.3924673596392836 0.0593254669806792 0.9982217286937011 0.0058197363585898 1.3416479280947426 -0.0061892024790553 -0.0054620737972033 0.9999659291808433 0.1673781895679334
0.9983004473716007 -0.0582743779468780 0.0005600469321748 26.3683056521856081 0.0582662329383405 0.9982540458176481 0.0096905163883037 1.3995965265911887 -0.0011237779304037 -0.0096414150206989 0.9999528890100582 0.1815308168945052
0.9983655038839858 -0.0570971879409320 -0.0024963540840369 27.3123414006003777 0.0571191651460932 0.9983186726603911 0.0098604660441730 1.4565977612526733 0.0019291520127568 -0.0099869388119109 0.9999482683747589 0.1929795979906804
0.9984117482898263 -0.0563208069690148 -0.0013955569538889 28.2939389167472797 0.0563294528077007 0.9983861369459197 0.0072190235204146 1.5291463841661774 0.0009867234858832 -0.0072861688535370 0.9999729686947544 0.1989793038008045
0.9983989066669882 -0.0564522452089573 0.0035731186700612 29.2578968182879962 0.0564406859032756 0.9984006405467665 0.0032572888380154 1.5618206415033875 -0.0037512852371387 -0.0030504043460211 0.9999883113778858 0.1926098308987885
0.9983274927413893 -0.0572977024727486 0.0076935380700701 30.2289014963328384 0.0573132191269947 0.9983546029050584 -0.0018115660584834 1.6273997254811450 -0.0075770805718510 0.0022494776343729 0.9999687633623263 0.1862749318618364
0.9982741923193247 -0.0581893490777691 0.0079143289737962 31.2257195913130836 0.0582743238767985 0.9982403658257581 -0.0109670056423173 1.6722961641397278 -0.0072622397304091 0.0114092808696323 0.9999085399095939 0.1908519740905563
0.9982246635134070 -0.0594176737455776 0.0041305205736595 32.2045002824543900 0.0594581042282958 0.9981758628825783 -0.0104728506242246 1.7291394927426227 -0.0035007135161905 0.0106998507131786 0.9999366270917339 0.2087190007023955
0.9981425797913003 -0.0609209980975693 0.0001496608288398 33.1861312841783302 0.0609201467493372 0.9981082862748982 -0.0082815813360185 1.8019585562819957 0.0003551444874207 0.0082753163191406 0.9999656959177206 0.2244155159120870
0.9980130530412858 -0.0629945720536878 -0.0012766561731048 34.1654893389317635 0.0629848204947591 0.9979925766933895 -0.0066128097002787 1.8673082360298514 0.0016906645008899 0.0065192604382597 0.9999773201912550 0.2150315241992698
0.9979598720248731 -0.0638411851955986 0.0006300007302478 35.1815639972958607 0.0638442650679956 0.9979015047380022 -0.0107933618283906 1.9259966385515199 0.0000603823346691 0.0108115639225938 0.9999415515116478 0.2388693712676841
0.9978790511589448 -0.0650060804446641 0.0034071635337750 36.2045166505745328 0.0650377240342717 0.9978307926732959 -0.0101884074037037 1.9920123013349873 -0.0027374642583861 0.0103883924744779 0.9999422921305160 0.2184484892499227
0.9978047626184119 -0.0660895856743004 0.0042216538718934 37.2241670880677233 0.0661114874787253 0.9977982831115949 -0.0052780150533895 2.0802627930196755 -0.0038635371572054 0.0055455283745349 0.9999771598370045 0.2432991956950905
0.9977116700424589 -0.0672950677324796 0.0065419660629345 38.2084774860127538 0.0673448759594851 0.9976999111626326 -0.0077171852431202 2.1596910180376176 -0.0060075904561789 0.0081400936699799 0.9999488225564120 0.2346039032480302
0.9976823175516254 -0.0672720851809895 0.0102205577254608 39.1977866109772322 0.0673393155523017 0.9977097183580762 -0.0063823565237172 2.2154835909149662 -0.0097677953380130 0.0070558096098182 0.9999274002271288 0.2475111374603965
0.9976307262734181 -0.0677758967961410 0.0118051602552129 40.1990534708141496 0.0678062156843478 0.9976961135924329 -0.0021867869404636 2.2974991313929691 -0.0116297510609697 0.0029820690860732 0.9999279254797446 0.2369937187557311
0.9976275990563145 -0.0678508527717562 0.0116376706981622 41.2095752268038353 0.0678706524212861 0.9976932628401578 -0.0013144669143352 2.3651867650785596 -0.0115216379496309 0.0021012047747355 0.9999314160468468 0.2531713324528972
0.9976505036277094 -0.0677426074290601 0.0102182067942503 42.2025965264193346 0.0677578808917624 0.9977011246442056 -0.0011556213675024 2.4285655871112319 -0.0101164316058353 0.0018452702781839 0.9999471249966995 0.2489547194889085
0.9976615207911692 -0.0679454500481858 0.0074098414558499 43.2052017332190417 0.0679250771515894 0.9976860114161791 0.0029675778720108 2.5131693170212985 -0.0075943285813800 -0.0024573242002869 0.9999681433581635 0.2664610008189881
0.9976166696490820 -0.0685957408742182 0.0074568607464141 44.1679553150057913 0.0685754824018133 0.9976415999130220 0.0029396149993189 2.5879627253651960 -0.0076409195541444 -0.0024212511027825 0.9999678764297703 0.2572809057378925
0.9975128455064707 -0.0699262613738988 0.0088566935056589 45.1859320516481446 0.0699232311290512 0.9975521625567022 0.0006517107640434 2.6519513288054419 -0.0088805854568987 -0.0000308012316527 0.9999605663491070 0.2658592319387829
0.9974598191969765 -0.0705884861456840 0.0095485449779375 46.1894733749509996 0.0705924727471717 0.9975052362164035 -0.0000806988032469 2.7347922952906849 -0.0095190272073856 0.0007545492148262 0.9999544083489544 0.2539225624769431
0.9974594940169325 -0.0708496082768805 0.0074088327351647 47.1529924361279811 0.0708410790363868 0.9974866213916520 0.0014077164585227 2.8143669029691747 -0.0074899476931065 -0.0008792904410782 0.9999715633616162 0.2682928097326987
0.9974150119392390 -0.0718300353542896 0.0019339025955767 48.1552598629382373 0.0718227973644489 0.9974109724991419 0.0035829760062412 2.8837699167822852 -0.0021862609617747 -0.0034348157617984 0.9999917111174920 0.2691346042154778
0.9973893418443724 -0.0722038603491806 0.0010503932242485 49.1339924443821019 0.0721994379317200 0.9973830914963900 0.0037696099861128 2.9784113513042101 -0.0013198248342960 -0.0036839310226610 0.9999923433280012 0.2803460493314777
0.9973585260710913 -0.0724951370849143 0.0045194659352259 50.0878150673244633 0.0724798809191445 0.9973638976418480 0.0034529035040013 3.0369517292851773 -0.0047578708732800 -0.0031162123966131 0.9999838258117240 0.2819799569851551
0.9973428629672391 -0.0724115241551211 0.0079865422958392 51.0672531254460154 0.0724054027868774 0.9973747280403006 0.0010533346128327 3.1077434612201795 -0.0080418490150556 -0.0004722669466204 0.9999675522877480 0.2937140812716144
0.9973019950706687 -0.0729420756102912 0.0082573745056431 52.0265943730112355 0.0729359961208427 0.9973360859814780 0.0010354076521630 3.1722691595084722 -0.0083109023531929 -0.0004303542823017 0.9999653712490585 0.2940929961108206
0.9973082619507638 -0.0729189008398716 0.0076853461243876 52.9826538881155358 0.0729302314334969 0.9973363180881445 -0.0012041451075723 3.2406231990762451 -0.0075770698692338 0.0017613979358676 0.9999697422869895 0.3049593753772876
0.9972998340803718 -0.0731407905413599 0.0065928523605367 53.9333714641622990 0.0731680624829452 0.9973116251704754 -0.0039946129120384 3.3216237936287039 -0.0062829591559027 0.0044662130278478 0.9999702882413233 0.3096137749622535
0.9972229435417908 -0.0740787975932120 0.0076637210929438 54.8921761598774154 0.0741197363633209 0.9972357761931399 -0.0052030146931957 3.3861831816621146 -0.0072571037803178 0.0057565986146108 0.9999570970882261 0.3126859797173450
0.9971188491734847 -0.0748958164915399 0.0120256931197752 55.8453653012640601 0.0750010956358008 0.9971467486992783 -0.0085555369140588 3.4543433969841844 -0.0113506068725372 0.0094328272815706 0.9998910868155098 0.3118670867584438
0.9969729329199979 -0.0758119275633155 0.0172488452956151 56.8241622310521137 0.0760197797362373 0.9970373017057380 -0.0117308182235951 3.5184621561048490 -0.0163084062296542 0.0130065616700060 0.9997824089469532 0.3191682851399044
0.9968825768075775 -0.0764437059256422 0.0195317147695310 57.7664806092284522 0.0766511459628386 0.9970068024510352 -0.0101013706468986 3.5915056450101126 -0.0187010662815783 0.0115670087194725 0.9997582079829180 0.2989836188161260
0.9968524375766763 -0.0776509034434205 0.0159860843191626 58.7057845645240945 0.0778095033220626 0.9969225083420312 -0.0095495316014273 3.6690816329267544 -0.0151953575217145 0.0107633431355370 0.9998266107452501 0.3035103092249873
0.9968139475851525 -0.0793463974897963 0.0081303816082678 59.6177854443039834 0.0794071217543509 0.9968145073773953 -0.0074395494924320 3.7741211755163571 -0.0075141808864642 0.0080614569000833 0.9999392731552520 0.3066268730397917
0.9967804239937474 -0.0801267229249877 0.0029145524780659 60.5444565229450831 0.0801423924335718 0.9967669607857846 -0.0057291204293112 3.8452078071106013 -0.0024460739703691 0.0059442542991055 0.9999793410680838 0.3195249820264087
0.9966665942140225 -0.0815336954319986 0.0028207245564211 61.4508834199828087 0.0815382105327864 0.9966690506817903 -0.0015243477850532 3.9336765536848652 -0.0026870431578440 0.0017492633480632 0.9999948599251933 0.3097806970275504
0.9966037601781883 -0.0821818841972966 0.0052041433952359 62.3357597787348752 0.0821700098670014 0.9966153001997206 0.0024561934528369 4.0039866787858616 -0.0053883835380326 -0.0020202271166864 0.9999834418655361 0.3251749295311718
0.9965326130955113 -0.0829364773234024 0.0066552059484780 63.2300959450161315 0.0829207312901859 0.9965527322208567 0.0026084910286013 4.1069806530148414 -0.0068486027284901 -0.0020475918368337 0.9999744516778102 0.3290082549422575
0.9964259016225625 -0.0842100178965959 0.0066404413647324 64.0858442576934948 0.0841835924145456 0.9964415613558717 0.0041638408776430 4.1821563605412457 -0.0069674488763910 -0.0035899426914170 0.9999692830120469 0.3458372835706530
0.9963211605328212 -0.0854165316833184 0.0069398263469031 64.9407229257298440 0.0853918972860801 0.9963403003738189 0.0037722312882069 4.2673348352216056 -0.0072366395803615 -0.0031657489162665 0.9999688040540980 0.3407945014410622
0.9961608277136990 -0.0872439520819360 0.0072179050896438 65.7996710600860268 0.0872167393401364 0.9961813156553248 0.0040033383695202 4.3370916682932465 -0.0075396092493549 -0.0033584467170139 0.9999659369838635 0.3462406353091986
0.9960405706619035 -0.0885810050666183 0.0075224422162851 66.6330894268546814 0.0885394457516123 0.9960564221855037 0.0056894963758651 4.4182277473235878 -0.0079967581873472 -0.0050009363524671 0.9999555202578221 0.3602265828971574
0.9958955850518677 -0.0901413008957263 0.0081565646582506 67.4238898642955462 0.0900828140411506 0.9959077066609792 0.0072750551679459 4.4862879996536869 -0.0087789685399572 -0.0065104290254423 0.9999402702288168 0.3646497886989332
0.9957764465801895 -0.0911313253683497 0.0111512318933346 68.2379371687519125 0.0910393338349813 0.9958110437182865 0.0084973468553244 4.5717512169506067 -0.0118788943514865 -0.0074462571339457 0.9999017177321387 0.3461338161320999
0.9955817209300255 -0.0926671460708742 0.0151603756249009 69.0219731814804618 0.0925200961432758 0.9956592780914495 0.0101308321500542 4.6506927551878281 -0.0160333639529526 -0.0086834318960202 0.9998337508060324 0.3604348729761627
0.9954346422315405 -0.0939707213390397 0.0167145618065640 69.7806680609098464 0.0937726538569565 0.9955180855387509 0.0122650215606742 4.7302841115599570 -0.0177922014935852 -0.0106416585305542 0.9997850732381088 0.3624140470580883
0.9953537891401621 -0.0953484026598626 0.0133983788024682 70.5662580324994053 0.0951487709759233 0.9953527005470770 0.0148227155208505 4.8115101877108364 -0.0147494347719841 -0.0134790067829005 0.9998003653480296 0.3684244301402196
0.9952649625506551 -0.0970424950988007 0.0055143870051389 71.2755845680605802 0.0969568016466825 0.9951884320558668 0.0141196075239757 4.9023735388722933 -0.0068580561013358 -0.0135180933265193 0.9998851075095211 0.3659163184490661
0.9951689015942170 -0.0981776418231315 0.0000891392646413 71.9791366863208708 0.0981652229793012 0.9950566631497534 0.0150275120596288 4.9648284310642206 -0.0015640643157126 -0.0149461622942849 0.9998870765918966 0.3845768589526474
0.9951162975660868 -0.0987013065323470 -0.0012674411904128 72.6743168814515457 0.0987088693779089 0.9949846617644811 0.0161889455974187 5.0355360213017573 -0.0003367855376970 -0.0162349912913107 0.9998681471240459 0.3744889207937112
0.9950615997463996 -0.0992554087467153 0.0008812177134540 73.3548474279838558 0.0992238661419575 0.9949042403179789 0.0178934900214636 5.1113546411451400 -0.0026527529057443 -0.0177176869773622 0.9998395103566339 0.3879633811701945
0.9949090444319794 -0.1006872319257982 0.0042514273563336 74.0131804568828358 0.1005951178854663 0.9947628861612636 0.0180948217377783 5.1735052551271936 -0.0060510796602590 -0.0175750289682082 0.9998272364722377 0.4069855819969043
0.9948400617726414 -0.1014488518479829 0.0011755640914426 74.6384426562340764 0.1014190113457179 0.9947253346843579 0.0153522856522858 5.2387100086444489 -0.0027268351369699 -0.0151538442587436 0.9998814556607786 0.4153350961204958
0.9948541246784350 -0.1012774258322012 -0.0028554556742876 75.2273108010549549 0.1013008371911626 0.9948074505919606 0.0098120655874955 5.2961135061350140 0.0018468878348181 -0.0100508339717028 0.9999477835076184 0.4288653451707208
0.9949353270555298 -0.1002376303677170 -0.0074908233973910 75.8293291934303397 0.1002882209917927 0.9949357780562895 0.0067134397909776 5.3592414489352294 0.0067799489089016 -0.0074306797663920 0.9999494073656937 0.4372320271704304
0.9952298657687337 -0.0972307506219805 -0.0079809407612491 76.4189097608178827 0.0972935092261164 0.9952244405803039 0.0078921438208286 5.4336518172495234 0.0071754682367029 -0.0086309909690184 0.9999370073412008 0.4451797327389685
0.9956271558324755 -0.0932068064389341 -0.0062496241799555 76.9754920741522142 0.0932795853385158 0.9955603386584471 0.0125909113789586 5.4968513278831477 0.0050483193252962 -0.0131188156375992 0.9999012006934768 0.4481340297219462
0.9960724922946305 -0.0885022247792730 -0.0026355840116138 77.5375606381613522 0.0885260084353016 0.9960134381947355 0.0109716346099711 5.5449571333320078 0.0016540630206109 -0.0111618611629441 0.9999363364389270 0.4606552457954025
0.9965237283077861 -0.0832873882764188 0.0019156914268254 78.0947973372835236 0.0832688566851037 0.9964926471165718 0.0082886518181933 5.5846726969221301 -0.0025993125832456 -0.0081003207776379 0.9999638135339668 0.4683194261995464
0.9971735969184222 -0.0749243597819017 0.0055819279866592 78.6169828231780770 0.0749088236459658 0.9971860456855555 0.0029425210250371 5.6104236713837041 -0.0057866872002639 -0.0025160686153872 0.9999800916268128 0.4762279164589622
0.9979279764076648 -0.0641043299086875 0.0055126028209167 79.1121248163542958 0.0640783659587755 0.9979334967237566 0.0047643606863019 5.6602365634532195 -0.0058066271583654 -0.0044012502376134 0.9999734556863945 0.4871081291394704
0.9987670367201382 -0.0493639427531563 0.0052542855972234 79.6198258814571886 0.0493069218579026 0.9987287035884886 0.0104787444551064 5.6797960483791012 -0.0057648779842054 -0.0102067518986128 0.9999312918383479 0.4941057994987233
0.9994951357878615 -0.0311923682402072 0.0060423257088203 80.1292777188011058 0.0310877582240913 0.9993772138203006 0.0166953821571559 5.6981100492694372 -0.0065593311400326 -0.0164991108954498 0.9998423648329046 0.4980362739657487
0.9999321401656052 -0.0095587463901249 0.0066592365389599 80.5776470771485265 0.0094568596508619 0.9998402503016111 0.0151671250524188 5.7004402194479118 -0.0068031514297747 -0.0151031203484937 0.9998627970308539 0.4915771236763437
0.9998247202601740 0.0167720164470032 0.0083203498103307 81.0738137506886716 -0.0168577625183264 0.9998043815837597 0.0103447768845688 5.6892723754925294 -0.0081452194286297 -0.0104832261359399 0.9999118748020959 0.5096049058106200
0.9988827593788737 0.0460711263003363 0.0105206623872082 81.5175714894077288 -0.0461771459139048 0.9988825391846913 0.0100669810365160 5.6377468564535445 -0.0100451088044430 -0.0105415479585349 0.9998939801577690 0.5121539901854589
0.9967919999182091 0.0791032509258762 0.0121813214396020 81.9597720206202638 -0.0792236929491616 0.9968092424773217 0.0097437460601625 5.5940934197309833 -0.0113716918070274 -0.0106775373914506 0.9998783300085566 0.5066700740985390
0.9930829788363588 0.1166486825730272 0.0133896228281947 82.4253552928889235 -0.1167847791729529 0.9931081540141331 0.0098747042571143 5.5376490887670036 -0.0121454723674633 -0.0113701048639830 0.9998615945301396 0.5071954851783037
0.9873039245869127 0.1581983934855308 0.0142908640003606 82.8336334182368716 -0.1583493161487158 0.9873312484178750 0.0101242270240520 5.4778820131073367 -0.0125081801439582 -0.0122586376158868 0.9998466238545233 0.5138077850101843
0.9789831669395853 0.2034203743504271 0.0145640017876983 83.2587565025809369 -0.2035753304600485 0.9790074226130921 0.0100772663233832 5.3782674625290072 -0.0122083445651754 -0.0128303455761107 0.9998431569778210 0.5086610143815431
0.9676518232410433 0.2518743965722349 0.0144650381837470 83.6858170783256128 -0.2520325916306632 0.9676629878987545 0.0103881955500634 5.2427727736217911 -0.0113807615833076 -0.0136978174256896 0.9998414114566151 0.5077606300597737
0.9523088911075057 0.3048361041978148 0.0135175994574412 84.0453079240699452 -0.3049823211439925 0.9523001494764561 0.0104980520451107 5.1293437764813268 -0.0096726266967867 -0.0141200171606934 0.9998535219761774 0.5201394019081593
0.9329191236937793 0.3598727308535157 0.0123905703849372 84.4590971757575630 -0.3600019084834160 0.9328924778285752 0.0105000332932639 4.9287777795059133 -0.0077803942528137 -0.0142563108444827 0.9998681028347570 0.5164546408402568
0.9088410872554884 0.4169695095283306 0.0120127532216831 84.7879249654791636 -0.4170920986808461 0.9088020737109718 0.0106288304457597 4.7760470229913334 -0.0064853168210155 -0.0146703422707453 0.9998713525866166 0.5151695807269677
0.8803109363073497 0.4742651890033017 0.0111886512743908 85.1301985955810352 -0.4743741691619264 0.8802555748965322 0.0109211032184386 4.5524733434374918 -0.0046693735778384 -0.0149215737520646 0.9998777643227957 0.5019845176787529
0.8473969516541870 0.5308731506613035 0.0095970950882198 85.4785549676508509 -0.5309524466209271 0.8473423527887455 0.0100218061089177 4.2759779384625611 -0.0028117173476317 -0.0135880490643102 0.9999037249496489 0.5304121669897894
0.8109662288400187 0.5850320900775372 0.0084397429171127 85.7435249709695029 -0.5850919716615348 0.8109070384576318 0.0098569608445296 4.0457288978934391 -0.0010772085295720 -0.0129316881876018 0.9999158019865485 0.5244460305952707
0.7713561623288118 0.6363307537053994 0.0096354930380419 86.0665652618950219 -0.6364019559351338 0.7713010889590932 0.0093370580191520 3.7554036631491368 -0.0014904091061815 -0.0133342438569038 0.9999099842593137 0.5406645621125357
0.7288716633630578 0.6845426421447174 0.0121436992674687 86.2887966029255722 -0.6846457764109266 0.7288169502965929 0.0092743626763804 3.4892204578568986 -0.0025018371347377 -0.0150739525640425 0.9998832515674259 0.5359313822327196
0.6839843145460976 0.7293808612981737 0.0130006394780885 86.5240222803754051 -0.7294931563763675 0.6839280191772796 0.0090663876095891 3.2007523934352982 -0.0022786520027418 -0.0156851444423360 0.9998743841047601 0.5385081066774495
0.6372881338857053 0.7705490774339975 0.0108606479590639 86.7675103480089405 -0.7706171921891981 0.6372837605160681 0.0043071666946139 2.8668385697896812 -0.0036024312501042 -0.0111143082607143 0.9999317449911139 0.5369594235025988
0.5909086014412719 0.8067075461519219 0.0070682193136011 86.9334560038095105 -0.8067365687722455 0.5909037227529205 0.0029831262668287 2.5707212761608065 -0.0017701266350662 -0.0074649459666388 0.9999705701836484 0.5690844835932305
0.5440187189824703 0.8390343103061925 0.0080659485297041 87.1685428357835832 -0.8390721075739859 0.5440075864645695 0.0037073117408044 2.2316123480930705 -0.0012773754426559 -0.0087847594165032 0.9999605973807031 0.5536618823272972
0.4970353446114149 0.8676598837726165 0.0110540625428686 87.2803075639361197 -0.8677295124503045 0.4970116811338263 0.0049881899808075 1.9281939949274616 -0.0011659458688064 -0.0120712430270164 0.9999264601269504 0.5378912447902451
0.4515928900572566 0.8921474056541420 0.0116990698056847 87.4382037554506155 -0.8922239895184506 0.4515472049095126 0.0064400517223152 1.5852641757030195 0.0004627931655438 -0.0133464723050813 0.9999108247736374 0.5474656458289364
0.4084623363786913 0.9127558030639401 0.0059467413902814 87.6003969003431280 -0.9127729620212058 0.4084383318263600 0.0048630132566869 1.2092105811266474 0.0020098664371686 -0.0074143825098481 0.9999704932491270 0.5382756644831677
0.3693350627347977 0.9292801394015195 -0.0054803237655965 87.6721592095034765 -0.9292961734744603 0.3693255245777146 -0.0026979364562504 0.8716632159872064 -0.0004831153165762 0.0060892864350937 0.9999813434211172 0.5792863337679109
0.3339924857481490 0.9425276355834497 -0.0095223749791823 87.7648042869670206 -0.9425711178086212 0.3339421781812484 -0.0065045756640611 0.4998227153590027 -0.0029508196791144 0.0111479950230974 0.9999335052243156 0.5772554545761364
0.3004133281983953 0.9537808201643212 -0.0073470625040249 87.8851425395516372 -0.9538085583358387 0.3003959003761436 -0.0033966281096489 0.1333629193222684 -0.0010326112881978 0.0080280834500391 0.9999672412584558 0.5926183448721978
0.2694273939303299 0.9630200580692945 0.0011167614442839 87.9802879854769344 -0.9630138244112783 0.2694209037820018 0.0040927494490934 -0.2116122950354042 0.0036405209345011 -0.0021781555274939 0.9999910010824214 0.5706128588787295
0.2409229901895624 0.9705228768676035 0.0064388100415281 88.0859346482565257 -0.9705167624957043 0.2408609519117219 0.0091222562470112 -0.6062100853112732 0.0073025004605916 -0.0084467343281341 0.9999376611400398 0.5703705365293673
0.2148661972788382 0.9766307544037709 0.0049886691264413 88.1620202579643717 -0.9766075488514527 0.2148116609788383 0.0096770777546834 -1.0020727913566680 0.0083793074468557 -0.0069512488255252 0.9999407319168855 0.5845844751634341
0.1914880744475054 0.9814934480150579 -0.0017113877116905 88.2237319960045454 -0.9814383493209009 0.1914954665704909 0.0104044589102742 -1.4024914094560916 0.0105396312389092 -0.0003127082715870 0.9999444076481876 0.5944659566521280
0.1706791962586338 0.9852907740307444 -0.0084084822889298 88.2707941931488449 -0.9851816259749566 0.1707942703816715 0.0156997148424144 -1.7937280158497215 0.0169049047866994 0.0056042675425965 0.9998413956120559 0.6093523863127852
0.1512288319137466 0.9884302239246955 -0.0116418568183858 88.3473134854693143 -0.9881900799041955 0.1514654312716950 0.0232075226730170 -2.2447619823511484 0.0247023556962278 0.0079947208741417 0.9996628822063974 0.5971915164287405
0.1333219671171193 0.9910294365986830 -0.0092687042739902 88.4245300438137036 -0.9907505089225338 0.1335112648925552 0.0242522414743532 -2.6663610763243879 0.0252721616361190 0.0059496169361481 0.9996629031351273 0.5931444519973210
0.1180012383011126 0.9929918442115475 -0.0065501976118344 88.4528913738528786 -0.9928042794017855 0.1181091981745571 0.0197453819427490 -3.1102580892425782 0.0203806418178104 0.0041730846999838 0.9997835839836444 0.6097808709538601
0.1034126274035289 0.9946150321375923 -0.0068385919190602 88.4955805810919003 -0.9944905979793591 0.1035133829559155 0.0165357213232109 -3.5930230803030363 0.0171545627795006 0.0050909129788772 0.9998398889726723 0.6365933410564735
0.0898956337344012 0.9959245483342778 -0.0072848514504577 88.5487948526372435 -0.9958448775234616 0.0899905045777716 0.0139530998749264 -4.0786268091290534 0.0145518021486000 0.0060002592446417 0.9998761132976550 0.6374764068943314
0.0780760124728521 0.9968899108254288 -0.0107070990846384 88.5715577059353194 -0.9968555884116486 0.0782100790068682 0.0127326114448704 -4.5699206482568213 0.0135304149531956 0.0096793200282174 0.9998616097415610 0.6600976910014295
0.0680595659219737 0.9975805413522070 -0.0141760009152788 88.6026999979154937 -0.9975807867779758 0.0682474899068539 0.0132232360959148 -5.0768631208520212 0.0141587195023758 0.0132417384376574 0.9998120758548587 0.6667644892817985
0.0601170971461163 0.9980813721921222 -0.0148158399631979 88.6179475523380660 -0.9980867571615260 0.0603190207688779 0.0135809024837509 -5.6088153934651253 0.0144485227450380 0.0139710492295448 0.9997980045858822 0.6789284103446183
0.0543685152848609 0.9983557204780085 -0.0181636982621021 88.6596256677264734 -0.9984133139076319 0.0546207317043933 0.0136905178885741 -6.1711972955294803 0.0146601213398982 0.0173905450436011 0.9997412914276302 0.6817867306535506
0.0485779544565195 0.9986367098643018 -0.0191024619413992 88.6836816853242311 -0.9986985204136004 0.0488607192275876 0.0146251646229369 -6.7314471422868696 0.0155385863097478 0.0183671398961603 0.9997105583655348 0.6981898109351473
0.0424280585786473 0.9989054925327930 -0.0196895107370723 88.7082010728836252 -0.9989676444189571 0.0427344125523905 0.0154082895819862 -7.3152186956332166 0.0162328447687746 0.0190154403477936 0.9996874050317391 0.6976582940776145
0.0381335606595653 0.9990299439564334 -0.0220227752526534 88.7292358566570982 -0.9991457100585173 0.0384707316180817 0.0150947964686811 -7.9082940617567505 0.0159273859463704 0.0214283430804893 0.9996435087018473 0.7041559309752479
0.0351744684903138 0.9991010073910175 -0.0236629202905701 88.7521223179787313 -0.9992551824891686 0.0355361544969252 0.0150420075824079 -8.5201301319864893 0.0158693741200612 0.0231162011114418 0.9996068248122423 0.7229566847651340
0.0321685851171457 0.9991918976018020 -0.0240984210783794 88.7915139407155465 -0.9993548711942905 0.0325403655429833 0.0151975666003574 -9.1650729827987512 0.0159694568412401 0.0235939902780125 0.9995940676449400 0.7322231341772837
0.0293342636992351 0.9992046590233723 -0.0270101899143734 88.7958424919067255 -0.9994464159388730 0.0297442522050047 0.0149043996090685 -9.8393627366396270 0.0156959434302456 0.0265580279153376 0.9995240409880508 0.7508976606003744
0.0285654723043215 0.9991243172587161 -0.0305714319968127 88.8021004109318284 -0.9994727882899717 0.0290208826440651 0.0145579476036017 -10.5015728658896812 0.0154324094003772 0.0301394597307932 0.9994265624382990 0.7613370031987167
0.0295915344840876 0.9989467189103601 -0.0350684169175531 88.8082430742566089 -0.9994456942894213 0.0301052312124735 0.0142119393462101 -11.2007473409551590 0.0152527129788080 0.0346284252005456 0.9992838570270793 0.7733699939298742
0.0322694738220991 0.9988371781453541 -0.0358186070900423 88.8355613966387665 -0.9993634516564261 0.0327904127709646 0.0140527692524916 -11.9069782713575449 0.0152109352966500 0.0353423313455088 0.9992594993606343 0.7825959322165731
0.0359133020234126 0.9986151018289775 -0.0384462369663912 88.8675692618252668 -0.9992287934834898 0.0364933546841107 0.0144932169454869 -12.6486682284345342 0.0158761774777307 0.0378960877004533 0.9991555602235795 0.8026601339350793
0.0399050870342113 0.9984405018984709 -0.0390403406430053 88.9184137203075977 -0.9990844058773577 0.0404730266134211 0.0138666524235923 -13.3808521956748585 0.0154251081513046 0.0384512455647300 0.9991414152926709 0.8160445516608316
0.0443582351064568 0.9981346886550142 -0.0419462785214406 88.9142320823723935 -0.9989218455362809 0.0448904492952997 0.0118319090791320 -14.1429474706740788 0.0136928261739871 0.0413762113493259 0.9990498063889232 0.8177471553950254
0.0484176024747927 0.9980325819833961 -0.0398334165010916 88.9617955689077462 -0.9987494939877836 0.0488727043112144 0.0105312407842294 -14.9101596194632826 0.0124572882177366 0.0392737071444127 0.9991508354084458 0.8456188784549560
0.0525671725976836 0.9978846073253962 -0.0382492199675436 89.0315587315231625 -0.9985532938650910 0.0529591867960408 0.0093082675659757 -15.6948486005498964 0.0113142245100173 0.0377045752786350 0.9992248762549872 0.8421642913877646
0.0570050230614723 0.9978350165501459 -0.0327979739028339 89.0793526176587420 -0.9983279849301994 0.0572866668544771 0.0077118289602315 -16.5186000093098322 0.0095740195826380 0.0323035222084853 0.9994322491304537 0.8536179470374314
0.0606816346298459 0.9975308753561958 -0.0353538106821891 89.1206357908767899 -0.9981001065170410 0.0610188246387893 0.0085370024231193 -17.3014444895313702 0.0106731714743816 0.0347686029458024 0.9993383949693295 0.8646888879877389
0.0637742219461667 0.9974777095864892 -0.0311619558637276 89.1957906986622362 -0.9978672960737757 0.0641724043465471 0.0119483030927187 -18.1612777840791217 0.0139179036342866 0.0303335029047931 0.9994429301165483 0.8957444225911948
0.0653834129013905 0.9974610962402674 -0.0282200426032728 89.2513299237812276 -0.9976733773236804 0.0658922669664964 0.0174940370863097 -18.9685051620435630 0.0193091039907991 0.0270105653620989 0.9994486419330871 0.9032493339096552
0.0653165344549663 0.9975463461100021 -0.0251999541542704 89.3084904863301716 -0.9976298262411120 0.0658281157093847 0.0200346943146330 -19.7603796077686802 0.0216444016069315 0.0238316290827123 0.9994816523250148 0.9284551620778815
0.0657909342986022 0.9976093741855656 -0.0211444910367122 89.3835946655624127 -0.9976114988898095 0.0662084312537532 0.0196911379494720 -20.5710171832879354 0.0210440073879741 0.0197984890332982 0.9995824976384157 0.9540188221587412
0.0657671735916181 0.9976474268466472 -0.0193465910184229 89.4337372007245222 -0.9976435332198151 0.0661219918833850 0.0183101833430928 -21.3835095126035704 0.0195463424316182 0.0180967924129586 0.9996451603453639 0.9683180913116702
0.0656082801393094 0.9976330581127689 -0.0205872518255063 89.5012416233887222 -0.9976773595961227 0.0659619508782658 0.0169972699467374 -22.2258934054318509 0.0183150136901644 0.0194242733943426 0.9996435654155089 1.0026240561791677
0.0662187171160153 0.9976385151364191 -0.0182338865826980 89.5403598039175108 -0.9976492627519991 0.0665203071523942 0.0164619946162253 -23.0481054010654773 0.0176360436011778 0.0171009313416751 0.9996982185206417 1.0170441288810743
0.0661401435537867 0.9976503729592996 -0.0178665817898907 89.6155504390947328 -0.9976581968805516 0.0664321355650319 0.0162755510295603 -23.8493407341067822 0.0174242247383087 0.0167482744914091 0.9997079031866405 1.0450681980347591
0.0667148306940710 0.9976429991243947 -0.0160492262599999 89.6751179683299284 -0.9976105137470475 0.0669848554511475 0.0169201655293649 -24.6767454163074582 0.0179553397855257 0.0148820508758738 0.9997280281831226 1.0748322274274582
0.0657211101793022 0.9977670591516671 -0.0119008969675988 89.7353741314652495 -0.9976605716869521 0.0659296717872179 0.0180737953759986 -25.4616143103924593 0.0188180598910664 0.0106852257750180 0.9997658258672744 1.0946533535272440
0.0630537169904820 0.9979577449807044 -0.0102258499261412 89.8002680411665324 -0.9978404473047997 0.0632286243713109 0.0177927733270906 -26.2851405909432252 0.0184030023703136 0.0090818661705303 0.9997894024296411 1.1307965354403979
0.0593067980651656 0.9982027025367233 -0.0086062972084348 89.8459699006997283 -0.9980923630118954 0.0594440080032853 0.0166746757040879 -27.1198453337032177 0.0171562991518808 0.0076009578927649 0.9998239279185729 1.1412803464444823
0.0543641329878987 0.9985038530552779 -0.0058818771016023 89.9091606980812514 -0.9984029245523833 0.0544474057631288 0.0150691821580886 -27.9435114012878358 0.0153668893964431 0.0050532602772363 0.9998691530749650 1.1783153678110692
0.0478352314677101 0.9988381907920867 -0.0058360299538195 89.9685566086978952 -0.9987603671286229 0.0479103982216462 0.0135026958545978 -28.7697467825471378 0.0137666148173432 0.0051828908376077 0.9998918031262364 1.1902862868923190
0.0408470111236382 0.9991543577955422 -0.0047001043013030 90.0064807881045539 -0.9990793525105655 0.0409047797552615 0.0129323772077331 -29.5877891246535896 0.0131136977750338 0.0041675282064186 0.9999053268381531 1.2151117265557212
0.0319401484746047 0.9994808143195748 -0.0042342322208405 90.0522391277606715 -0.9993960393967332 0.0319948869281760 0.0135603705176877 -30.3980691131806111 0.0136888039486270 0.0037985546636884 0.9998990887229185 1.2328510996421280
0.0217999446151892 0.9997535158444062 -0.0042035665242450 90.0653221899634104 -0.9996696314540165 0.0218549923228863 0.0135272783351987 -31.2093487840320947 0.0136158129895368 0.0039072838795828 0.9998996663512386 1.2495339202382731
0.0118575212904113 0.9999144827270888 -0.0055160149987135 90.0584249660047789 -0.9998374411900740 0.0119311799290895 0.0135180671689816 -31.9851942935055966 0.0135827237081835 0.0053548275526184 0.9998934120387777 1.2735501119344528
0.0011517189550668 0.9999903048364940 -0.0042501501696375 90.0937300790629791 -0.9999210340052316 0.0012048046679519 0.0125089647701414 -32.8014400739690402 0.0125139640944466 0.0042354077404674 0.9999127272036870 1.2984635134583602
-0.0099594969907908 0.9999405472434886 -0.0044396394091586 90.0645807755068546 -0.9998823911003709 -0.0099069392949072 0.0117071141282636 -33.5877860476123189 0.0116624348699401 0.0045557142359843 0.9999216134681280 1.3206996493148020
-0.0212137663148755 0.9997646388198277 -0.0045434660995290 90.0576045869684521 -0.9997095438744060 -0.0211601723522010 0.0115358134716409 -34.3815624094682519 0.0114369578632256 0.0047868644732084 0.9999231380077921 1.3260553786378531
