1.0000000000000000 0.0000000000000000 0.0000000000000000 0.0000000000000000 0.0000000000000000 1.0000000000000000 0.0000000000000000 0.0000000000000000 0.0000000000000000 0.0000000000000000 1.0000000000000000 0.0000000000000000
0.9999985447524732 -0.0016275142867529 -0.0005115566267385 0.5909736278360791 0.0016271324142035 0.9999983979435377 -0.0007460230992646 -0.0050698219679184 0.0005127699704482 0.0007451896432472 0.9999995908795928 0.0176275894316412
0.9999955854706667 -0.0027282089100573 -0.0011772490482466 1.1542905675728448 0.0027274550986021 0.9999960747594361 -0.0006414471182665 -0.0059301920996861 0.0011789944290043 0.0006382333926604 0.9999991013147326 0.0325552738536116
0.9999902678401559 -0.0039774889717457 -0.0019088757038854 1.6874644359114555 0.0039763615460756 0.9999919177910317 -0.0005940551063314 -0.0127594783038490 0.0019112231235872 0.0005864589449469 0.9999980016440422 0.0435304256911347
0.9999781453140690 -0.0058072836503687 -0.0031598023417212 2.2358332334559967 0.0058015669074291 0.9999815229429783 -0.0018153771124613 -0.0111656245484227 0.0031702863676977 0.0017970056332649 0.9999933600055056 0.0616732035241247
0.9999644632572023 -0.0069991719577222 -0.0046993419370571 2.7881459514818525 0.0069731267382906 0.9999603632706242 -0.0055360085958159 -0.0073675922854030 0.0047379031466341 0.0055030427571887 0.9999736340495111 0.0720367221784672
0.9999441797337560 -0.0086570006073945 -0.0060575372115511 3.3633776364956911 0.0086203683586265 0.9999445564514970 -0.0060475840118556 -0.0102451733243995 0.0061095552986568 0.0059950282319963 0.9999633658142433 0.0761035798872398
0.9999387901311687 -0.0096372306526359 -0.0054350507230720 3.9378407947886456 0.0096037491874089 0.9999349515517865 -0.0061531021990314 -0.0097740696197233 0.0054939960465779 0.0061005287044877 0.9999662992106113 0.0880577876827029
0.9999202082638143 -0.0111733872020429 -0.0058934305869648 4.5334619732637798 0.0111375195543474 0.9999194661680054 -0.0060841463220148 0.0000789016260796 0.0059609364890658 0.0060180226590121 0.9999641246762050 0.1002965417537457
0.9998894984946644 -0.0123419226839059 -0.0082866003012787 5.1299161933688886 0.0122936204049548 0.9999072897163479 -0.0058548159190877 0.0155796546300664 0.0083580917336161 0.0057522966345637 0.9999485253681814 0.1096547472345213
0.9998340963993312 -0.0137454757558108 -0.0119516347659777 5.7368697964030604 0.0136893650417592 0.9998949471806650 -0.0047640200806445 0.0315732828462657 0.0120158629355686 0.0045996194214022 0.9999172278439310 0.1221023206534243
0.9997549722374975 -0.0150144658001204 -0.0162653405478479 6.3387168040283237 0.0149556769797130 0.9998812003693794 -0.0037299965103707 0.0538002697814435 0.0163194121364384 0.0034858233784730 0.9998607532166143 0.1235755559799167
0.9997382171020736 -0.0161746501982764 -0.0161826436817575 6.9731593288769922 0.0161359018678491 0.9998666268031701 -0.0025221570453498 0.0685508537275664 0.0162212803587901 0.0022603752373582 0.9998658713884118 0.1397804420026943
0.9998002817134233 -0.0173694705650313 -0.0098842388705488 7.6114132620255450 0.0173675829084749 0.9998491338465191 -0.0002767856261454 0.0747204631919172 0.0098875552932365 0.0001050650089230 0.9999511114107865 0.1338200704070869
0.9998406343587373 -0.0178521236897209 0.0000869763455603 8.2627203821177861 0.0178520608071235 0.9998404101629792 0.0006768530596178 0.0893987199751206 -0.0000990457295595 -0.0006751924854862 0.9999997671524984 0.1383481703362251
0.9997915052695983 -0.0192110129713045 0.0069197522619775 8.9352505104915103 0.0192023584610410 0.9998147529737643 0.0013149773930441 0.1139032936607474 -0.0069437324462034 -0.0011818276637910 0.9999751936238662 0.1542149645550852
0.9997713897156005 -0.0202681618124608 0.0068095464519107 9.6065911130081059 0.0202441210907916 0.9997886535892506 0.0035810215658007 0.1179633275954792 -0.0068806880032588 -0.0034423496244962 0.9999704027428334 0.1798209406817915
0.9997861318764102 -0.0206739007272226 -0.0005294679652151 10.3043860040953863 0.0206767309930781 0.9997678612806309 0.0060577508856989 0.1440672252324983 0.0004041077147586 -0.0060674029925700 0.9999815114880278 0.1694583062070702
0.9997347635581307 -0.0220877337435314 -0.0065218518415570 11.0097528766299515 0.0221291445372513 0.9997349721751249 0.0063471546421753 0.1774331975354567 0.0063799291075838 -0.0064897941475143 0.9999585886808039 0.1764742184254170
0.9997157237440588 -0.0231789566117729 -0.0055863824862150 11.7548950156967198 0.0232097268201132 0.9997154466573455 0.0055076579087563 0.1844850860920529 0.0054571310987056 -0.0056357506238047 0.9999692285440976 0.1937253054548237
0.9997009920315921 -0.0241657948718399 0.0037337500268269 12.5115508370152231 0.0241552206498091 0.9997041528676541 0.0028516757398213 0.2155742062502416 -0.0038015584185581 -0.0027606335103025 0.9999889634672036 0.1878910223847223
0.9996476740639766 -0.0242112650169591 0.0108785286119100 13.2946876647390830 0.0241899370409315 0.9997052003628457 0.0020878968936109 0.2422857110848868 -0.0109258722506418 -0.0018240103511635 0.9999386472688220 0.1808769309995300
0.9995961920761897 -0.0248895694143795 0.0137099278316126 14.0733349841794411 0.0248659461679884 0.9996890062905743 0.0018908788789387 0.2553076325631791 -0.0137527272914118 -0.0015492049996366 0.9999042266416905 0.1899001762755905
0.9996019938511668 -0.0247942691312942 0.0134572696716981 14.8852537546737409 0.0247915554948198 0.9996925742523320 0.0003684574505773 0.2762012473422066 -0.0134622681937008 -0.0000346841543718 0.9999093789599587 0.1919563259042431
0.9996456833966018 -0.0241814054831631 0.0111250750739038 15.6989489054131877 0.0241833974275900 0.9997075378854823 -0.0000445399395538 0.3018567874462459 -0.0111207443725850 0.0003135662702377 0.9999381134454240 0.1977276575872121
0.9996835493201857 -0.0240241584534623 0.0074592914676108 16.5185724200293897 0.0240117031887521 0.9997101372629280 0.0017548685742376 0.3168949697317855 -0.0074992885376619 -0.0015752029521657 0.9999706392725181 0.1699395751643987
0.9997360233733155 -0.0228622069344278 0.0022810225331990 17.3878334265722181 0.0228638480191041 0.9997383457983966 -0.0006959842274516 0.3288141431622931 -0.0022645139586381 0.0007479534564102 0.9999971562670357 0.1830457141066249
0.9997437765160609 -0.0222772155059824 -0.0040133510567186 18.2504012210014324 0.0222629551835102 0.9997457987127243 -0.0035635351484099 0.3548235335388735 0.0040917164981780 0.0034732730323076 0.9999855970115478 0.1884683231890848
0.9997420117800061 -0.0207698396901490 -0.0091936739833214 19.1280106512426542 0.0207452567409560 0.9997809809385432 -0.0027612454284692 0.3743666342704091 0.0092490110183687 0.0025698079324995 0.9999539248797277 0.2066253242147170
0.9997380210581127 -0.0204177929620281 -0.0103442245416629 20.0188546690444120 0.0204195911195517 0.9997914960842648 0.0000682356061286 0.3873013459091434 0.0103406745098622 -0.0002794425654263 0.9999464947498610 0.2071324639130285
0.9997320932440840 -0.0209562878137809 -0.0098272956029710 20.9551998841891738 0.0209524385357537 0.9997803512738963 -0.0004944957532572 0.4054403089984638 0.0098354998453387 0.0002884574674102 0.9999515886957138 0.2250511746726820
0.9997300375768038 -0.0206243141736170 -0.0106999827827214 21.9047463756451819 0.0206265429006874 0.9997872454328960 0.0000979676904004 0.4398786742233181 0.0106956857960907 -0.0003186448967097 0.9999427487465375 0.2392791133849782
0.9996944027781113 -0.0209299805836419 -0.0131543516329658 22.8336853761438618 0.0209723752636487 0.9997752705140225 0.0030932094034898 0.4707585275002152 0.0130866546495288 -0.0033681421260859 0.9999086933759014 0.2588087323990759
0.9996825098267782 -0.0208568624777274 -0.0141375681791008 23.8195114036612878 0.0209609096844794 0.9997539953709188 0.0072518277064506 0.5052925446963705 0.0139828398986992 -0.0075458616121762 0.9998737621124465 0.2768680472450236
0.9996744759431806 -0.0211287967070681 -0.0143009124687462 24.7862839439479039 0.0212479892358020 0.9997403233509536 0.0082346110755725 0.5266537787628279 0.0141232114323404 -0.0085357961457669 0.9998638282701277 0.2935934258183789
0.9996801843495265 -0.0208875122507101 -0.0142562565518831 25.7595608423678328 0.0210150663145092 0.9997399278719886 0.0088568395213942 0.5741887689445876 0.0140675515528984 -0.0091536031423360 0.9998591478517458 0.3171577331981713
0.9996753537344669 -0.0212728141035305 -0.0140233560885103 26.7452664532252093 0.0214107375234677 0.9997231269147449 0.0097596019645387 0.5861758077230331 0.0138118592003283 -0.0100566839426171 0.9998540371741811 0.3482654889325482
0.9996750426084237 -0.0216451846045970 -0.0134645894582515 27.7384355857219020 0.0217767739448208 0.9997157583191218 0.0097043642233447 0.6318864745492563 0.0132507095056270 -0.0099944260393519 0.9998622555861090 0.3648911876053702
0.9996990711538540 -0.0216327374428505 -0.0115668407462991 28.7586918106053453 0.0217543482614994 0.9997082762516889 0.0104933657896009 0.6596809569178947 0.0113364661971423 -0.0107418371150219 0.9998780412978152 0.3959530035337741
0.9996921329709317 -0.0223600542049620 -0.0107548710815195 29.7646801324226296 0.0224779185826106 0.9996871954984762 0.0109660536468234 0.6856509658582831 0.0105063053554744 -0.0112044246770035 0.9998820322495223 0.4129185579844271
0.9996888327902141 -0.0223111426850224 -0.0111557387307089 30.7828639221722042 0.0224313263350621 0.9996904083751417 0.0107667544595546 0.6855909853327574 0.0109120664124270 -0.0110136422145882 0.9998798060225939 0.4343070193090566
0.9996709462569799 -0.0227493086249500 -0.0118519267109263 31.8002934725420658 0.0228997526836945 0.9996568878135185 0.0127164450227334 0.7208311735645618 0.0115585698380041 -0.0129836668194062 0.9998489005140840 0.4557767779346310
0.9996740326081713 -0.0229049680257473 -0.0112778973508481 32.8181236248387265 0.0230454704483512 0.9996563944091851 0.0124899723235100 0.7572956430942233 0.0109879397855533 -0.0127458054499262 0.9998583947853324 0.4797857943838255
0.9996896837142333 -0.0232551799742170 -0.0089293269456848 33.8733980147503928 0.0233563440633278 0.9996622332522945 0.0113973944842875 0.7869992929057273 0.0086612624559939 -0.0116024141195611 0.9998951777657830 0.5121506557214446
0.9996977380063241 -0.0240036179365899 -0.0053159148782860 34.9237483521631731 0.0240653826884495 0.9996398348290819 0.0118767831900832 0.8078967075355183 0.0050289145048848 -0.0120011228158029 0.9999153379512000 0.5164118822123658
0.9997007152686090 -0.0243080918245672 -0.0027561863652308 35.9855883528904315 0.0243370508115684 0.9996431657761653 0.0110113157615776 0.8330054476959843 0.0024875387889667 -0.0110750976905144 0.9999355751056760 0.5343436027584514
0.9996861451765925 -0.0249552248235967 -0.0022017938069928 37.0384761479315472 0.0249780237561568 0.9996272737167320 0.0110187100375077 0.8636129319359126 0.0019259987543186 -0.0110702482202319 0.9999368680737504 0.5507337876980604
0.9996712710661109 -0.0254352608643763 -0.0032244859787910 38.1141082692434381 0.0254710135031556 0.9996084959364935 0.0115793921560382 0.8932955255011289 0.0029286987192878 -0.0116577166007061 0.9999277575742506 0.5723074958020931
0.9996585042696853 -0.0258660366047125 -0.0037179284096606 39.1938411779743916 0.0259097502847485 0.9995894210251246 0.0122341413608838 0.9267049891087635 0.0033999531581576 -0.0123262940505158 0.9999182480550610 0.5834456024073323
0.9996394564806586 -0.0266766601406127 -0.0030516963800199 40.2740756863635241 0.0267119814718652 0.9995688792595201 0.0121871104743320 0.9613297553883011 0.0027252693261970 -0.0122642333477919 0.9999210776293750 0.5966784616333209
0.9996221097169979 -0.0274638165259165 -0.0011732632991076 41.3437490263025254 0.0274751387347749 0.9995611513715634 0.0110734556602450 0.9864503069738476 0.0008686290595571 -0.0111015066808672 0.9999379990944296 0.6238003548057928
0.9995999702550827 -0.0282488774264190 0.0013785464029015 42.4151055361023523 0.0282332250647652 0.9995483737294837 0.0102924038585166 1.0409777643867213 -0.0016686726701532 -0.0102493657799711 0.9999460815627151 0.6296697408803397
0.9996005067228312 -0.0282365987497958 0.0012334709166113 43.5056959872165265 0.0282218957670515 0.9995450041630874 0.0106446818612496 1.0761274356692923 -0.0015334793030146 -0.0106056184947681 0.9999425830004294 0.6423348463164444
0.9995812705661844 -0.0288916936231882 -0.0015979902616296 44.5551482172927180 0.0289092152349976 0.9995061314273380 0.0123187058432936 1.1193184269927385 0.0012412927894013 -0.0123597442829874 0.9999228449802865 0.6633630955006928
0.9995560658012309 -0.0292201790134041 -0.0058182865510314 45.6328262008579060 0.0293117271159699 0.9994369906821589 0.0163255722616143 1.1507853164390467 0.0053379746575087 -0.0164888688094393 0.9998498003360009 0.6919621010439739
0.9995589641659316 -0.0290297260572082 -0.0062571687345989 46.7219661941557050 0.0291366428839374 0.9994181300067853 0.0177329482939053 1.1994950385361869 0.0057387452447111 -0.0179074403191486 0.9998231795593822 0.7071907595092883
0.9995571398644424 -0.0294714386981832 -0.0041180635102772 47.8041907120773146 0.0295337179346856 0.9994359792596466 0.0159838314013198 1.2302922722281981 0.0036446743297412 -0.0160983745257283 0.9998637700640320 0.7197397007587726
0.9995950826533427 -0.0283879685609614 -0.0019478131939945 48.9030503620739907 0.0284142959484876 0.9994810776357270 0.0151724498311115 1.2648003743707812 0.0015160874013683 -0.0152216519835301 0.9998829945498041 0.7282512504174239
0.9995886816833948 -0.0286624582986616 -0.0009648495894711 49.9654277626568870 0.0286733214551741 0.9994868301755560 0.0142799489616590 1.3116996651094299 0.0005550560161561 -0.0143017407995257 0.9998975708155922 0.7490868867579769
0.9995957412695253 -0.0284050774808555 -0.0012270326543454 51.0403217463718235 0.0284195705318172 0.9994966113307723 0.0141014874779300 1.3293321078032403 0.0008258611356045 -0.0141306585695694 0.9998998162024908 0.7668337725805202
0.9996017437930637 -0.0280931157698112 -0.0026703281091122 52.1359724767075505 0.0281301272413745 0.9994915000682593 0.0150145673492415 1.3671433977910581 0.0022471642686751 -0.0150837043740858 0.9998837092957884 0.7871555161247084
0.9996088771651904 -0.0275226681374684 -0.0049593781003261 53.2237169318465320 0.0275968449633129 0.9994979182354459 0.0155668105622444 1.4133723403936789 0.0045284479259549 -0.0156975852157175 0.9998665305818458 0.7977851406898919
0.9996024954508584 -0.0272173266174026 -0.0073531095611433 54.2898318800160240 0.0273183305834875 0.9995286878739399 0.0140039612657053 1.4381545751886282 0.0069684935637367 -0.0141992693052041 0.9998749025996454 0.8236341877838588
0.9995668329459663 -0.0274890240448534 -0.0105118995158900 55.3456068390990694 0.0276082999522721 0.9995540944790036 0.0113751476475939 1.4721685321847979 0.0101945204946612 -0.0116604359833011 0.9998800457977763 0.8493854935283978
0.9995660188150629 -0.0269198974821152 -0.0119621548960714 56.4078063305409216 0.0270737932445847 0.9995502619645378 0.0128950969741740 1.5091563060299003 0.0116096403714619 -0.0132133616531252 0.9998452996960425 0.8848674604955338
0.9995745139572929 -0.0272756340558589 -0.0103359002458716 57.4923184148474888 0.0273902256832417 0.9995630507963269 0.0111122913820982 1.5379143536285744 0.0100282891892297 -0.0113906658975866 0.9998848364418508 0.9146060585383924
0.9996321436685702 -0.0267394862057201 -0.0045362123002599 58.5661943358026846 0.0267760344435379 0.9996078476627503 0.0081972477406895 1.5620295413327903 0.0043152432211171 -0.0083156941080028 0.9999561129906875 0.9178011932425145
0.9996391384539101 -0.0268213399122628 0.0014861347298265 59.6697489480154317 0.0268112265621938 0.9996196941704442 0.0064517561034485 1.6002563720062164 -0.0016586142876068 -0.0064095828178227 0.9999780828831932 0.9320130183293700
0.9996516168023996 -0.0262775435415280 0.0024770405268475 60.7413535486343577 0.0262663818006755 0.9996451375803045 0.0044357749216165 1.6261186461282799 -0.0025927227868956 -0.0043691666799516 0.9999870940022542 0.9576223275848221
0.9996631023120550 -0.0259535099148568 -0.0003117674408896 61.8362279604553606 0.0259540987740438 0.9996610079990715 0.0020624846926630 1.6589654206049023 0.0002581330373007 -0.0020698814892940 0.9999978244766112 0.9755587030605706
0.9996649998769395 -0.0257040600855265 -0.0030313884868548 62.8927046679737813 0.0257057552333189 0.9996694164177566 0.0005215619489219 1.6929286290049821 0.0030169800999162 -0.0005993113560650 0.9999952693172979 0.9903113663476962
0.9996310291683725 -0.0260889096895620 -0.0075613699149107 64.0026206529425110 0.0261151933345589 0.9996531636642826 0.0033983897789565 1.7300899919832771 0.0074700870730433 -0.0035946025094556 0.9999656377255771 1.0091710098097968
0.9996036695661850 -0.0257995165796534 -0.0112644899606484 65.0796275330899334 0.0258447804349394 0.9996583940198681 0.0038913480810617 1.7747308298089111 0.0111602470441802 -0.0041809340911331 0.9999289818162280 1.0365437211440722
0.9996063673397340 -0.0252270598275880 -0.0122762301345368 66.1512834977382340 0.0253104170244730 0.9996573028531088 0.0066827870305070 1.8061215621314430 0.0121034360372615 -0.0069908729714637 0.9999023124941699 1.0589968242777539
0.9996707388469802 -0.0239546598261734 -0.0091971824894890 67.2508595818190287 0.0240396161432662 0.9996682997879159 0.0092405224323006 1.8530468394863506 0.0089727782106248 -0.0094585766238769 0.9999150086779541 1.0679284623459813
0.9996843278800135 -0.0241474482135953 -0.0069386840148116 68.3254381678637515 0.0242153022025301 0.9996580684668475 0.0098673850827818 1.8850020562226537 0.0066980392896583 -0.0100322925547205 0.9999272420410250 1.1028870929071091
0.9996931032099573 -0.0240219074733901 -0.0060537059546698 69.4055711500630963 0.0240826655313144 0.9996582210056147 0.0101718433332609 1.9159372071604612 0.0058072898457508 -0.0103145110029244 0.9999299406695541 1.1299926993447664
0.9996868276606283 -0.0244425805107086 -0.0053672022327114 70.5123732552868461 0.0244938911125808 0.9996528030602765 0.0097119839320906 1.9371719326165886 0.0051279528073425 -0.0098404060744299 0.9999384333589223 1.1519667411323344
0.9996941474847176 -0.0243757761952535 -0.0041752867784811 71.5856806420603675 0.0244123245665511 0.9996620144235572 0.0089384186461069 1.9616689705254784 0.0039559946993155 -0.0090376132642760 0.9999513346420537 1.1756650377702360
0.9996844974842546 -0.0250188584339162 -0.0022276023695803 72.6950079509805818 0.0250345990255147 0.9996596136851124 0.0073434064686349 2.0076684436577241 0.0020431204773572 -0.0073968567375307 0.9999705556510748 1.1951691396328454
0.9996657586125625 -0.0258480689729228 -0.0004983853339760 73.7644712370723852 0.0258505513766771 0.9996485847249796 0.0058699276713622 2.0265909096093346 0.0003464838984414 -0.0058808492342745 0.9999826476300435 1.2137926118846509
0.9996609821500522 -0.0259970365832926 -0.0014404359340331 74.8390489066096620 0.0260052264132181 0.9996438421981045 0.0059930755550311 2.0609697854635796 0.0012841207070865 -0.0060285026580401 0.9999810039144302 1.2184512329427513
0.9996339966955232 -0.0265859817395582 -0.0050058191615964 75.9506315869936941 0.0266150741895718 0.9996287107742570 0.0058376726253369 2.0843399240172418 0.0048487602970569 -0.0059687662662310 0.9999704312392645 1.2562948319598546
0.9996128865661563 -0.0270169589114840 -0.0066453699710379 77.0062844196817622 0.0270596582878744 0.9996131935399225 0.0064216971480164 2.1247418288006945 0.0064693047710136 -0.0065990326633951 0.9999572995201781 1.2712774148018700
0.9996049530724990 -0.0275689767524343 -0.0054671120119119 78.1137653414439939 0.0276070599006364 0.9995942220822878 0.0070172233361009 2.1561445026517987 0.0052714359115642 -0.0071653820923787 0.9999604338487100 1.2938504158478747
0.9995996502256242 -0.0282569958543874 -0.0014427245387923 79.1856803742950746 0.0282682754386945 0.9995641423838810 0.0085105736644853 2.1837609812256162 0.0012016124715583 -0.0085479497928837 0.9999627436468853 1.3184617082666052
0.9995769115057744 -0.0289743268740487 0.0025468346575518 80.2220070560859995 0.0289493247549773 0.9995370616828401 0.0093594293984810 2.2207626231953665 -0.0028168387969475 -0.0092817403879913 0.9999529562507238 1.3264488468082096
0.9995696135534695 -0.0291416712286462 0.0033690738444098 81.3066428199503548 0.0291076210484612 0.9995287424707693 0.0097488138612766 2.2462155160066817 -0.0036515828714087 -0.0096465523791736 0.9999468035699345 1.3503843783010576
0.9995588096421751 -0.0296523194574007 0.0017105605847915 82.3411535818866156 0.0296311806039942 0.9994972010596291 0.0112844233339927 2.2923311505782236 -0.0020443098423341 -0.0112287588256021 0.9999348657650182 1.3600581270235155
0.9995390523231467 -0.0303462725992749 0.0008869161608540 83.3945928876256204 0.0303345843848750 0.9994782527492342 0.0110921265560245 2.3234487307021805 -0.0012230581109602 -0.0110601094329334 0.9999380871374931 1.3829688261332551
0.9995316634287307 -0.0305906517912370 0.0008159818515023 84.4282154266604579 0.0305809714372734 0.9994822237852735 0.0100044251807460 2.3664773251617799 -0.0011216012425837 -0.0099747862248652 0.9999496215562166 1.3939517983599352
0.9995129983615382 -0.0311900506619401 0.0009730601385820 85.4418734370490682 0.0311797182456752 0.9994708712018154 0.0092629794992984 2.4038111529667012 -0.0012614580643040 -0.0092281286721481 0.9999566242416529 1.4179402494742714
0.9994948881127852 -0.0317030487816516 0.0022102792491338 86.4643160337994345 0.0316831041606378 0.9994614809896738 0.0085398435977597 2.4284350655912506 -0.0024798280499075 -0.0084655015135691 0.9999610921115715 1.4332516810314344
0.9994510558952664 -0.0327460250798412 0.0050283905285398 87.4775494305960279 0.0327095269962730 0.9994391330915813 0.0071767742634608 2.4786477256663879 -0.0052605811007134 -0.0070083583397968 0.9999616038628002 1.4465096346353170
0.9994153962063622 -0.0336328354066209 0.0061398866594738 88.4724378483073082 0.0335885126221214 0.9994099224068866 0.0071846234761718 2.4995165482785819 -0.0063779029087644 -0.0069741936574717 0.9999553404914214 1.4662601897220857
0.9993570702346485 -0.0352712802780543 0.0064329588500706 89.4212450613428160 0.0352331554419221 0.9993614276657339 0.0059465663631593 2.5496703409081674 -0.0066385939494085 -0.0057160896995268 0.9999616269582158 1.4708329671279536
0.9992341451774950 -0.0386889910703970 0.0058553463907429 90.3564593817780946 0.0386586382478362 0.9992388871982989 0.0052111418641400 2.5890057022850614 -0.0060525036326948 -0.0049807911680771 0.9999692789876679 1.4979124948000806
0.9990900777086149 -0.0423305761868459 0.0052095051476583 91.2566052772068019 0.0423066201684093 0.9990939649148656 0.0046259226776230 2.6393540093486023 -0.0054006031255579 -0.0044013168919131 0.9999757306532480 1.5055500086959026
0.9989615244168381 -0.0452919133549243 0.0049512947233047 92.1536776001326956 0.0452706629667180 0.9989654045190641 0.0043229213058266 2.6842686920024326 -0.0051419655133829 -0.0040942836629350 0.9999783982826562 1.5177547465611874
0.9987997536435569 -0.0486119880891635 0.0059938915229659 93.0059864170004005 0.0485839981322230 0.9988078995783212 0.0047302077576533 2.7101406034559816 -0.0062166910055282 -0.0044333231284704 0.9999708487745932 1.5333141084068527
0.9986567697062396 -0.0513695142554185 0.0067697359668643 93.8484776942611916 0.0513352078904038 0.9986682123461144 0.0051476286059998 2.7783336643852148 -0.0070251512971411 -0.0047931883520931 0.9999638356434065 1.5471515306095944
0.9984891403452385 -0.0542752359802175 0.0085811055184236 94.6656105877568450 0.0542133453688699 0.9985027797399798 0.0072878004534358 2.8132712499545947 -0.0089638048027750 -0.0068115791726418 0.9999366242880758 1.5590285555843506
0.9983231851025527 -0.0571307473009156 0.0093217916482478 95.4253631300021397 0.0570484664099004 0.9983320404765673 0.0088661963756723 2.8716046180150214 -0.0098127757017515 -0.0083195354877807 0.9999172439568660 1.5695770412944987
0.9981589924346286 -0.0599216098424284 0.0093822436431157 96.1957082151547382 0.0598133325722721 0.9981441962949765 0.0114249135337721 2.9198609233228749 -0.0100494312518556 -0.0108426969222229 0.9998907164560370 1.5849957534717056
0.9980177627100771 -0.0623330047189433 0.0086684391836372 96.9160565559395479 0.0622309783892361 0.9979945944207745 0.0115799324536940 2.9821276790899618 -0.0093728674316163 -0.0110175328282642 0.9998953761901730 1.5945276146001530
0.9979112571337474 -0.0643958551681361 0.0051280330447825 97.6191543605727929 0.0643217046949614 0.9978377997126758 0.0135071747489975 3.0303336103711427 -0.0059867512791268 -0.0131491179069248 0.9998956243065531 1.6062991471262169
0.9977367911947509 -0.0672303411503731 0.0011733393398461 98.2896981070518763 0.0672018065394101 0.9976021461444754 0.0165491753805574 3.0815316583116679 -0.0022831325501785 -0.0164328706177951 0.9998623645627518 1.6177617772643855
0.9976101714673171 -0.0690757995981584 -0.0015747046787476 98.9100523183883951 0.0690931735285387 0.9974355824113338 0.0186652701967758 3.1388423017787317 0.0002813480148145 -0.0187294647451142 0.9998245486052321 1.6275259126851354
0.9975284565369489 -0.0702084544541865 -0.0027841196394802 99.5003992002202438 0.0702500283815396 0.9973318013111605 0.0198547627996087 3.1843567476766519 0.0013827188453936 -0.0200012753740920 0.9997989983351675 1.6402813893557346
0.9975633454534194 -0.0697246546693240 -0.0024175067787532 100.1054331908266022 0.0697611681997863 0.9973178155592777 0.0221484577221894 3.2298795394195312 0.0008667290135481 -0.0222631376789976 0.9997517699316681 1.6545710065743020
0.9977622431132346 -0.0668479154967879 -0.0013647019384951 100.6605014770549786 0.0668610515436395 0.9974431707851008 0.0252333279739925 3.2847870356711826 -0.0003255827473991 -0.0252681073271941 0.9996806573841348 1.6666854908292243
0.9981149700254144 -0.0613717892610733 0.0001004692025686 101.2039870971127300 0.0613443158152884 0.9977145355543373 0.0283298510540926 3.3225957518074400 -0.0018388932324676 -0.0282702852211880 0.9995986241713182 1.6784350324481352
0.9985425500517596 -0.0539171298844806 0.0023914098663946 101.7141813030771971 0.0538260321229180 0.9981340852617713 0.0288289109150798 3.3475327199037395 -0.0039413198337162 -0.0286581741160711 0.9995814999560072 1.6869612946491672
0.9989969433037297 -0.0444946273623369 0.0050334288205405 102.2046662606241796 0.0443369953642873 0.9986243857954682 0.0279922656584106 3.3879380975015860 -0.0062720101938560 -0.0277410207186153 0.9995954670053369 1.6900567321958626
0.9994490918085196 -0.0325208609025453 0.0066261971961883 102.6860613889404448 0.0323266861394600 0.9990972736280167 0.0275612625310360 3.3977721877492004 -0.0075165315383037 -0.0273318758086808 0.9995981544192709 1.7028577671506495
0.9997848136578891 -0.0193946984755069 0.0073601664454070 103.1256183044446573 0.0191867893264027 0.9994420766042132 0.0273386654466204 3.4013318120268128 -0.0078862852094102 -0.0271915645762095 0.9995991323132957 1.7165791068576892
0.9999661708912343 -0.0042775045156301 0.0070256692379800 103.5661101428746633 0.0040869597353558 0.9996293643576484 0.0269152498417789 3.3818418500137177 -0.0071381953772866 -0.0268856256955750 0.9996130297758794 1.7164423554499868
0.9998865763994033 0.0141503027756428 0.0051578355574826 103.9806486329240158 -0.0142834337686484 0.9995398444820167 0.0267597237026559 3.3906383771051489 -0.0047768039584048 -0.0268303601210174 0.9996285879864178 1.7325343222974303
0.9993739834230494 0.0353588404156426 0.0011805344585263 104.3721581942922825 -0.0353777333604630 0.9990202601244421 0.0265882651402467 3.3685810947012760 -0.0002392476178201 -0.0266133850788131 0.9996457725090544 1.7363661150578806
0.9982064408785921 0.0598110367824894 -0.0025575901738849 104.7946648421879559 -0.0597319316525058 0.9979210607045385 0.0242002674239219 3.3299690015253587 0.0039997161842090 -0.0240040930120816 0.9997038590448238 1.7490328194665985
0.9962121319143794 0.0868102107593534 -0.0050374134755646 105.1604544954630853 -0.0866713817361124 0.9959663324357603 0.0232193075351881 3.3108426982424124 0.0070327672050364 -0.0226947562749021 0.9997177042660906 1.7558939908751932
0.9931662733414597 0.1165525118532814 -0.0060220825075390 105.5770937794299016 -0.1164108677869270 0.9929977616576900 0.0200986368670120 3.2208851534662073 0.0083224610621813 -0.0192602524258665 0.9997798654295657 1.7640780912267815
0.9888481079055405 0.1487505456786986 -0.0072591082043206 105.9633360286160269 -0.1486089586460601 0.9887463956020859 0.0172029821256957 3.1598027941980966 0.0097363700508057 -0.0159323678143839 0.9998256661808902 1.7650767435100982
0.9828019493625940 0.1844686641028623 -0.0084640589075563 106.3330901078390980 -0.1843224289968788 0.9827411485826912 0.0156549369549483 3.0630566531517029 0.0112058242791772 -0.0138255866594583 0.9998416287871524 1.7857191346903343
0.9749075589533929 0.2224189568966995 -0.0092227495098194 106.6846096188084374 -0.2223081784245654 0.9749064452793668 0.0116831827128003 2.9631199089266107 0.0115898792525346 -0.0093397304957486 0.9998892159300341 1.7909609817008048
0.9649053979656489 0.2624043310877599 -0.0100767059666383 107.0485071173390565 -0.2623050805945366 0.9649313131557843 0.0101786829082842 2.8394111089064680 0.0123942596005757 -0.0071782949116776 0.9998974219444285 1.8050336626455130
0.9526659117804473 0.3038460727466758 -0.0102579046569335 107.3638607849595701 -0.3037418416811763 0.9526957915974010 0.0105651448039627 2.7187017877195783 0.0129828403539519 -0.0069492984554726 0.9998915706752011 1.8215061895051863
0.9374480073129574 0.3479915605783908 -0.0096492150552013 107.7038491071174633 -0.3478798524968962 0.9374677804088438 0.0115658515490011 2.5947039582895179 0.0130706469504420 -0.0074856169773743 0.9998865554285471 1.8202119263285514
0.9197848365422689 0.3923413496081532 -0.0080074874064570 108.0601033582084938 -0.3922448518524657 0.9197906092456279 0.0113671165558314 2.4208822274806314 0.0118250015707799 -0.0073144057318061 0.9999033297307504 1.8414995129301293
0.8997476161444389 0.4363580439113301 -0.0067738287753146 108.3359681672695132 -0.4362722958157385 0.8997448474166181 0.0112113090632368 2.2530446852364667 0.0109868624303911 -0.0071321147722366 0.9999142072162048 1.8378178234182843
0.8767373668410561 0.4809157411504058 -0.0071860627862098 108.6712584594097279 -0.4808359608804881 0.8767481968720570 0.0104583940322850 2.0335580039700365 0.0113299739076981 -0.0057139474404971 0.9999194880068586 1.8584708090143796
0.8517472441071863 0.5238809139092270 -0.0086844802634535 108.9116495286462509 -0.5237905337636067 0.8517789357009420 0.0107759656554080 1.8595943438339122 0.0130425800917298 -0.0046295504969336 0.9999042245969096 1.8628405708670006
0.8241322166033654 0.5662960300859550 -0.0107189488901956 109.2008664562802664 -0.5661893508158113 0.8241948370446314 0.0115104131873566 1.6365755367479338 0.0153528036264935 -0.0034171476205491 0.9998762996105797 1.8704494670785388
0.7937340436965147 0.6081381326298464 -0.0124209306681367 109.4523546549605584 -0.6079603962354431 0.7938173120087821 0.0154347583199376 1.4247617973030398 0.0192464148979076 -0.0046996592041491 0.9998037250965524 1.8917315190098689
0.7601208255072678 0.6496663930686097 -0.0122437064393286 109.7218317411613242 -0.6493667589109173 0.7601738241661272 0.0214142353161747 1.1607932768513447 0.0232194541641335 -0.0083267502585740 0.9996957147944824 1.9058722808721884
0.7234673103230504 0.6902688265686093 -0.0111354371951030 109.9538499455879190 -0.6898513994071885 0.7234599044114356 0.0266610848417707 0.9300935211340714 0.0264593580775239 -0.0116066264087178 0.9995825071466256 1.9018389844949204
0.6842710508520041 0.7291396098627126 -0.0113383550458299 110.1823120398971980 -0.7287113868755818 0.6842888781823502 0.0269897357120655 0.6519980167800460 0.0274379956221372 -0.0102059063875785 0.9995714060891536 1.9080667823363924
0.6431722928593648 0.7656371524000025 -0.0113645309116877 110.3947554273469507 -0.7653141320638104 0.6432433773423694 0.0230702572287102 0.3294179400257437 0.0249736052952710 -0.0061407141276543 0.9996692506367085 1.9321011020382342
0.5996393409146119 0.8002135084393623 -0.0095394831441072 110.5895154853330524 -0.7999289368296419 0.5996890910393667 0.0220610541673993 0.0412703101097213 0.0233742775308404 -0.0055977673714509 0.9997111123471452 1.9335657040620471
0.5534016061771334 0.8328845329673997 -0.0070722715053467 110.8085387643874355 -0.8326830987589724 0.5534280381068973 0.0188749484318779 -0.3120927489913392 0.0196346459536317 -0.0045564658263749 0.9997968390115307 1.9524877948320081
0.5055841121837716 0.8627620939323558 -0.0051258931713653 110.9273669013374359 -0.8626181732360475 0.5055960390858102 0.0162028535648590 -0.6070411278294429 0.0165708391535164 -0.0037702167307466 0.9998555859500668 1.9371922054891406
0.4551939373471277 0.8903817426000195 -0.0043395676019486 111.1383069180869256 -0.8903134028965961 0.4552130752319858 0.0110950782115970 -0.9985788088273811 0.0118542829855854 -0.0011868371375205 0.9999290311779665 1.9875535073127966
0.4039768249100976 0.9147691184521879 -0.0004299555368861 111.2421468848488217 -0.9147073794993020 0.4039549358588814 0.0114376433222482 -1.3444416566913404 0.0106364855603885 -0.0042272593313297 0.9999344955813202 1.9773214434589430
0.3528697305684062 0.9356693621008311 0.0024079191026012 111.3638652054321199 -0.9355794018462779 0.3527971727410188 0.0150112540084027 -1.7082872094680546 0.0131960634107888 -0.0075498166711448 0.9998844254106024 1.9879270102506685
0.3021702362958758 0.9532456013179685 0.0039964815574952 111.5084121835287476 -0.9530774782200176 0.3020309586789969 0.0205090348192773 -2.1182579861462267 0.0183430860725999 -0.0100061764621117 0.9997816799811559 1.9945630456047587
0.2555435363276388 0.9667922132460952 0.0032120784363770 111.5760148012512900 -0.9665691375636544 0.2554095369833522 0.0225847454580083 -2.5008993882729635 0.0210143605807582 -0.0088760816054348 0.9997397720530656 1.9952791806814014
0.2134623529530343 0.9769475470497955 -0.0027044750215071 111.6704290592167865 -0.9767033132268668 0.2134697213342471 0.0219389153136592 -2.9666155212752008 0.0220104930298091 -0.0020416627700458 0.9997556550526324 2.0148401668829101
0.1783750170767187 0.9839112899024229 -0.0100462373767888 111.6978149191223793 -0.9837039263184986 0.1785529211258353 0.0211054424971711 -3.3548978025206924 0.0225596681813022 0.0061178394864302 0.9997267793810306 2.0365865894045010
0.1470821819273600 0.9890452192082323 -0.0125054436477442 111.7672168968913411 -0.9888448884885525 0.1473293611861797 0.0219053838709742 -3.8229931351344799 0.0235078342164801 0.0091440523736542 0.9996818334033276 2.0523069960865366
0.1192992824541876 0.9928157503991039 -0.0091960298705643 111.7956858550742538 -0.9926328132686203 0.1194644725356683 0.0202073705414357 -4.2596581374661309 0.0211607946055974 0.0067175561954414 0.9997535172283321 2.0653214382815328
0.0938757418755916 0.9955773004895464 -0.0036309554190859 111.8586660501317169 -0.9954436836318404 0.0939231063146058 0.0164414968201830 -4.7542377803669886 0.0167098116320956 0.0020709539259380 0.9998582366241009 2.0572837510403934
0.0697480312296462 0.9975610693801972 0.0026692689309380 111.8931563880326649 -0.9974791673594957 0.0697067785323183 0.0132768863237377 -5.2620714375827795 0.0130584387809350 -0.0035885768326311 0.9999082954415974 2.0651637802878895
0.0473839448810928 0.9988764074499479 -0.0008272891828087 111.9037706899475921 -0.9988264535927458 0.0473898539817542 0.0099958662919769 -5.7819711577528130 0.0100238401246539 0.0003526747431426 0.9999496978596878 2.0829084138934677
0.0267667067999834 0.9996189118992033 -0.0067508799823798 111.9089301742165361 -0.9995872772976685 0.0268351120439997 0.0102543564507988 -6.2977319376023422 0.0104316092582968 0.0064736183884093 0.9999246340566090 2.1047367985470844
0.0090586609875997 0.9998863849054910 -0.0120481509676970 111.8945050017019867 -0.9998817809299637 0.0092070071384831 0.0123148359256809 -6.8558690752982034 0.0124243641863984 0.0119351707227253 0.9998515824233031 2.1193632280690453
-0.0052976289484181 0.9999063432020501 -0.0126190313348429 111.8884370265069776 -0.9998377708283530 -0.0050791753569328 0.0172810301395539 -7.4128899343460990 0.0172153173806215 0.0127085326453682 0.9997710368106720 2.1261514711298073
-0.0167371705971315 0.9998077625669831 -0.0102129834625331 111.9031138584579992 -0.9996192261076476 -0.0165081546594481 0.0221107129167684 -8.0305876233480724 0.0219378648995412 0.0105791653991797 0.9997033616744050 2.1263684541860552
-0.0232072033588067 0.9996598810769380 -0.0118973895248248 111.8732246986775323 -0.9994891224647998 -0.0229383618333794 0.0222559122694529 -8.6457562037617564 0.0219754359867469 0.0124078088977620 0.9996815125286398 2.1266446038178652
-0.0255707432590879 0.9995128071083496 -0.0178965224433487 111.8316994552710071 -0.9995109655139766 -0.0252401691503246 0.0184597854424576 -9.2835352507277715 0.0179990807125360 0.0183598008608610 0.9996694207616101 2.1565498450027007
-0.0255822823762029 0.9994857496288754 -0.0193334714221028 111.8142233830638048 -0.9995344940809467 -0.0252523599144525 0.0171205566818633 -9.9538032955999949 0.0166235366504891 0.0197624544921932 0.9996664960984107 2.1735288750104695
-0.0238125000752709 0.9995365637919323 -0.0189637149098443 111.8096938902721575 -0.9995829568692479 -0.0234950624149970 0.0167897104991956 -10.6040821708420108 0.0163363758740003 0.0193556112053335 0.9996791901095928 2.2033328965852723
-0.0219708038657764 0.9996464593408165 -0.0149746487391681 111.8076233642644013 -0.9996189305313854 -0.0217148986777729 0.0170427960940697 -11.2848151988156129 0.0167115977925980 0.0153433862880376 0.9997426183755670 2.1942358445714318
-0.0208494927296219 0.9996821442391158 -0.0141742422161242 111.8004262805793587 -0.9996245403653573 -0.0205919937923211 0.0180761746784376 -12.0008601397761954 0.0177785531544561 0.0145457994328579 0.9997361365713421 2.2168463169021790
-0.0200234521044678 0.9997083236835210 -0.0135029227837814 111.7929066671233329 -0.9996289552373540 -0.0197687580599766 0.0187389448967277 -12.7209704613531471 0.0184665431766904 0.0138731309606300 0.9997332259260231 2.2340167292253708
-0.0193140405132783 0.9997265020798548 -0.0131866932257400 111.7901670106631116 -0.9996491850698496 -0.0190701042240862 0.0183803676260373 -13.4634223260614654 0.0181238690195342 0.0135370663018553 0.9997441038624344 2.2531394610118665
-0.0184615386619158 0.9997537530004561 -0.0123127962598944 111.7778926804455466 -0.9996772144932551 -0.0182423461836818 0.0176828625714653 -14.2231163490224493 0.0174538939277516 0.0126352747187307 0.9997678287580277 2.2754897402317495
-0.0181136214268165 0.9997584009803192 -0.0124513608927514 111.7611121589197012 -0.9997086663903209 -0.0179112170025484 0.0161793278467967 -14.9838394010823333 0.0159523999101227 0.0127407996123943 0.9997915747606320 2.3014741938678158
-0.0186704077709539 0.9997406161297561 -0.0130428652589080 111.7571766760074041 -0.9997314572706416 -0.0184879582871627 0.0139717122032799 -15.7656443596618914 0.0137269522176429 0.0133002202563664 0.9998173207761240 2.3225608043073303
-0.0195631713861681 0.9997384522533340 -0.0118452273690326 111.7498151002568250 -0.9997283856646483 -0.0194101348669822 0.0128996728951689 -16.5548487994355931 0.0126663815540275 0.0120943685471474 0.9998466327531306 2.3351545274898236
-0.0206285563156112 0.9997426140253651 -0.0094429002993618 111.7329378780610938 -0.9997173456219606 -0.0205145405228939 0.0120159265026202 -17.3531095951682204 0.0118191170108213 0.0096881024387943 0.9998832177530633 2.3471983872495374
-0.0218311518523471 0.9996847423415589 -0.0124022876233014 111.7106302662302966 -0.9997212800111770 -0.0217170796546891 0.0092590898087303 -18.1465373736351481 0.0089868293415423 0.0126009674534626 0.9998802190850776 2.3504991944188429
