1.0000000000000000 -0.0000000000000000 -0.0000000000000000 0.0000000000000000 0.0000000000000000 1.0000000000000000 0.0000000000000000 -0.0000000000000000 0.0000000000000000 -0.0000000000000000 1.0000000000000000 0.0000000000000000
0.9999824970190110 -0.0059089734815821 0.0002994795781350 0.0787100161343590 0.0059089334988577 0.9999825330928349 0.0001342167774459 0.0098544491599879 -0.0003002674305317 -0.0001324448233407 0.9999999461489180 0.0051116620111695
0.9999175760535348 -0.0128380659392237 0.0001586258601608 0.1481613070195489 0.0128380117651353 0.9999175322228554 0.0003379456660090 0.0195841648874687 -0.0001629513473828 -0.0003358813705345 0.9999999303152792 0.0088251217545667
0.9997863790932064 -0.0206685677566960 -0.0000805393203854 0.1831143581210432 0.0206686109208625 0.9997862143008099 0.0005781147437426 0.0224263358120769 0.0000685732984783 -0.0005796558822237 0.9999998296483660 0.0089594250157430
0.9995526685400689 -0.0299003217480129 -0.0006584632051051 0.2759540709693304 0.0299007678648127 0.9995526418482965 0.0006784210975623 0.0470891252400601 0.0006378836271250 -0.0006978061739056 0.9999995530854111 0.0103123332110505
0.9991557544180983 -0.0410608242399396 -0.0013368342969427 0.4698230243930556 0.0410618502719864 0.9991563255947892 0.0007493171295436 0.0573541909660796 0.0013049388651062 -0.0008035774116070 0.9999988256982615 0.0089149500125700
0.9984955979597088 -0.0547914755284538 -0.0021059592822324 0.6063703977666250 0.0547928871532987 0.9984975498031141 0.0006185099704316 0.0697150612753357 0.0020689061093852 -0.0007329710720709 0.9999975911875578 0.0076344729136783
0.9974781846743255 -0.0709481078084360 -0.0019071175146611 0.7406195009228034 0.0709491966647082 0.9974798002990847 0.0005093995785327 0.0834363689268228 0.0018661702614557 -0.0006434234224791 0.9999980517055294 0.0122598974642912
0.9960120410093445 -0.0892007029471343 -0.0018024311739664 0.8794882441026189 0.0892010154721086 0.9960136395047152 0.0000935912167792 0.1030452257311500 0.0017868976312127 -0.0002539966698812 0.9999983712399472 0.0183214383092649
0.9940108002833795 -0.1092649319471454 -0.0019244652714470 1.0494679832256830 0.1092646508505811 0.9940126624519027 -0.0002509178756939 0.1365315710685562 0.0019403593728793 0.0000391390524651 0.9999981167350460 0.0234919278255864
0.9913472247981788 -0.1312492406378392 -0.0020776710373872 1.2360555678624527 0.1312489520594492 0.9913494019930441 -0.0002752295953442 0.1649912977660011 0.0020958216158421 0.0000001559491454 0.9999978037634534 0.0189000700990606
0.9878714550977794 -0.1552447020943446 -0.0030117560715152 1.4022469244965248 0.1552467905315644 0.9878756055886362 0.0004710759320933 0.2187074007379252 0.0029021083102917 -0.0009329279304653 0.9999953536956219 0.0168678583509478
0.9834934598849389 -0.1807729276585096 -0.0078589432701526 1.5838702892477678 0.1808112326238790 0.9835076753455484 0.0044666199109538 0.2975063901418345 0.0069218870682594 -0.0058138766900124 0.9999591423239490 0.0215359073203133
0.9781779747716647 -0.2075783548377218 -0.0088924841562607 1.7633470118237651 0.2076532787669197 0.9781652178864589 0.0085394575052704 0.3505143290127639 0.0069257121621099 -0.0101996627395845 0.9999239978073565 0.0373710528593226
0.9715518014215528 -0.2365838990515450 -0.0107310700353707 1.9627492213374822 0.2366851507776683 0.9715408487853100 0.0094084293520183 0.4205073827409513 0.0081997899904872 -0.0116806614148282 0.9998981576105759 0.0322543113262289
0.9633844647690479 -0.2678575500190089 -0.0119459591272173 2.1524394958717643 0.2679751359570700 0.9633776407796876 0.0096357539690999 0.4838455330779339 0.0089274604700802 -0.0124841557014212 0.9998822162164791 0.0377108852207703
0.9541232199181386 -0.2991786404188408 -0.0118752823198951 2.3609711663644286 0.2992993504619966 0.9541052669644121 0.0101507814376477 0.6024124692644421 0.0082933724183971 -0.0132393605548712 0.9998779622064025 0.0430142582958707
0.9430027849768575 -0.3325574140620568 -0.0123009706222010 2.5633908175162836 0.3327140466087659 0.9429202665456002 0.0142384734713468 0.6937192633278660 0.0068637245800331 -0.0175196258502272 0.9998229603259556 0.0626036379339834
0.9303731306731576 -0.3663677314412464 -0.0134358877645794 2.7284280571325490 0.3665484762296667 0.9302748601242770 0.0151953675331097 0.7607936923793187 0.0069319762793183 -0.0190622658504079 0.9997942676998660 0.0518183244155693
0.9167533734319044 -0.3991930091300986 -0.0144289210573817 2.9390040780992770 0.3994015463496534 0.9166191434710993 0.0169632130156400 0.9116430297726029 0.0064542292126012 -0.0213140161388073 0.9997519970679257 0.0559198796089930
0.9008028100662423 -0.4339137533588175 -0.0165273114215453 3.1366472447010305 0.4341696810169715 0.9006542603293816 0.0178491298431008 1.0375510133780732 0.0071404105191965 -0.0232542038478629 0.9997040844875145 0.0397281992492950
0.8824327473490285 -0.4701364682685603 -0.0168566784987568 3.3151723674654190 0.4703618401167443 0.8823693778054460 0.0135654145981798 1.1334485855249421 0.0084962208090275 -0.0198993043897320 0.9997658885543000 0.0363461951607599
0.8613999032912922 -0.5076951762885344 -0.0153562555040696 3.5331787932968499 0.5078623952557604 0.8613795467123442 0.0100530587742393 1.2994978128545314 0.0081236749586680 -0.0164585685583677 0.9998315465248011 0.0599855150448892
0.8366748006044266 -0.5475155237116861 -0.0142137021307296 3.7073082531896584 0.5476674325769030 0.8366262485084736 0.0108121968748845 1.4213967662947875 0.0059717106566229 -0.0168306744177393 0.9998405208184341 0.0791782236737209
0.8081933170721469 -0.5887389829386673 -0.0144904178084661 3.9035435972903270 0.5889108930791112 0.8080544618691141 0.0152297953426862 1.6255924655742688 0.0027426725440615 -0.0208421837090087 0.9997790161458461 0.0648836725342491
0.7761914706706449 -0.6302896504221694 -0.0161789192729596 4.0825302982538227 0.6304946473155365 0.7760065995992252 0.0170369329664965 1.8372245857224170 0.0018167456064808 -0.0234246440559334 0.9997239546426074 0.0778526732316929
0.7405849205021837 -0.6717427540988308 -0.0171944130604125 4.2407647808789628 0.6719609495014296 0.7404001122130542 0.0166179475277154 1.9828083135589072 0.0015677595196296 -0.0238609754749171 0.9997140571080683 0.0652440032620212
0.7012267119667313 -0.7127883653337161 -0.0146234287776808 4.4282081654600720 0.7129381559679595 0.7010943272667498 0.0136356165753169 2.2339234908094183 0.0005330941121839 -0.0199872589234371 0.9998000926642261 0.0826986134270682
0.6591176295323812 -0.7519458891411709 -0.0118882397060593 4.5983564039351679 0.7520397437387368 0.6590439437158264 0.0098642834948035 2.4659311406818416 0.0004174649564798 -0.0154421518961798 0.9998806757147702 0.0920086962851020
0.6146783878684959 -0.7887229329752663 -0.0093066904042442 4.7445757519279477 0.7887766329662125 0.6146140269589460 0.0090011750229004 2.6811628143318256 -0.0013794106972729 -0.0128737276731173 0.9999161786679555 0.0904922682308050
0.5672745914066248 -0.8234998401246442 -0.0068957421016536 4.9035995570123481 0.8235217546990491 0.5672154958989857 0.0088600648681003 2.9855522761915272 -0.0033848902265936 -0.0107048833133936 0.9999369720094364 0.0881525661776014
0.5166104902124801 -0.8561996699528459 -0.0059771711585679 5.0574512218070096 0.8562070149030970 0.5165505184425772 0.0092254825040579 3.2524727069299146 -0.0048113442143519 -0.0098836769141103 0.9999395801234735 0.0896902029403848
0.4643420913097955 -0.8856396732804447 -0.0053657571462725 5.1294673398348092 0.8856367536854152 0.4642836506990209 0.0093932004742281 3.5352913832945472 -0.0058277576824173 -0.0091137700923843 0.9999414865056346 0.0825933806102949
0.4099053837312424 -0.9121190443875919 -0.0040528081140188 5.2828338627927485 0.9120942919435227 0.4098479415384990 0.0104243666809703 3.8986176034508460 -0.0078472283124114 -0.0079695471716573 0.9999374517067013 0.0753486755982118
0.3550741752340302 -0.9348289268822411 -0.0041481979305409 5.3524635280110839 0.9347798138911835 0.3549989665479477 0.0127449319909294 4.1994795824051003 -0.0104417251178893 -0.0084030479045879 0.9999101755470217 0.0824193933012488
0.2998920625510880 -0.9539687981274592 -0.0028780232982791 5.4633307639619995 0.9538791560761011 0.2998188064798877 0.0149411808275275 4.5947742958699420 -0.0133905348063301 -0.0072260279702459 0.9998842323476121 0.0804505852531865
0.2462045674223248 -0.9692178852938509 0.0000425076666332 5.5327065445578150 0.9690944145284572 0.2461739024511886 0.0159507204131738 4.9742163381553501 -0.0154701877859490 -0.0038859462770910 0.9998727782630144 0.0759388412476406
0.1958993749329347 -0.9806230423897528 0.0013724558829769 5.5685538883844181 0.9804835619474943 0.1958948131568244 0.0166495323960513 5.3216064890527717 -0.0165957721013443 -0.0019159625565551 0.9998604449801193 0.0887926147997214
0.1480567194832811 -0.9889784031467677 -0.0009622500293382 5.6082633841517415 0.9888405004635927 0.1480196590647408 0.0168714306823660 5.7722109063364080 -0.0165430486537701 -0.0034494404804026 0.9998572042554933 0.0849342463652477
0.1056650395571127 -0.9943939893767620 -0.0039361538031705 5.6251761476527626 0.9942722435896550 0.1055865584705417 0.0165585113322722 6.1703891413224481 -0.0160500792081509 -0.0056632642279237 0.9998551507071896 0.0657086997187382
0.0671778463669138 -0.9977255791458783 -0.0055502860759963 5.6341004395413359 0.9976286590883865 0.0670857599403474 0.0153804869472516 6.6465264549836158 -0.0149731600876976 -0.0065703524447440 0.9998663085361663 0.0611548155327425
0.0324424945185812 -0.9994565818137893 -0.0058331482501587 5.6446533992686367 0.9993848914781509 0.0323613048215926 0.0135123882215026 7.1183739600987277 -0.0133162770554110 -0.0062679358117698 0.9998916890073860 0.0594725021136695
0.0009680910857269 -0.9999781243276437 -0.0065432152507474 5.6302372398961440 0.9999515403144185 0.0009039204260816 0.0098030582312693 7.5543266885203604 -0.0097969292368620 -0.0065523884218802 0.9999305407794568 0.0685669140519139
-0.0255910843017664 -0.9996476217500905 -0.0070518602969775 5.5986853372606928 0.9996378052127917 -0.0256483256076940 0.0081499560044714 8.0673317486644240 -0.0083279525462746 -0.0068407399387717 0.9999419230552727 0.0519781191356557
-0.0467954040707423 -0.9988734673961692 -0.0078731372279844 5.5633599834462757 0.9988830476143740 -0.0468445948115370 0.0061839409411663 8.5631408064604084 -0.0065457884534165 -0.0075749632934837 0.9999498850365580 0.0559029461921789
-0.0631745489698974 -0.9979706834167749 -0.0079681492899011 5.5337180091032989 0.9979871299544977 -0.0632158639877021 0.0050441040307984 9.1116752511567434 -0.0055375813885852 -0.0076334514437745 0.9999555318170005 0.0465166443468751
-0.0764755990121644 -0.9970371300925905 -0.0082730872388626 5.4818469262734837 0.9970570896671850 -0.0765164018849431 0.0047328835803588 9.6598722377527046 -0.0053518875300213 -0.0078867901780803 0.9999545768886470 0.0541932121395153
-0.0859348795007868 -0.9962686443172133 -0.0079990521643049 5.4241516288796365 0.9962801960120504 -0.0859819159486821 0.0057342099703840 10.2211878376838907 -0.0064005874242851 -0.0074765286153271 0.9999515658273096 0.0449311074929532
-0.0932314832570189 -0.9955895449132526 -0.0104569875738282 5.3674704874474406 0.9956164994395724 -0.0933024337910699 0.0065147442279208 10.7974701583040780 -0.0074616736318630 -0.0098037700955288 0.9999241018790004 0.0463903808934520
-0.0969712144818728 -0.9952477888666891 -0.0088556376324561 5.2890855542192421 0.9952494606999998 -0.0970411693302302 0.0078436236129600 11.3895203344710403 -0.0086657104885193 -0.0080529628701692 0.9999300251771325 0.0458326921474037
-0.0994147212037457 -0.9950047761571480 -0.0090668976196854 5.2450512564356195 0.9950034212779174 -0.0994907113324681 0.0083540411657670 11.9766313579737336 -0.0092143829539128 -0.0081910794785442 0.9999239977937098 0.0450957409330240
-0.0982476718176741 -0.9951298259127241 -0.0080015349351530 5.1856585282153107 0.9950984398291591 -0.0983290903556311 0.0105111863939288 12.6062644206368990 -0.0112467787379490 -0.0069296153389641 0.9999127413926046 0.0375748767051725
-0.0966716011981192 -0.9952923372955235 -0.0069112113703855 5.1227452720894977 0.9952264120227153 -0.0967538726643284 0.0127701580588374 13.2570332550864336 -0.0133787269269001 -0.0056437084677785 0.9998945735529052 0.0413969658786968
-0.0949143409300750 -0.9954541492824753 -0.0078933238951471 5.0569104723622127 0.9953984711904094 -0.0950078752295977 0.0124654400706032 13.9276589704091407 -0.0131587019726909 -0.0066738535091355 0.9998911481965087 0.0285151075250620
-0.0934577957551552 -0.9955604654264572 -0.0111803440217330 4.9969277630202207 0.9955505321666747 -0.0935807897930272 0.0110351114341862 14.5766807278333719 -0.0120323860991627 -0.0100992802500912 0.9998766054984939 0.0264522892652400
-0.0921630660242077 -0.9956636473076945 -0.0126439982187810 4.9160554287949294 0.9956793153892673 -0.0922943088933212 0.0102206385252664 15.2725790699542241 -0.0113432873091311 -0.0116474021070453 0.9998678251934999 0.0289428454273749
-0.0902317451085337 -0.9958279419151282 -0.0135993483574994 4.8434609697229103 0.9958229658119372 -0.0904058608660205 0.0127828432905712 15.9546989977606941 -0.0139589733213498 -0.0123891251569176 0.9998258131503007 0.0085280688852064
-0.0886795036275929 -0.9959995273697665 -0.0109948676920541 4.7768694780357368 0.9959152584599072 -0.0888495071241955 0.0160798958492890 16.6596953789273456 -0.0169924572413817 -0.0095239993169662 0.9998102569157361 0.0104463996046180
-0.0865529218565884 -0.9961765072146346 -0.0118725815111643 4.7119948541144181 0.9960627613088128 -0.0867600877284902 0.0182116092426952 17.3862758676794407 -0.0191720434996182 -0.0102495683322085 0.9997636616206113 0.0043279949185315
-0.0845930866773958 -0.9963329239851737 -0.0128341057166316 4.6323908133672314 0.9962296800697683 -0.0848190822906678 0.0182249232496815 18.1321739128237844 -0.0192466681396667 -0.0112440145199123 0.9997515380848371 0.0085704053888409
-0.0833824060800437 -0.9963782252364577 -0.0166675322393612 4.5604746387145152 0.9963649360721911 -0.0836507497466634 0.0161079555710865 18.8880118074546850 -0.0174438677523561 -0.0152638246016047 0.9997313274757222 0.0034525269849214
-0.0816527491243029 -0.9965110971308425 -0.0172760486086518 4.5012740633918336 0.9965247634264168 -0.0819157618384181 0.0151064171912360 19.6623529188450803 -0.0164688930522901 -0.0159825297595969 0.9997366324708302 -0.0020784802625170
-0.0802009585556727 -0.9966765767975481 -0.0142691103392006 4.4300937797753885 0.9966155455454240 -0.0804386224078042 0.0169435061994723 20.4354139004549005 -0.0180349833365084 -0.0128619317466586 0.9997546249394379 -0.0192270478492738
-0.0790937083089474 -0.9967762557743665 -0.0134640718348415 4.3809604222293732 0.9966710106728294 -0.0793388690239962 0.0187680671992057 21.2050783942029000 -0.0197757879827801 -0.0119348140508264 0.9997332036214623 -0.0297461562832580
-0.0778868614167449 -0.9969133094449160 -0.0098737161309422 4.2978286553283880 0.9967463220734941 -0.0780722694130296 0.0200372199085095 22.0342081784307595 -0.0207462346369505 -0.0082809540685235 0.9997504786435981 -0.0317039120847009
-0.0770964623050889 -0.9969727706914864 -0.0100712461881028 4.2322631771726655 0.9968705633512289 -0.0772576936350600 0.0167430193810832 22.8208410770441184 -0.0174704156746234 -0.0087489012985959 0.9998091024301705 -0.0336478024593822
-0.0769208404215482 -0.9970035771848702 -0.0081884912783340 4.1731893129989004 0.9969802730692445 -0.0770016182022770 0.0100541486464840 23.6640654291004751 -0.0106545492451599 -0.0073903907070878 0.9999159278187237 -0.0316660613190279
-0.0769607279767721 -0.9970110861473809 -0.0067779383668828 4.1076217719342027 0.9970148746994429 -0.0769997076175428 0.0056907516961507 24.4645917920659386 -0.0061956418020740 -0.0063197409783074 0.9999608366814310 -0.0230387919615484
-0.0774245775177669 -0.9969700562844106 -0.0074927744164137 4.0460260831120749 0.9969744908215648 -0.0774723909469412 0.0063161136822185 25.3019624625172916 -0.0068774593621258 -0.0069810825252450 0.9999519813668545 -0.0142780278863802
-0.0772896297908880 -0.9969815563155419 -0.0073545559640632 3.9747932253248619 0.9969223467047726 -0.0773779096352927 0.0125894297377869 26.1585834110522377 -0.0131205094198990 -0.0063588888269535 0.9998937027331699 -0.0448165240278821
-0.0774640219171066 -0.9969562175885754 -0.0088105345982897 3.9040213223727176 0.9968082553630425 -0.0776175779750270 0.0186765529308389 27.0179917926805722 -0.0193035579237064 -0.0073356527161664 0.9997867576892154 -0.0671801374130372
-0.0779849228388019 -0.9969102575060548 -0.0093962912384636 3.8423719711416728 0.9966361357277959 -0.0781947374525009 0.0245356067033425 27.8400711893560100 -0.0251945385231154 -0.0074512759945120 0.9996547972748697 -0.0725605938702958
-0.0780589953903299 -0.9968933801854785 -0.0105062734127614 3.7615111225731011 0.9966052397413288 -0.0783043854403935 0.0254247780901074 28.6930745038660966 -0.0261684802535678 -0.0084859744975772 0.9996215278184264 -0.0703270594902257
-0.0786658822613788 -0.9968354135684783 -0.0114384100206552 3.7003878951239417 0.9966184297561216 -0.0789115940791656 0.0229055842607968 29.5190048207151818 -0.0237357207281000 -0.0095978422391041 0.9996721947647993 -0.0672358631664142
-0.0787039373814586 -0.9968301492769784 -0.0116337325520790 3.6301256899953578 0.9966683499724076 -0.0789309405063070 0.0205452377467184 30.3729408489720996 -0.0213983738619267 -0.0099779819215960 0.9997212358817019 -0.0643953407694300
-0.0789650536252700 -0.9967920825626989 -0.0130408759781183 3.5590488027401261 0.9966215691496626 -0.0792343777001885 0.0216185405642655 31.2081295902713407 -0.0225824757638119 -0.0112897090654411 0.9996812363236566 -0.0810396028145319
-0.0791612224451621 -0.9967669900411071 -0.0137502154666384 3.4816377286118185 0.9965881132912586 -0.0794551717333929 0.0223384899083766 32.0388143493501687 -0.0233587950793091 -0.0119349591205194 0.9996559025200793 -0.1001281662908697
-0.0785553273924169 -0.9968141663570755 -0.0138050095298308 3.4116671876259810 0.9966422371925361 -0.0788475030643954 0.0220753777853696 32.8552355580219810 -0.0230935398353480 -0.0120245170530339 0.9996609922406268 -0.1017578384791125
-0.0780698571692153 -0.9968381699139582 -0.0147905511787211 3.3331937555831468 0.9967832787264114 -0.0783179659068907 0.0170115098575563 33.6877473938269603 -0.0181160882368389 -0.0134148879532842 0.9997458917786038 -0.1017793506854157
-0.0784839558480952 -0.9967778821536650 -0.0165566398670929 3.2748691550552591 0.9968083914789903 -0.0787080145046730 0.0133446292492632 34.5297338498811470 -0.0146047715320142 -0.0154564582614054 0.9997738737067053 -0.0955664314229281
-0.0774391357427184 -0.9968333908347174 -0.0180657458296146 3.1840624256038188 0.9968879818217743 -0.0776860074227099 0.0133879031229116 35.3634904530593346 -0.0147489645307949 -0.0169727772529441 0.9997471644758945 -0.1134920305389835
-0.0770179385522110 -0.9969160213349004 -0.0150560136477101 3.1344290482605595 0.9968854032720393 -0.0772549239010487 0.0158483272362222 36.1759440377128101 -0.0169626025217552 -0.0137885147436321 0.9997610449386661 -0.0996389807375935
-0.0766294932318872 -0.9969393417973901 -0.0154877223506569 3.0647896288133012 0.9968337829845749 -0.0769334977287193 0.0200909439272176 37.0475570487343973 -0.0212209770671759 -0.0138991260089271 0.9996781904335527 -0.1326352628917765
-0.0759990451750210 -0.9969835590076352 -0.0157457359610348 3.0047056197675763 0.9967610285193638 -0.0763796250147031 0.0251715098401676 37.8658302937171314 -0.0262982348743303 -0.0137817252578490 0.9995591362652896 -0.1462462840267781
-0.0757589292441414 -0.9970162053096302 -0.0148078016520651 2.9182083372512602 0.9966704149293052 -0.0761648973001292 0.0291031342626152 38.6772118316913520 -0.0301441311771995 -0.0125536755273704 0.9994667261026379 -0.1432113927434113
-0.0757138478362398 -0.9970418047999833 -0.0132307492993826 2.8621999962417752 0.9966681643735785 -0.0760757674573760 0.0294116937623939 39.5065658596908307 -0.0303312276380683 -0.0109597941113707 0.9994798144750118 -0.1340972949832576
-0.0755257232767612 -0.9970664005014638 -0.0124281179016376 2.7943862713067422 0.9967907277586390 -0.0758247853358682 0.0256680147883084 40.3346480689364384 -0.0265350744850176 -0.0104496373058779 0.9995932647343370 -0.1462333565371928
-0.0752014781813188 -0.9970489122790346 -0.0154338654438425 2.7142887362108956 0.9969146136140316 -0.0755224836661559 0.0213917653241008 41.1761308158880439 -0.0224942401990114 -0.0137775536322389 0.9996520335465636 -0.1535996759174562
-0.0755356179838744 -0.9969785444759586 -0.0181149736514598 2.6453752827489967 0.9969589277041201 -0.0758583540556714 0.0178439511043755 42.0083702689555878 -0.0191642084847021 -0.0167120308330047 0.9996766682976009 -0.1609131391507568
-0.0751002053205159 -0.9969576757441739 -0.0208650889188596 2.5696881380981345 0.9970180314445362 -0.0754442909159612 0.0162235613430175 42.8527603623321980 -0.0177483558472096 -0.0195844770919060 0.9996506610420249 -0.1734845149024971
-0.0761049601963057 -0.9968904758772730 -0.0204307155700241 2.5175410439925545 0.9969719074170897 -0.0764074076433916 0.0144541993326081 43.6695516656845655 -0.0159703116641137 -0.0192688132068654 0.9996867819386981 -0.1832176786769604
-0.0770116019691525 -0.9968579199641356 -0.0185337682871588 2.4568528201643143 0.9969511678118177 -0.0772262376066355 0.0111569361285638 44.4572454804075150 -0.0125531733357833 -0.0176180484135084 0.9997659837228415 -0.1798830830548915
-0.0778974537680552 -0.9968385512144183 -0.0156489459451301 2.3794368642112267 0.9969027262127051 -0.0780535345305038 0.0096229006527153 45.2918777673494191 -0.0108139338878272 -0.0148508774163459 0.9998312408970997 -0.1771983937767510
-0.0797015694643712 -0.9967020926525135 -0.0152511746110786 2.3217195548754046 0.9967185189090016 -0.0799012094552662 0.0129611261637573 46.1321588839504741 -0.0141369688675888 -0.0141681060726996 0.9997996853778008 -0.1802922929146480
-0.0814603485313157 -0.9965935350891370 -0.0128661352275396 2.2682204275144167 0.9964863787617372 -0.0816902025919004 0.0184826335464798 46.9432870685709602 -0.0194707102971558 -0.0113153267310769 0.9997463952530627 -0.1896469570858310
-0.0835009725518883 -0.9964454385627030 -0.0111389205254375 2.1735808381140340 0.9962499603433631 -0.0837283725678166 0.0218077083388617 47.7657319503701956 -0.0226628351875216 -0.0092761842763121 0.9997001291920168 -0.1998666069452894
-0.0848600445713483 -0.9963361428486633 -0.0106331222506466 2.1072358458183902 0.9961343158072767 -0.0850762932287601 0.0218734816986971 48.5644642681359358 -0.0226979670128840 -0.0087358333261609 0.9997042000059716 -0.1927980916343656
-0.0861673469531454 -0.9962299486578208 -0.0100537414076341 2.0319886746163709 0.9961056839304741 -0.0863369559439575 0.0178716669545219 49.3772510380242053 -0.0186722992815158 -0.0084746348338101 0.9997897407975215 -0.1799733312695530
-0.0872042834194675 -0.9960863743528113 -0.0143995757565516 1.9504220547665361 0.9960600183814866 -0.0874176554699762 0.0149195607846143 50.1575892762894711 -0.0161199483612829 -0.0130417920856009 0.9997850063508782 -0.1794225701726506
-0.0884093824641936 -0.9959612653285785 -0.0156505289813847 1.8531237827666056 0.9959695604060090 -0.0886266896857937 0.0137820397619383 50.9599017329972739 -0.0151134323355605 -0.0143689888452613 0.9997825345156831 -0.1779975980716811
-0.0896952986430450 -0.9958327215023016 -0.0164907303250817 1.7719013687843239 0.9958442206569188 -0.0899340958967592 0.0143578055233643 51.7469535441547279 -0.0157810514715961 -0.0151343708343675 0.9997609260387699 -0.1878523934445416
-0.0904177814952125 -0.9957574058895050 -0.0170825468150571 1.7031103656026569 0.9957623151118954 -0.0906808725943149 0.0153098382921936 52.5603432392023322 -0.0167939451137452 -0.0156258747511380 0.9997368631023756 -0.1859958296707064
-0.0913846530912461 -0.9956736598430241 -0.0168169044176141 1.6206394411304805 0.9956732820049191 -0.0916441254979161 0.0153645619291789 53.3595896404984131 -0.0168392601068446 -0.0153400572528518 0.9997405273182304 -0.1902524729904965
-0.0921038375246381 -0.9956022012346721 -0.0171213320133262 1.5465414945891305 0.9956061100115776 -0.0923686654361353 0.0153786655195416 54.1324042125852714 -0.0168925078318673 -0.0156296686536467 0.9997351432439131 -0.1904891774717974
-0.0926034692851854 -0.9955478318385879 -0.0175815812097633 1.4833596509672149 0.9955459653315745 -0.0928880776387442 0.0161256300528997 54.9113720501667117 -0.0176869553166198 -0.0160099829502213 0.9997153855260814 -0.1965706277822205
-0.0929226224401587 -0.9955126604325646 -0.0178865635973472 1.3997853287573654 0.9954422977115680 -0.0932730421995751 0.0198688581843899 55.6659855174845219 -0.0214480340721201 -0.0159587755581223 0.9996425857861032 -0.2008702044287119
-0.0926473127452927 -0.9955296414398602 -0.0183632365257165 1.3311618335122564 0.9953882962849288 -0.0930633354509616 0.0232670413617377 56.4430591443237191 -0.0248719733849752 -0.0161229218619116 0.9995606216386137 -0.2148457776802690
-0.0932496023524163 -0.9954634304952841 -0.0188963014285235 1.2520190519921086 0.9952583755157116 -0.0937241381696547 0.0260106111074510 57.2157329506847603 -0.0276636517282843 -0.0163812231202944 0.9994830553351765 -0.2078672762359794
-0.0937452689052813 -0.9954231832530136 -0.0185610021365694 1.1752714542360911 0.9952094867300769 -0.0942121484737097 0.0261179746998960 57.9571512181899564 -0.0277471094050035 -0.0160236488480280 0.9994865384772632 -0.2122494597724834
-0.0941408324907673 -0.9953909759131309 -0.0182841113716223 1.1051807475673041 0.9952128353611253 -0.0945764348035740 0.0246314902576945 58.7075321988596031 -0.0262472091928808 -0.0158777533218632 0.9995293797378020 -0.2135431278050750
-0.0946549829387469 -0.9953515801512520 -0.0177669945480937 1.0151090304929449 0.9952583697970938 -0.0950173313550682 0.0207962518496300 59.4395300197984966 -0.0223877545479125 -0.0157142811661130 0.9996258549145949 -0.2276591749442203
-0.0943642956588244 -0.9953968242403062 -0.0167493879627819 0.9519726961696857 0.9953396980506559 -0.0946677364026671 0.0183549766773165 60.1179318246443444 -0.0198561121381724 -0.0149392763114196 0.9996912287471804 -0.2191743087353099
-0.0930388770938380 -0.9955260411349648 -0.0164823775973571 0.8728872115343621 0.9955045731321331 -0.0933061869372149 0.0162665408814178 60.8547006761069369 -0.0177316728519067 -0.0148948615764515 0.9997318294805319 -0.2135098833778508
-0.0907608132879250 -0.9956750247523248 -0.0198423752552930 0.7969317592094614 0.9957254119569924 -0.0910720624917900 0.0153877684077157 61.5726313072203268 -0.0171283027294709 -0.0183609508999113 0.9996846986563607 -0.2274733074938260
-0.0869708466723458 -0.9959935971878435 -0.0208044752376871 0.7194548218020769 0.9960550525013865 -0.0873076134199380 0.0158654664405237 62.2250014884517668 -0.0176182920726169 -0.0193425696259542 0.9996576717980556 -0.2293912796733915
-0.0808788229131774 -0.9965127603723835 -0.0205166863599343 0.6546317643858234 0.9965409164831652 -0.0812412914580922 0.0174944087386452 62.8870077655062119 -0.0191002036395518 -0.0190307902419830 0.9996364395337404 -0.2245661676189851
-0.0737462383953933 -0.9970821478930580 -0.0197150367865781 0.6272760211726709 0.9970724206762291 -0.0741171397918321 0.0187946140136717 63.5291912210517609 -0.0202009962470847 -0.0182712873669127 0.9996289710730581 -0.2288525849050518
-0.0648770474553375 -0.9976709131237873 -0.0210646106117900 0.5752143843322658 0.9976543118949632 -0.0653089860292853 0.0205087859517397 64.1790792045810150 -0.0218367275676902 -0.0196846501257983 0.9995677425160134 -0.2342468276599748
-0.0531970084421816 -0.9983330940925512 -0.0223855205969536 0.5211312035755543 0.9983138857369709 -0.0536906618633537 0.0220612414298468 64.8052769660384627 -0.0232263608331879 -0.0211741840048012 0.9995059730157581 -0.2308866647606679
-0.0385969697789255 -0.9989682539217574 -0.0239311842665651 0.5020200769489920 0.9989575751061942 -0.0391585618825991 0.0234599695063622 65.4057858749347218 -0.0243728755348545 -0.0230007540702958 0.9994383063753162 -0.2222798961318697
-0.0197986392525444 -0.9994734751939186 -0.0257057633136803 0.4913127965271099 0.9994814611325650 -0.0204387212182324 0.0248810676474394 65.9818970427481446 -0.0253933600781914 -0.0251998225937153 0.9993598682182433 -0.2433858350086780
0.0022010678460429 -0.9996513396891996 -0.0263126273474388 0.5090864810713557 0.9996592906576000 0.0015151981229262 0.0260577584721326 66.5408701686367436 -0.0260088043223988 -0.0263610172837914 0.9993140841924939 -0.2505990147318053
0.0276935653232701 -0.9992718808884781 -0.0262445138131638 0.5251475225755804 0.9992823487040380 0.0269960118058798 0.0265707153670786 67.0713439980678743 -0.0258428715166733 -0.0269615172455181 0.9993023679445537 -0.2590458859009976
0.0565529972907278 -0.9980752932647079 -0.0254453821351295 0.5571126878237265 0.9980809285841987 0.0558727050678156 0.0266964571602527 67.5986086956686023 -0.0252233719779740 -0.0269063152990656 0.9993196844369113 -0.2487500990327558
0.0911686500505798 -0.9955461899388097 -0.0240012696804711 0.6034268434443114 0.9955296283738347 0.0905168917638801 0.0269713057759709 68.1061731203763969 -0.0246786603730795 -0.0263529126231962 0.9993480313276574 -0.2623609672627458
0.1281998506278273 -0.9914912814454364 -0.0225795729961734 0.6954024973219201 0.9914483810939858 0.1275679192005932 0.0275051561883611 68.5873920878867978 -0.0243906934119953 -0.0259126380076925 0.9993666140442977 -0.2703341212203257
0.1681373816068211 -0.9855428406788652 -0.0208597721232766 0.7876874454228424 0.9854775364024629 0.1675412204719823 0.0276399111592454 69.0150531556938915 -0.0237454448796930 -0.0252041391321241 0.9994002727726634 -0.2637889430758125
0.2134242849347154 -0.9768026943705120 -0.0175091653317120 0.8891950376178607 0.9766506687785920 0.2128718478877910 0.0289663175285676 69.4592431510539114 -0.0245671686287623 -0.0232824536366979 0.9994270266398748 -0.2627068258048690
0.2597453716613061 -0.9655969006905079 -0.0124485853580059 1.0488650372002759 0.9653833953035216 0.2593268476585519 0.0280086800067914 69.8594326416638438 -0.0238168422082899 -0.0192927825977441 0.9995301629099852 -0.2724106695711213
0.3104934615160929 -0.9505683159865506 -0.0036995943356102 1.2018421603451006 0.9503184540645218 0.3103166386066938 0.0244626177720237 70.3174813345124790 -0.0221053437017404 -0.0111112756394637 0.9996938998180852 -0.2502861055045921
0.3604505511545042 -0.9327759754716239 0.0020927865096150 1.4289277159256140 0.9325875059202858 0.3604212866384672 0.0194175162998024 70.7211689146483451 -0.0188664775142394 -0.0050473479008899 0.9998092719640942 -0.2407546285692960
0.4127331356540106 -0.9108197778476930 0.0076610061145544 1.5965170569615517 0.9106929790163569 0.4128036403898536 0.0152135614238596 71.1153986541487484 -0.0170193038494890 0.0006976835697916 0.9998549177426269 -0.2443034409122945
0.4622201064307149 -0.8867273993781943 0.0081909952486032 1.8664000451408873 0.8866089958575400 0.4622923384048833 0.0145011143237101 71.4815514027853425 -0.0166451697396894 0.0005595034663687 0.9998613030216781 -0.2623039739403224
0.5107406941265309 -0.8596634970746128 0.0110731730139453 2.0708220092646799 0.8595611988506670 0.5108540268183277 0.0135169787269075 71.8505142845748423 -0.0172768282260865 0.0026143987734734 0.9998473264081370 -0.2714213761679771
0.5555504286112839 -0.8312507086414854 0.0196463903261338 2.3400347074365428 0.8312601398927867 0.5557934023774143 0.0100136756070006 72.2032706361300285 -0.0192432090682218 0.0107681593954467 0.9997568432613957 -0.2857769531822394
0.5984470535387348 -0.8006409897928416 0.0288986085191938 2.6732623993638374 0.8008956418331813 0.5987891835089929 0.0042053067961917 72.5164916513128190 -0.0206711151954395 0.0206281161566582 0.9995735019599130 -0.2618812177545833
0.6410846725002839 -0.7668950110443310 0.0297066443833566 2.9316454830432535 0.7672285142879632 0.6413737879206125 0.0002665180099812 72.8255965951601212 -0.0192574543667720 0.0226209240235793 0.9995586247177457 -0.2639660630248892
0.6823535059663979 -0.7306471777050911 0.0234178266914356 3.2515968066781729 0.7309125362943016 0.6824561046828828 -0.0045309456957072 73.1224802912583840 -0.0126711160990725 0.0202080897823468 0.9997154974912374 -0.2786155125057393
0.7231746449909844 -0.6905379524795915 0.0132577911982803 3.5427430988529403 0.6906589872746473 0.7231163691363691 -0.0096374262017031 73.3877382091098553 -0.0029319172775714 0.0161261549145464 0.9998656664716263 -0.2777741713805687
0.7623530774565194 -0.6471402782364104 0.0052197295596049 3.9056155294191073 0.6471460259318873 0.7622547883673596 -0.0130253111900163 73.7063729564710286 0.0044504396568315 0.0133078133114753 0.9999015429989734 -0.2724363365239384
0.7992111191377534 -0.6010500820548842 0.0006212152579202 4.2910196804918295 0.6009993673237458 0.7991293620436902 -0.0138572434525070 73.9580597623918692 0.0078324659614302 0.0114482130248243 0.9999037908196474 -0.2873628477564989
0.8333488896570587 -0.5527472881563698 -0.0002520776203811 4.6932238974529481 0.5526878451197985 0.8332657883853435 -0.0142923673121587 74.1908786705393197 0.0081101149302116 0.0117712081933469 0.9998978271270959 -0.2756537005394287
0.8639911276031461 -0.5034910959627393 -0.0040059592214043 5.1478325871137312 0.5033952507509617 0.8639396156757531 -0.0141972528120219 74.4535900542516913 0.0106090972481378 0.0102497196191688 0.9998911892317623 -0.2797685403721686
0.8902211770497135 -0.4555142469158055 -0.0036092643224458 5.6182039864223166 0.4554549971264010 0.8901918787787467 -0.0109162515982015 74.6650862533520723 0.0081854459141053 0.0080740208751138 0.9999339021465846 -0.2640264427796801
0.9115719503921649 -0.4111105765543061 -0.0049672027752553 6.1128332575659758 0.4110812972949336 0.9115791462750911 -0.0059688433293729 74.8849159928029025 0.0069818530877433 0.0033991059945628 0.9999698494484216 -0.2745380443719243
0.9291870584895264 -0.3695230340980812 -0.0080085957901320 6.6152651639552511 0.3695276944208579 0.9292192377423900 -0.0009440685656803 75.0740851956055764 0.0077905963562802 -0.0020821816443192 0.9999674850353953 -0.2649026985820402
0.9428601787961156 -0.3330912268204665 -0.0080571617703391 7.1392863406030944 0.3331275995531140 0.9428746593889715 0.0036577449488824 75.2583161558809479 0.0063785309074307 -0.0061328050162580 0.9999608507567161 -0.2706961124940055
0.9530020483996120 -0.3029022490358955 -0.0061092777920058 7.7175939481461517 0.3029305389541725 0.9530025312492313 0.0043890775218143 75.4392831447854775 0.0044926957473358 -0.0060334866830268 0.9999717059614075 -0.2594920374489953
0.9606364403930033 -0.2777797960937218 -0.0040017835011501 8.2814214574907332 0.2777965048800539 0.9606294081795393 0.0044991129185864 75.5815410637982410 0.0025944682472449 -0.0054336932889432 0.9999818716915601 -0.2464409470611149
0.9664931385725196 -0.2566876527380164 -0.0015690838371062 8.8800985512117396 0.2566924260131456 0.9664775532479570 0.0054897627752176 75.7516278136914707 0.0001073299868681 -0.0057085899914035 0.9999837001074487 -0.2375747103419270
0.9712559329919935 -0.2380312668883476 0.0017402906022946 9.4769358982061611 0.2380088668375347 0.9712262714760755 0.0084444598046891 75.8994291647304919 -0.0037002614184493 -0.0077875270919965 0.9999628305528294 -0.2345036023545154
0.9748332093850869 -0.2229274573015799 0.0018875012645220 10.0968512064853417 0.2228916710944174 0.9747746306188493 0.0115638427273965 76.0497279886978390 -0.0044177864037709 -0.0108521096077302 0.9999313550841140 -0.2361477804650140
0.9779719841989585 -0.2087210984661097 0.0025102145431599 10.7539697553060432 0.2086625039206816 0.9778755580735392 0.0148105496155904 76.2418615756855615 -0.0055459516319296 -0.0139605149426822 0.9998871668558565 -0.2450067503839954
0.9805338560108100 -0.1963260767354658 0.0030706367795928 11.3972614455961789 0.1962631052491098 0.9804450654801584 0.0144314619351180 76.3384417198101772 -0.0058438629817126 -0.0135478843096595 0.9998911461235083 -0.2259292973439233
0.9830025605586357 -0.1835653744926289 0.0031175667669889 12.0641753216020096 0.1835066126241846 0.9829219011319517 0.0137789476502107 76.4250119380992174 -0.0055936623390398 -0.0129726467049207 0.9999002057101030 -0.2260661323588685
0.9858371386089553 -0.1676576114359556 0.0040076759970849 12.7691044622633250 0.1675870066559277 0.9857574140770495 0.0140326687495408 76.5950373038659365 -0.0063032800519650 -0.0131622915830963 0.9998935056999161 -0.2369371370938444
0.9881521016781295 -0.1533878725203979 0.0052520960350829 13.4810946914580025 0.1532801281861124 0.9880377229519284 0.0169310462528888 76.7159134890958114 -0.0077862861715033 -0.0159254069848984 0.9998428652343431 -0.2182765628564705
0.9900461520003981 -0.1407245007932675 0.0022873097057864 14.1884484212437254 0.1406716052241621 0.9899305237085195 0.0157815624649089 76.8023457900989968 -0.0044851301945448 -0.0153027156629792 0.9998728471663164 -0.2304763164322449
0.9915500436482617 -0.1297074478543329 -0.0021187053230189 14.9288253569654294 0.1297244284465293 0.9913789234623152 0.0184228873665982 76.8975850615608465 -0.0002891459001610 -0.0185420626095527 0.9998280393691866 -0.2163301746892624
0.9927522869211793 -0.1198846484937717 -0.0084004683377304 15.6470219088978393 0.1200110584351910 0.9926330936411192 0.0166399297392252 76.9841655105078928 0.0063437107463675 -0.0175274773993859 0.9998262573417346 -0.2053058499950246
0.9936242546529093 -0.1124375376683749 -0.0082849676235491 16.4093407032886667 0.1125649314333474 0.9934993995090431 0.0169729015367617 77.0573658638886059 0.0063227191030666 -0.0177972834512344 0.9998216240534609 -0.1962245028566241
0.9944022225074983 -0.1056337906264694 -0.0023921015929583 17.2005970303304494 0.1056586433626152 0.9942734254732499 0.0160189413027646 77.1569660037775122 0.0006862615532767 -0.0161820170427838 0.9998688270815865 -0.1946579328419475
0.9948448547486445 -0.1013098584808254 0.0044752156086218 17.9913837208995204 0.1011863993384946 0.9946175433304844 0.0222992172091950 77.2376673096073461 -0.0067102584942184 -0.0217314305517903 0.9997413252222365 -0.1998893181291824
0.9953388781141720 -0.0960315685262543 0.0088575143696648 18.7414271966409380 0.0958050515502414 0.9951299668747259 0.0231892458989646 77.3422732602916341 -0.0110412776378955 -0.0222325633765964 0.9996918541799911 -0.1962254929377984
0.9956464650063158 -0.0928069257659271 0.0086597488592267 19.4995112049521921 0.0925979594101023 0.9954599195745830 0.0220264939027927 77.3946555389314454 -0.0106646440874620 -0.0211287257174304 0.9997198819249546 -0.1870972040608530
0.9959696987135431 -0.0892850283178280 0.0085172156682104 20.2565202540885281 0.0890754025033286 0.9957720514722634 0.0224409040724744 77.4844314484909944 -0.0104848420743541 -0.0215917860540683 0.9997118899271286 -0.1736116382677135
0.9961628018427026 -0.0869843018559742 0.0096645463176163 21.0774321900283503 0.0867639304425534 0.9960018902507480 0.0212662876660859 77.5445941159407965 -0.0114757395864645 -0.0203461506817805 0.9997271335486388 -0.1805419657904209
0.9963440234295545 -0.0844754010978876 0.0127472971863958 21.8368975929703666 0.0842160500846228 0.9962533494791591 0.0196702963806006 77.6234925213212108 -0.0143611936952186 -0.0185248552196063 0.9997252551850139 -0.1695321687431853
0.9965625529791967 -0.0815608738041785 0.0145224606690707 22.5924878219110319 0.0813018921519983 0.9965339194526515 0.0176110679074593 77.6740397621012306 -0.0159084987378031 -0.0163698272634492 0.9997394402659495 -0.1748045748319570
0.9968225030536160 -0.0789101913541520 0.0108664210471892 23.3545247187099321 0.0787244506662078 0.9967586146907538 0.0165748275126233 77.7206230423018951 -0.0121391216003259 -0.0156667080211675 0.9998035787026129 -0.1813649077852608
