1.0000000000000000 0.0000000000000001 -0.0000000000000004 0.0000000000000000 -0.0000000000000001 1.0000000000000000 0.0000000000000002 -0.0000000000000000 0.0000000000000004 -0.0000000000000002 1.0000000000000000 0.0000000000000001
0.9999418124145169 0.0107758156925929 0.0005035685955212 0.2909565096195239 -0.0107752630195945 0.9999413536618614 -0.0010876321725770 -0.0863024434918854 -0.0005152591869001 0.0010821428018218 0.9999992817372054 0.0057350617820492
0.9998572562050340 0.0168689266626647 0.0009521173198597 0.5406766457346528 -0.0168663181048131 0.9998541502242811 -0.0026843235401055 -0.1092452170670075 -0.0009972601106990 0.0026678816559866 0.9999959439316448 0.0120161134004349
0.9998019041884739 0.0198606199419165 -0.0013069646607279 0.9280637359580914 -0.0198682443436526 0.9997839670493769 -0.0061050878545207 -0.0897951371475345 0.0011854314837052 0.0061298455554156 0.9999805096828959 0.0040878445210966
0.9998427421054394 0.0176352318115523 -0.0018680626404257 1.1863231742809579 -0.0176475262103771 0.9998212610953305 -0.0067831173067344 -0.0941597256843501 0.0017481068988462 0.0068150172923977 0.9999752495244942 0.0101571402957017
0.9999379590910572 0.0105782815071339 -0.0034896889785639 1.5293519919905398 -0.0106152416363147 0.9998858874792026 -0.0107484261606037 -0.0997970520051512 0.0033755908836723 0.0107848032102180 0.9999361446641996 0.0125801391544653
0.9999869452972983 -0.0012725672283533 -0.0049487177761087 1.8465579931479612 0.0012161214421635 0.9999343641437612 -0.0113924735263995 -0.0786724594318264 0.0049628906512398 0.0113863065592458 0.9999228578942091 0.0198090908476001
0.9998401055405433 -0.0171281167167281 -0.0051372142658651 2.1647546464859397 0.0170713044909301 0.9997947926235856 -0.0109061086432953 -0.0538099450284188 0.0053229611733712 0.0108166658679813 0.9999273302714788 0.0256585087199982
0.9993451103683982 -0.0357365241337377 -0.0056790162539647 2.5251612349152781 0.0356978609840591 0.9993396998492263 -0.0067695661914943 -0.0396458617398593 0.0059171871642532 0.0065624041400248 0.9999609601119267 0.0270853108225514
0.9984184106951400 -0.0558432313381678 -0.0064969761198953 2.8607252257482534 0.0558160810772431 0.9984318599797621 -0.0042878981484268 0.0263222270975752 0.0067262380398882 0.0039184807087099 0.9999697011563732 0.0375907059473251
0.9971317653381753 -0.0753754772170707 -0.0068395897445008 3.2130662706762871 0.0753517428100500 0.9971502835244385 -0.0036642765479882 0.0495765967453535 0.0070962954463798 0.0031383915356289 0.9999698960916308 0.0382827548326964
0.9953083570431549 -0.0965182196179869 -0.0067459381726875 3.6015578709847875 0.0964931981546585 0.9953258384475531 -0.0039418306104271 0.0844907617029165 0.0070948650403996 0.0032723997997704 0.9999694766789680 0.0439278446878566
0.9932521686522121 -0.1158239122911509 -0.0059119209441020 3.9813430549169109 0.1157941477719098 0.9932598733439166 -0.0051516353329648 0.1467590040433770 0.0064687564071193 0.0044323071191555 0.9999692544494290 0.0526197601551510
0.9910994145315049 -0.1330125064150238 -0.0054427614775475 4.3930430188403706 0.1329844029630375 0.9911042955647116 -0.0052367816205487 0.2173105361453474 0.0060909017290288 0.0044663688125933 0.9999714758260644 0.0597770592963782
0.9887956040221682 -0.1491894099935133 -0.0050767521333076 4.8268147778472379 0.1491665646326660 0.9888013039019805 -0.0046170767192981 0.3126507500415719 0.0057087180806486 0.0038080634882580 0.9999764543179730 0.0608407117585113
0.9866464977986833 -0.1627961968363012 -0.0051075118432580 5.2098338994334696 0.1627766438232114 0.9866546806794532 -0.0040379845192404 0.3815425359661670 0.0056967189893924 0.0031526796479410 0.9999788037772568 0.0605469752016728
0.9845432158593953 -0.1750398590722177 -0.0059752691335375 5.6671664919295690 0.1750122396316573 0.9845542003767684 -0.0048726275841155 0.4546042018947161 0.0067358803694410 0.0037515671978879 0.9999702763878576 0.0674893390887528
0.9827484023837724 -0.1848053670829057 -0.0072494075272029 6.1033238980467734 0.1847472030256629 0.9827534123291153 -0.0080125857046585 0.5398949013069078 0.0086051488271556 0.0065350480359723 0.9999416205763365 0.0801722567819029
0.9811872930857901 -0.1928434364242795 -0.0091052136193893 6.5492014094859048 0.1927811955128087 0.9812147061284265 -0.0072877386038263 0.6400018627891928 0.0103395620619094 0.0053953225464597 0.9999319896627908 0.0832020512903638
0.9796005650271175 -0.2006363385353562 -0.0113045414625376 7.0286353532194239 0.2005625096909152 0.9796534393765471 -0.0073361041557177 0.7373869363961215 0.0125464220012670 0.0049191845694073 0.9999091903358716 0.0774403892936107
0.9779815237301033 -0.2082533082942050 -0.0135166130026814 7.5090339944309861 0.2081593173395873 0.9780618967624485 -0.0080389493193147 0.8664510570124201 0.0148942219421633 0.0050483349691109 0.9998763305863266 0.0915159830697194
0.9762200126598908 -0.2162766828633164 -0.0147947062141577 8.0228479311704213 0.2161137632431507 0.9762961213030675 -0.0118627511762447 0.9545503668691697 0.0170096507667317 0.0083833154674363 0.9998201797336196 0.1023750294712757
0.9744296023686807 -0.2242072534900934 -0.0147667704676315 8.5290887799118256 0.2239520399171580 0.9744494062239274 -0.0171417188980305 1.0745213709280448 0.0182327684282552 0.0133963499605090 0.9997440192185083 0.1111876985734463
0.9723968192728087 -0.2327241334787243 -0.0168494381123376 9.0309077344030033 0.2324150800347557 0.9724416020148586 -0.0184543014826740 1.2077109755516777 0.0206798559125222 0.0140288405562341 0.9996877188362799 0.1274743166273793
0.9701458354049673 -0.2415508263838174 -0.0216853941558120 9.5667192928460469 0.2412730109258273 0.9703464887543706 -0.0146637635295232 1.3406535086862399 0.0245843902747999 0.0089938887784441 0.9996573001381310 0.1334302050601723
0.9679208387162108 -0.2499541279553495 -0.0255378913966639 10.0999149960504848 0.2497371886975829 0.9682464397693872 -0.0114091391145168 1.4969563843860085 0.0275787338421274 0.0046653822980860 0.9996087472844952 0.1404489180972887
0.9654865900849802 -0.2590691345000617 -0.0268109663284702 10.6780790069023652 0.2587528451837755 0.9658313746253280 -0.0147214434975164 1.6499554936074159 0.0297087440895528 0.0072759424639277 0.9995321161352861 0.1630800119799321
0.9631836479523219 -0.2673453855953474 -0.0283496934398365 11.2361609421019821 0.2669785092751156 0.9635681445600659 -0.0160905678678198 1.8039574580527824 0.0316186005777404 0.0079294129635770 0.9994685530358414 0.1921475259981586
0.9610492238263573 -0.2746040114794755 -0.0312574193134424 11.8062484344163501 0.2742063630296261 0.9615301486880607 -0.0164512503470274 1.9738182359820695 0.0345725303792062 0.0072394781093527 0.9993759703434354 0.2151550115632848
0.9585607245620762 -0.2827294184149495 -0.0350059036416988 12.4158185459693176 0.2823274729500659 0.9591839811170544 -0.0160402115343951 2.1666421993111826 0.0381121416960169 0.0054923884770444 0.9992583741576350 0.2294111168229971
0.9561727184893449 -0.2900626653812326 -0.0399672687161758 12.9882757489703398 0.2895874283083020 0.9569945897972697 -0.0173342569653159 2.3749790164797977 0.0432764807081166 0.0050005250414947 0.9990506198220536 0.2601134711229960
0.9540658521275285 -0.2958789119214746 -0.0470533663443677 13.6069828897309772 0.2953132947827782 0.9552172711397594 -0.0187088973713405 2.5532635318603187 0.0504817563948891 0.0039540354671782 0.9987171560931610 0.2933962774916946
0.9523368928107554 -0.2999739009782882 -0.0554084950474548 14.2244915581535434 0.2993921131875864 0.9539466113542981 -0.0187143059375235 2.7578284363435750 0.0584705494469410 0.0012334575468496 0.9982883718795150 0.3161502267219800
0.9504326284435716 -0.3041510864323964 -0.0645750370641535 14.8426762886304573 0.3035703997787771 0.9526223292250391 -0.0188602820767519 2.9558535660630616 0.0672519975019127 -0.0016776423498999 0.9977346111808233 0.3628300519504596
0.9485603711473558 -0.3077954860478667 -0.0741293535473499 15.4856093694976540 0.3073475208106126 0.9514334303182074 -0.0176615153511504 3.1666988437174357 0.0759652798346755 -0.0060304594755594 0.9970922273381501 0.4032999170697863
0.9465107326268959 -0.3120409004946806 -0.0821456599009692 16.1358751937239511 0.3117366557682282 0.9500194109936628 -0.0168337810872979 3.4070514459110366 0.0832927996440152 -0.0096744588335833 0.9964781554925021 0.4575804639454101
0.9442698771854179 -0.3168605149858986 -0.0891841526455620 16.8116448737308914 0.3167275155608150 0.9483813458897059 -0.0160157314882511 3.6474513912607138 0.0896553396452742 -0.0131239022893798 0.9958863806990179 0.5167377769406651
0.9420626900446158 -0.3213753344479053 -0.0961029782805871 17.4822971744481528 0.3214996346160759 0.9467969367664072 -0.0146131951152908 3.8762215297102918 0.0956863259177175 -0.0171305265022677 0.9952641217757844 0.5804158430386718
0.9397787472467373 -0.3259763464073350 -0.1027391250024951 18.1596143372310088 0.3264270423915747 0.9451347614504321 -0.0128712351203705 4.1116795198312071 0.1012980365991475 -0.0214407154955228 0.9946250567425887 0.6545930487392059
0.9376331522641344 -0.3307067126363084 -0.1071314239264510 18.8503535332336263 0.3316452347629149 0.9433568006124923 -0.0094543639243265 4.3769673035076773 0.1041897789337987 -0.0266649011895547 0.9941999160180398 0.7205038924262274
0.9357020702298422 -0.3354629898418350 -0.1092072260153341 19.5314953052480540 0.3365511105246330 0.9416234602730208 -0.0088661755057716 4.6229072191165379 0.1058063597910054 -0.0284577144170037 0.9939794629256364 0.7998983040193004
0.9336859904855187 -0.3411398802842744 -0.1088763208907559 20.2603233364784039 0.3423067370225391 0.9395509776451919 -0.0083700773560558 4.9138367151596789 0.1051502209225363 -0.0294540741765042 0.9940200644626580 0.8914511013977486
0.9315088989053935 -0.3474164745470267 -0.1076706295763920 20.9844324057005487 0.3486072895457387 0.9372332877190401 -0.0081683576643279 5.1720685685980143 0.1037503201712408 -0.0299258684865458 0.9941530633960201 0.9745383904252558
0.9291490931405499 -0.3542567564868689 -0.1057549677296389 21.7197156160969698 0.3553608753670778 0.9346872772426670 -0.0088511027015831 5.4575905929405657 0.1019833857764972 -0.0293571838583517 0.9943528271099092 1.0571550098148115
0.9265646115341355 -0.3618441951906738 -0.1026976098037834 22.4257627244711664 0.3629410129685370 0.9317737296695341 -0.0084580023113149 5.7603696306221703 0.0987514139542763 -0.0294362889056944 0.9946766626082526 1.1375745605098613
0.9234930828813230 -0.3707372519889185 -0.0985617362775988 23.2082935767384555 0.3720820912093030 0.9281860784712718 -0.0050518445575963 6.0672571766678649 0.0933565384515825 -0.0320077134426570 0.9951181151041875 1.2150587163725484
0.9206190485679266 -0.3789663127323811 -0.0940483983271841 23.9380981474843431 0.3803955959092837 0.9248192173633971 -0.0029335657781121 6.3971042581158484 0.0880894887413165 -0.0330748999904259 0.9955633043478033 1.3001386912648636
0.9174815731588083 -0.3871134807399314 -0.0914916167933053 24.6983241955831048 0.3887719881509444 0.9213339412038967 0.0003316848755105 6.7264243302957532 0.0841659322006249 -0.0358736925212539 0.9958057913276516 1.3704893715171413
0.9137266422130625 -0.3962501565420295 -0.0899412961350852 25.4478097207346643 0.3979345618153255 0.9174133901005791 0.0008695843877757 7.0418288073590833 0.0821687764475460 -0.0365853126893807 0.9959466888707114 1.4469397209783068
0.9097048664873894 -0.4053489447755911 -0.0901625690543245 26.2210220252977422 0.4071412870002229 0.9133637283425721 0.0016346767136988 7.3947155941447393 0.0816886057474554 -0.0381959777656096 0.9959257196064202 1.5215611402874727
0.9058725628154134 -0.4139541419903361 -0.0896485820706587 26.9874691713614538 0.4157784557107712 0.9094640464397190 0.0018504054309221 7.7524149982597015 0.0807661792150729 -0.0389501805199557 0.9959717404286437 1.5948740204625225
0.9023133461405094 -0.4219401826917857 -0.0883012321926474 27.7489616403121389 0.4237619474300706 0.9057711807027663 0.0020928732858759 8.1335533033684992 0.0790976440040502 -0.0393071296120579 0.9960916184140239 1.6610545872235485
0.8986776197459881 -0.4300773236325461 -0.0860931557369772 28.5381236829286777 0.4318591585187589 0.9019380922569215 0.0023119125015054 8.5149152622010273 0.0766563955006671 -0.0392577818147093 0.9962844089896389 1.7339533557331688
0.8949902526072819 -0.4384477258606728 -0.0821951301815268 29.3283470261962869 0.4401348005286360 0.8979276480739553 0.0027011456815148 8.8965823841793394 0.0726209687457524 -0.0385944362826996 0.9966125949366931 1.8070319844726901
0.8917018579033451 -0.4459905297326185 -0.0772026165394727 30.1262272368877611 0.4476130534320792 0.8942174490333836 0.0042081161388956 9.3035366640165673 0.0671591468746674 -0.0383092839015056 0.9970065434880659 1.8644995401449880
0.8880562800260455 -0.4540257194536564 -0.0722266542274487 30.9450405070181560 0.4554136656785829 0.8902744798255813 0.0031214875438956 9.7213612811159607 0.0628843113940012 -0.0356650619778015 0.9973833599647740 1.9365727106839494
0.8845651479616947 -0.4610879093644490 -0.0703024811043449 31.7621608521184129 0.4623972417945338 0.8866688356199899 0.0026770732337401 10.1607661511806278 0.0611006529614251 -0.0348757190350690 0.9975221272881492 2.0029899570920651
0.8814391556790929 -0.4671971697334973 -0.0692229689390563 32.5889559659663419 0.4684597786694942 0.8834818551792891 0.0022907068538171 10.5974967203380004 0.0600870252605033 -0.0344472954231724 0.9975985832153995 2.0648224348478825
0.8784361601370364 -0.4730467624807308 -0.0676511128526201 33.4109641293521875 0.4742963112887432 0.8803609239944663 0.0027663335845608 11.0422921962116387 0.0582487910740684 -0.0345167207322559 0.9977052041200852 2.1154968243893215
0.8756161567355696 -0.4785443003270838 -0.0655110577543392 34.2528802594779194 0.4796398200072888 0.8774647259046389 0.0011392350383157 11.5207597489044034 0.0569384679018154 -0.0324192445556469 0.9978511930420463 2.1760522402631808
0.8728506908709552 -0.4836521963908060 -0.0649016515386563 35.0696422941721480 0.4846935385868445 0.8746839749132387 0.0003430483055332 11.9871607799769357 0.0566025184798265 -0.0317568410948884 0.9978916063107330 2.2347500442626078
0.8711208336124006 -0.4866775825555624 -0.0655242236452289 35.9240873159781913 0.4877272649615701 0.8729960562810539 0.0000270339321480 12.4793000338896096 0.0571892320244178 -0.0319815002087263 0.9978509785458231 2.2937123900581011
0.8693929994089706 -0.4897209207629946 -0.0657969022501699 36.7808166713841800 0.4907638590082049 0.8712925495168338 -0.0003575581501842 12.9677953901556311 0.0575034544183949 -0.0319798831064272 0.9978329718978276 2.3474751355130801
0.8688178779286304 -0.4908085199663453 -0.0652877608747385 37.6670289248220058 0.4918662649563417 0.8706707505465765 0.0001467670229411 13.4702247643559829 0.0567721092570043 -0.0322403609022420 0.9978664673890009 2.4120932995286082
0.8686321259013019 -0.4913798962474210 -0.0634352222039037 38.5499239005521233 0.4923674666029610 0.8703874265971742 -0.0000738412548770 13.9683983636094933 0.0552495039178359 -0.0311692987637289 0.9979859553778352 2.4678080353291536
0.8685484161859447 -0.4917227750352662 -0.0619060679780586 39.4464994840892444 0.4925806859708182 0.8702653074466707 -0.0016007695867690 14.4897173086635096 0.0546618381451378 -0.0291033875411214 0.9980806962787258 2.5294262757401338
0.8681323656152231 -0.4924689234993604 -0.0618106395266847 40.3436087926774078 0.4932608949001758 0.8698769906039907 -0.0027768291309289 15.0064478531375656 0.0551351551516308 -0.0280781161249421 0.9980840315631143 2.5916047239773596
0.8668353106991322 -0.4947576654567911 -0.0617365094323040 41.2641588323504180 0.4954749051297779 0.8686122448677213 -0.0041697065238914 15.5208277788421594 0.0556880823136913 -0.0269744423038528 0.9980837725114158 2.6508960233612484
0.8652707628884549 -0.4977946131437467 -0.0592201825013975 42.1705547481801375 0.4983771721726062 0.8669426087122025 -0.0055414309088263 16.0373653494817390 0.0540989939616962 -0.0247191489406183 0.9982295640422517 2.7177691829731487
0.8634630593264605 -0.5013261793237288 -0.0557100269544172 43.1220643524284810 0.5018635945694364 0.8649329148099614 -0.0048974814127681 16.5867294415883251 0.0506406716427976 -0.0237300400972408 0.9984349791411306 2.7780678404070160
0.8608774256108783 -0.5062612664264086 -0.0508879965209437 44.0297873734633214 0.5067129245261939 0.8621028398937598 -0.0045503368255784 17.1194557389277762 0.0461743456011934 -0.0218683232883399 0.9986940003048272 2.8457740504255900
0.8571677018687391 -0.5128030601354564 -0.0479223579217028 44.9209608638412732 0.5131302250843987 0.8582887734134164 -0.0061443907206198 17.6684534469278489 0.0442820841638988 -0.0193236370335612 0.9988321651177923 2.9016355263610567
0.8518003206262987 -0.5216340697591694 -0.0483126385888909 45.8336287672579559 0.5218359147780692 0.8529947730722989 -0.0093378348171785 18.2368047934110109 0.0460813609680787 -0.0172572992621480 0.9987886131677245 2.9560425673762030
0.8458249892559189 -0.5310339447804276 -0.0508235874487671 46.7256308630640831 0.5311601420813191 0.8471849118734289 -0.0121090279611273 18.7872076212740353 0.0494872813395292 -0.0167533454852494 0.9986342345426948 3.0256463786890286
0.8394962186141663 -0.5410065517250365 -0.0505767725650933 47.6314276976907536 0.5411110293707603 0.8408539125544726 -0.0127887307873559 19.3747176137840782 0.0494464642399436 -0.0166315583280886 0.9986382920966667 3.0765155287086592
0.8341791443520215 -0.5495243858176893 -0.0465629092714451 48.4983224925616483 0.5497022613845202 0.8353002641180165 -0.0100445305075302 19.9665685702879543 0.0444137248705189 -0.0172167986589663 0.9988648571689077 3.1269560442785513
0.8290083018621022 -0.5575530835834520 -0.0433565961567326 49.3696915270684329 0.5578438659685331 0.8299227585377286 -0.0061996824441620 20.5662575477353009 0.0394392779471825 -0.0190466230001891 0.9990404243609432 3.1898988504936261
0.8248447444917375 -0.5635316592102522 -0.0454226436053688 50.2727767739989417 0.5638984887521672 0.8258257342535740 -0.0055091766687379 21.1654826806049741 0.0406157834761584 -0.0210695446625108 0.9989526677577533 3.2464172527467019
0.8211697787866377 -0.5685199957162294 -0.0496508698647172 51.1509729489588736 0.5688959069625209 0.8223746170467330 -0.0075786726100244 21.8036876060115858 0.0451402420108198 -0.0220227997324963 0.9987378809493245 3.2918832770963453
0.8179434330826386 -0.5725193408416539 -0.0564813654157299 52.0012652273525191 0.5729511122241763 0.8195305362214478 -0.0098347954562177 22.3995383239899866 0.0519188142975789 -0.0243167547757583 0.9983552134181046 3.3642169795976349
0.8147750365015707 -0.5768181450945981 -0.0585018579490539 52.8743181405591187 0.5772707103087774 0.8164846324738112 -0.0105532911314412 23.0396409808438527 0.0538531978016496 -0.0251728509258018 0.9982315165645712 3.4145896579988162
0.8118918805321529 -0.5812231804495308 -0.0548743003062135 53.7324138170733647 0.5816409020534826 0.8133882096948936 -0.0096685773383068 23.6559355628207371 0.0502537101553239 -0.0240672980923912 0.9984464581429275 3.4813664097765202
0.8088513369956083 -0.5859547513440767 -0.0491583565400439 54.6141386402329658 0.5863250261421603 0.8100361035844834 -0.0080296082758171 24.3019744778681392 0.0445250307109607 -0.0223280152940013 0.9987587202989613 3.5391526196784682
0.8057806380292164 -0.5903621809324761 -0.0467980630141811 55.4770753742038707 0.5907427172396355 0.8068320729526022 -0.0067117868961219 24.9575402881580501 0.0417205633418468 -0.0222373869790758 0.9988818214457513 3.5979184215824240
0.8027090983434260 -0.5944360570353304 -0.0479987242848525 56.3343641547172922 0.5948788663755245 0.8037928459870619 -0.0060162346854346 25.5801992801620237 0.0421572980212788 -0.0237241403702768 0.9988292783990849 3.6540070356452889
0.7989805812891987 -0.5993254782123516 -0.0493862520172382 57.1943769885811975 0.5997666540416888 0.8001444535771791 -0.0069867094768982 26.2298641383639293 0.0437034486329307 -0.0240379819288877 0.9987553173837801 3.7036432734047149
0.7951995123278871 -0.6041648965607971 -0.0514053825700360 58.0433016666319332 0.6045765958264326 0.7964974455217910 -0.0088858908492000 26.8707878986908284 0.0463127992288615 -0.0240124351314651 0.9986383367298916 3.7677226879945644
0.7909956870261075 -0.6096518045860874 -0.0514830095373551 58.8820894216231707 0.6100345360278415 0.7923149370738343 -0.0097419373320849 27.5198085694816790 0.0467299471366313 -0.0237005834234796 0.9986263537409747 3.8207879844876080
0.7864638259059034 -0.6155800740672478 -0.0503569553568398 59.7498964120728004 0.6159318494593259 0.7877353396298846 -0.0100494537067728 28.2152380185134390 0.0458541967878977 -0.0231129208355862 0.9986807225171540 3.8860244809112010
0.7817975201973323 -0.6215383746747626 -0.0498265613900499 60.5809039123651942 0.6218771678162826 0.7830473871804228 -0.0102750950707129 28.8942358869409439 0.0454029245985431 -0.0229529570331932 0.9987050296265316 3.9334178262417607
0.7764724269167598 -0.6281950726938238 -0.0496137166638288 61.4179704498821977 0.6284705670215175 0.7777440231608882 -0.0117890129004943 29.5740234451925055 0.0459925714181051 -0.0220269171859616 0.9986989027197503 3.9983650002558333
0.7707681088737566 -0.6351369661827585 -0.0501752581591212 62.2572916163729673 0.6353791053340104 0.7720905746946012 -0.0130206364173571 30.2871222724249876 0.0470097314194148 -0.0218444193313063 0.9986555494743683 4.0579893357856438
0.7652151675369585 -0.6418004600903551 -0.0503777411084796 63.0923775613697586 0.6419841538439039 0.7665791418445294 -0.0145864835457931 30.9668308916445945 0.0479801373977946 -0.0211799130478253 0.9986237117646343 4.1154043880426201
0.7594012192957629 -0.6486187563427221 -0.0510244750343313 63.9346112939802893 0.6487855829937443 0.7608139009369760 -0.0154749940396917 31.6707617635666736 0.0488575012825668 -0.0213522144397618 0.9985775020031957 4.1759991250377402
0.7534030321800897 -0.6555903845980124 -0.0508440628242561 64.7575294619822586 0.6556476142405976 0.7548553351089075 -0.0178781709979448 32.4104112114019784 0.0501006690819538 -0.0198663202493368 0.9985465699091312 4.2483474772675063
0.7473935088715754 -0.6624435426682246 -0.0507099169177640 65.5805341396056463 0.6624689458843266 0.7488553700729821 -0.0187224584861715 33.1391138769776035 0.0503769653268606 -0.0196007012637108 0.9985379180954658 4.3032867894366102
0.7412366472738656 -0.6694797376362470 -0.0486324339582216 66.3942623510846772 0.6694581275913382 0.7426031532354376 -0.0191408517753194 33.9040420048998143 0.0489290112315646 -0.0183694773819767 0.9986333231775387 4.3643476988213541
0.7348936881219319 -0.6765545888091381 -0.0469590834646804 67.2175534000808312 0.6764748378983737 0.7361944415088817 -0.0199884462076165 34.6478360472711984 0.0480942912299769 -0.0170772554212838 0.9986968040893904 4.4352326513506277
0.7285892008021866 -0.6833479041714193 -0.0468339443028188 68.0070531072674243 0.6832207369380164 0.7299048321727561 -0.0211745268833652 35.4068098846042361 0.0486538908239062 -0.0165703903209704 0.9986782370074488 4.4954975768221423
0.7217540088024197 -0.6905140193543069 -0.0475556500617588 68.8161738720071412 0.6903292847352696 0.7231344590622923 -0.0228480360989061 36.1672220937424527 0.0501660185237735 -0.0163383962446069 0.9986072438119136 4.5709408668897433
0.7158447132642940 -0.6965533236432352 -0.0487833354038349 69.6232076346561684 0.6964264133942287 0.7172799325546376 -0.0223550683574289 36.9673266219949923 0.0505628046928918 -0.0179712458103731 0.9985591805724945 4.6166815383894724
0.7104048410900551 -0.7021654627420684 -0.0478395724064369 70.4386069012957563 0.7020263270327469 0.7117959622266783 -0.0224843125469277 37.7833325824642614 0.0498397221975034 -0.0176116748213887 0.9986019382122495 4.6872890465529915
0.7057007035058411 -0.7068582727867648 -0.0483518279310343 71.2208016358571570 0.7067528118377920 0.7071127404440858 -0.0221818678435675 38.5799473523230390 0.0498696303448830 -0.0185190306054764 0.9985840302521857 4.7444322951826816
0.7007766498931129 -0.7116676964302429 -0.0494082667400610 72.0528814972133489 0.7115853196254569 0.7022450925356239 -0.0223195632387642 39.3992923859355386 0.0505808250043594 -0.0195171685268275 0.9985292485824208 4.8207726587206086
0.6956466691139173 -0.7166031404293390 -0.0505534457531949 72.8260448474111541 0.7164299020375772 0.6972214629884227 -0.0247068212182601 40.2213915200812480 0.0529519330821799 -0.0190307823037477 0.9984157060602401 4.8892753644068954
0.6899926731058834 -0.7219196222379886 -0.0523657339102342 73.6064549732059561 0.7216772816867850 0.6917087120181871 -0.0268506762543067 41.0628393491362473 0.0556058644152788 -0.0192643906184615 0.9982669337891188 4.9552500717747803
0.6850803913816239 -0.7264889252614333 -0.0536535070325195 74.4087382773399355 0.7262529877164752 0.6868813236563600 -0.0273979022003578 41.9148148062676640 0.0567578644532586 -0.0201962542213776 0.9981836785572739 5.0174192090246716
0.6803083199148293 -0.7310709466110257 -0.0521139220930558 75.2043939111508450 0.7308328720279149 0.6820183735708727 -0.0270970713393685 42.7758996886225020 0.0553525339807637 -0.0196522042784090 0.9982734534429472 5.0969452094844216
0.6753411647861247 -0.7357776323457356 -0.0504538094203387 75.9793956847356924 0.7354951837594975 0.6769701468674205 -0.0275364289058346 43.6245676525103434 0.0544164112368992 -0.0185120498596620 0.9983467124191325 5.1681546677143295
0.6703512776822701 -0.7403417062306469 -0.0502326838347550 76.7565781479268026 0.7400307943475154 0.6719821512366788 -0.0281853124288299 44.4804700051951869 0.0546222292398743 -0.0182796727219012 0.9983397546116486 5.2422202997822236
0.6654905829114084 -0.7447604758803453 -0.0495390514918837 77.5214282043724978 0.7443973960577613 0.6671021995504763 -0.0291062209388452 45.3460393356801177 0.0547247731713728 -0.0175068249947892 0.9983479905723973 5.3112942081524270
0.6610781071825770 -0.7487457015772998 -0.0485346327215786 78.3272644475327411 0.7483272742751965 0.6626519240222875 -0.0299786284778914 46.2522747227170825 0.0546079369666731 -0.0165015744423925 0.9983715096401570 5.3834699066426133
0.6573660013800289 -0.7520806895176192 -0.0473769636462079 79.1023299588054840 0.7516057888028703 0.6588922564707920 -0.0308177319224366 47.1451769961712728 0.0543937355551799 -0.0153502709269392 0.9984015678647659 5.4557225036668822
0.6530986284552529 -0.7559123918653907 -0.0453722088310849 79.8673446274465846 0.7552589008571189 0.6545583200313994 -0.0337253369704254 48.0502885015865147 0.0551921569243693 -0.0122417932516488 0.9984007032810122 5.5303300635715633
0.6492170715539231 -0.7592599996514589 -0.0451823741321218 80.6518001932721518 0.7583637748434002 0.6507175641758207 -0.0380924753508501 48.9594241370842838 0.0583230572605445 -0.0095343905077038 0.9982522308462074 5.6129747258431184
0.6443815513047919 -0.7634584304237882 -0.0436307386239966 81.4288971599380318 0.7623279766137728 0.6458271879561746 -0.0419916583212789 49.8537704146490270 0.0602368027868422 -0.0062022827624692 0.9981648457437046 5.6837054984796671
0.6378698533315477 -0.7691727329920920 -0.0386698465508429 82.1961793520557791 0.7677826723021458 0.6390408940749427 -0.0462223302363020 50.7893220734516717 0.0602645693867109 -0.0002062071138478 0.9981824177750580 5.7648927121652171
0.6298993240158696 -0.7758868277904365 -0.0350210231952766 82.9549440580441200 0.7743077230141180 0.6308584163725870 -0.0496508667856222 51.7063970576316052 0.0606167607600618 0.0041579986971062 0.9981524529658745 5.8515082283767619
0.6211635614601704 -0.7830199579203350 -0.0321803575578953 83.7121244564877287 0.7813873256303530 0.6219625511194427 -0.0509551994328286 52.6401390080575879 0.0599139153983601 0.0065061896246167 0.9981823441827684 5.9310772879667608
0.6122860752364508 -0.7901355845235037 -0.0281339677479788 84.4553679832279585 0.7885694731525849 0.6128700031667591 -0.0504831182696902 53.6105596330703946 0.0571309730653881 0.0087245222263308 0.9983285704759352 6.0016639916289076
0.6035681534608052 -0.7968158608423772 -0.0281063700597483 85.2059232472537502 0.7952866339816689 0.6041718837193103 -0.0499550271060614 54.5784920256728086 0.0567860364704308 0.0077986430282295 0.9983559121019403 6.0949221457240537
0.5941244270974895 -0.8038048968685479 -0.0302299999375286 85.9142177745662963 0.8021855266685861 0.5948598869930656 -0.0513818610994236 55.5742696293530685 0.0592836059085749 0.0062771503678201 0.9982214440963170 6.1585469313949623
0.5840455529083708 -0.8111801022844498 -0.0296248845693075 86.6064410423435334 0.8094326738066080 0.5847495878816735 -0.0537277027844870 56.5452545640157069 0.0609059824831734 0.0074000763511156 0.9981160754981141 6.2485359408732926
0.5741424653409102 -0.8181619816822242 -0.0311673101514649 87.3391682237116811 0.8163686233841035 0.5749583458625014 -0.0544533862767061 57.5489426325704159 0.0624715955151273 0.0058199873601321 0.9980297728529557 6.3227409400803536
0.5639508563005943 -0.8253935661739273 -0.0261704527380219 88.0529932448954469 0.8235241874996553 0.5644639388289092 -0.0564656919269212 58.5730304477319166 0.0613786956594794 0.0102918744862151 0.9980614876041961 6.4095544086245404
0.5538231467721609 -0.8322797495557392 -0.0242969252955450 88.7413568809573405 0.8304548303948180 0.5542482169255079 -0.0561577128167557 59.6021486157248290 0.0602054546805807 0.0109239422522756 0.9981262298488972 6.4989683827193074
0.5435512499738048 -0.8390590158092871 -0.0230652691522389 89.4203817910209722 0.8372062478159991 0.5439159966959357 -0.0569305467751971 60.6444057311184750 0.0603136574066815 0.0116342824195385 0.9981116702067018 6.5816876159271489
0.5332258876636110 -0.8456296673085921 -0.0240960264963718 90.0714544464936751 0.8437164603299703 0.5336668287009054 -0.0578122003783293 61.6970491381920070 0.0617469618169159 0.0104967476809852 0.9980366381022803 6.6668854278249015
0.5230882400160853 -0.8519119230249471 -0.0249953708676379 90.7138405419427443 0.8499379448657752 0.5235993427258432 -0.0587300449038426 62.7712633731539853 0.0631203852508579 0.0094764816784187 0.9979609277225145 6.7464745269543291
0.5127888346860157 -0.8581136591932328 -0.0262404063870627 91.3714983018734159 0.8560979131611188 0.5133981792315077 -0.0593184005427500 63.8322614716121564 0.0643737066086419 0.0079534563412911 0.9978941669484253 6.8372144499221594
0.5035125277729091 -0.8635807253881869 -0.0265229167654776 91.9951164319282242 0.8615580101554903 0.5041605145003243 -0.0594976533628049 64.9312231777348501 0.0647528340124784 0.0071067824492776 0.9978760264334298 6.9313701949151350
0.4946746607992691 -0.8686754848392602 -0.0264552830717096 92.6213438190889775 0.8667778260416963 0.4953500135517047 -0.0576590353436209 66.0049620863632356 0.0631916153105694 0.0055916110024046 0.9979857482152933 7.0129190809352924
0.4864637813845948 -0.8734024317476478 -0.0228294024953946 93.2264173853283609 0.8716201399975371 0.4869418252419736 -0.0562671341076594 67.1177674301270031 0.0602604426773918 0.0074733558265901 0.9981547114556010 7.1101804272393627
0.4789476084201271 -0.8775551347464894 -0.0224983081299805 93.8390304933459163 0.8757598199950112 0.4794186182011704 -0.0565908667930258 68.2362531791142573 0.0604477135295138 0.0074009460308377 0.9981439274608159 7.1940168154495563
0.4711055977907933 -0.8817873433227286 -0.0225963909955491 94.4429578755759565 0.8798403057754824 0.4715799678558089 -0.0591047396578281 69.3672860032296512 0.0627738166999961 0.0079633581458240 0.9979960084408939 7.2893901210709222
0.4646466174418511 -0.8852421991728361 -0.0212077746000626 95.0421919865460296 0.8830953625314877 0.4650163548377108 -0.0624689555605734 70.4842560757458898 0.0651621176392130 0.0102975014974174 0.9978215571371888 7.3724977229195510
0.4587235387820363 -0.8883663609664180 -0.0194402590149884 95.6164390674959037 0.8859917362081330 0.4589467060690234 -0.0662311434243105 71.6346477797371648 0.0677595627065571 0.0131578756521549 0.9976149116618790 7.4637014729771334
0.4530279159294165 -0.8912598772932099 -0.0205314031654383 96.2109355123467935 0.8886891689245744 0.4533078229291998 -0.0688736430526101 72.7682609857798894 0.0706913603264121 0.0129556473586418 0.9974140979436374 7.5682823681956251
0.4485625224452856 -0.8935542377211334 -0.0187746560055528 96.7658743295828998 0.8909566416639867 0.4487211329004971 -0.0696103983850460 73.8791451692434862 0.0706252513790430 0.0144972114249135 0.9973975660329979 7.6672125558613065
0.4444629961294365 -0.8956985825845231 -0.0132926381023836 97.3160549865548745 0.8932748096499471 0.4442754594420597 -0.0684063636103947 75.0006321434779011 0.0671770758257255 0.0185301185539433 0.9975689826723170 7.7666472312447423
0.4410480863660019 -0.8974426729926173 -0.0085576985664181 97.8703403515777808 0.8952433989165831 0.4406005262705983 -0.0664110905373143 76.1472267970031140 0.0633706731001910 0.0216292612434581 0.9977556478661952 7.8644200674564635
0.4375470094048565 -0.8991769720916221 -0.0057781849233788 98.4370743833442390 0.8970606345670087 0.4369417007880668 -0.0660618499791456 77.2848851395655601 0.0619260241829083 0.0237217826601157 0.9977987996366422 7.9651160810499722
0.4346419601126847 -0.9005794319249286 -0.0065615015946279 98.9753957942276941 0.8985342512574120 0.4341254661158382 -0.0645854394348142 78.4092570513248575 0.0610128332950145 0.0221758080682335 0.9978906090899120 8.0578342696827843
0.4326434933478253 -0.9015611903548408 -0.0026509827899541 99.5199376562322868 0.8996070349025567 0.4318956835904817 -0.0646010932549952 79.5366471855346049 0.0593867865574514 0.0255643998926814 0.9979076465487710 8.1458184846761768
0.4299701047649427 -0.9028430106242644 0.0004551651771663 100.0564372269524966 0.9010118542963363 0.4290658316800325 -0.0638760557814868 80.6578826987076383 0.0574747546832683 0.0278749036166269 0.9979577357395762 8.2304626834171462
0.4278260227695397 -0.9038592416755366 0.0018345241675183 100.6042668867218453 0.9020426010832504 0.4268357048009378 -0.0642683976620742 81.7802439698356523 0.0573065447585272 0.0291505119133547 0.9979309633351539 8.3265109970608240
0.4258446337832255 -0.9047856347131795 0.0043935287297879 101.1023355130128891 0.9030074141665070 0.4246924826065629 -0.0649145991113932 82.8927776263000027 0.0568678981354966 0.0316109227031281 0.9978811511034306 8.4076856189558420
0.4237299570353599 -0.9057524196263609 0.0080918385923577 101.6377452147210079 0.9041519913240845 0.4224107099057304 -0.0638621072438854 83.9872352492982515 0.0544251788743470 0.0343765399353924 0.9979259258114129 8.4923310803881282
0.4218530437981829 -0.9065844771226987 0.0120247776848969 102.1139534520461041 0.9051289057845191 0.4203301492821833 -0.0637513099295737 85.0703337711902066 0.0527415713790119 0.0377776580081448 0.9978933686541325 8.5701062226883735
0.4202783669909003 -0.9072918190049318 0.0136985183937710 102.6403433426455649 0.9058521407180914 0.4186358002384013 -0.0646217139605940 86.1547883303953057 0.0528960621966669 0.0395679406271751 0.9978158069897524 8.6604832814221773
0.4192827705985334 -0.9077533764700588 0.0136295923059051 103.1309188160009143 0.9062658718336069 0.4176132704584264 -0.0654318415352162 87.2282841375805873 0.0537040764643623 0.0397864781580973 0.9977639542130620 8.7341861161623378
0.4188532182062346 -0.9079404993631575 0.0143537874604796 103.6155810652924885 0.9063888506527649 0.4170760979156615 -0.0671325551413431 88.2917577185859415 0.0549657439742282 0.0411287996861772 0.9976408115277431 8.8155226200398822
0.4192627925398427 -0.9077735153524292 0.0128823761932965 104.0855218030318099 0.9061402134337663 0.4175499330371331 -0.0675423350121536 89.3193946154433149 0.0559341075722240 0.0399912271051848 0.9976332379009434 8.9004775165367569
0.4212841033990561 -0.9068634442772117 0.0108810687400792 104.5443765160360954 0.9051566048119788 0.4196810086272008 -0.0675231202100934 90.3691025039261433 0.0566676714582912 0.0382954883939117 0.9976583736831797 8.9752116057317846
0.4250903524830123 -0.9051162619368956 0.0079211491116566 105.0185252752166178 0.9033297308671832 0.4236639558211122 -0.0671137085060062 91.3844948738843783 0.0573898036003855 0.0356847995004519 0.9977138896133108 9.0577006520298298
0.4297310074929135 -0.9029273485051800 0.0073119436903733 105.4754331056609402 0.9010527577104209 0.4282850885345587 -0.0683799002733332 92.4140259417960124 0.0586104855940581 0.0359734104631586 0.9976325599728979 9.1469023649675414
0.4358563510564640 -0.9000039074093009 0.0047125249850553 105.9914132575201791 0.8981177529742685 0.4345910810929129 -0.0671944493760015 93.4261154533493965 0.0584272456666853 0.0335195298666853 0.9977287697973438 9.2176030326834244
0.4425785468428509 -0.8967228440424768 0.0035172214661687 106.4687330597654409 0.8948763563053879 0.4414083695436832 -0.0659921072733653 94.4077905510263804 0.0576240991258228 0.0323541692701077 0.9978139460494519 9.2895748409401673
0.4506311106430795 -0.8927043871417011 0.0032371744692834 106.9513890416901205 0.8908922268014925 0.4494791207491543 -0.0654183478486377 95.4198104377879730 0.0569442037898756 0.0323635163189517 0.9978526747301979 9.3732753824511832
0.4594862643054165 -0.8881827977134507 0.0019211352270108 107.4469774563358158 0.8863775706524157 0.4584123001135504 -0.0647531107277934 96.4166372717476321 0.0566319270286172 0.0314560161258813 0.9978994658233432 9.4461568292451368
0.4687455572463782 -0.8833326392922711 0.0010251452251990 107.9638879567783363 0.8815371610620508 0.4677181764852881 -0.0642801761971520 97.3812675199302902 0.0563012986390399 0.0310347506229276 0.9979313643860135 9.5188082249193684
0.4783839185884884 -0.8781506600898333 -0.0004945904491538 108.4860352962085699 0.8762814927403989 0.4774022436880626 -0.0649449243764438 98.3494561299178542 0.0572675468007912 0.0306352069585566 0.9978887273529177 9.5986770760190137
0.4888146239296945 -0.8723742070509930 -0.0048483300859693 109.0077701759219480 0.8703376071489612 0.4880391783777868 -0.0658043307887511 99.3083644391937810 0.0597721759240187 0.0279464352017577 0.9978207673449286 9.6795331795826414
0.5000591038569373 -0.8659498124213176 -0.0084743741527914 109.5458356714194821 0.8638122569975912 0.4994707247459444 -0.0660104520700211 100.2930886889141675 0.0613944403877442 0.0256888592437613 0.9977829449335311 9.7582989614573137
0.5120154131285830 -0.8589100516882824 -0.0106648876036578 110.0885519217192154 0.8568500325493671 0.5115816936061821 -0.0639702468900904 101.1917807128113509 0.0604006493252786 0.0236155430990375 0.9978948179468727 9.8298136740409099
0.5250102416061211 -0.8510267766320417 -0.0108476570723453 110.6453851660579488 0.8490584716909367 0.5245922613940552 -0.0624713609210007 102.1223171126272433 0.0588553978708250 0.0235878091553249 0.9979878042344600 9.9186796080977526
0.5369106948941317 -0.8435542312798514 -0.0119651409586134 111.2264936072570123 0.8417230852783231 0.5365927496812508 -0.0597533990585905 103.0397025097236394 0.0568256404965336 0.0220109036473601 0.9981414562589740 9.9798364314009493
0.5489306237848139 -0.8357979471737259 -0.0108148865643882 111.8144601403305103 0.8339852371212334 0.5485162960013082 -0.0599874760666368 103.9586802419072171 0.0560695508726006 0.0239095069206950 0.9981405416792537 10.0701616969222840
0.5599563955571079 -0.8284268551518258 -0.0125610802858505 112.4062261047842100 0.8266048263257578 0.5596272124123881 -0.0595133953199079 104.8514630468922491 0.0563320172695374 0.0229418567425516 0.9981484734444815 10.1398675025166192
0.5714410999647459 -0.8205301433326750 -0.0136144465014543 112.9891991328254903 0.8186222920460271 0.5711190338262768 -0.0606678841451487 105.7140662871921108 0.0575552972052991 0.0235230330484790 0.9980651555283402 10.2113904950602041
0.5822722052638232 -0.8128939535972023 -0.0127475167116481 113.6037966904788021 0.8109240178405245 0.5818365070289528 -0.0621973984803858 106.5564784377082930 0.0579768597509799 0.0258785489055480 0.9979824569800605 10.2784901194792617
