1.0000000000000000 0.0000000000000000 0.0000000000000000 0.0000000000000000 0.0000000000000000 1.0000000000000000 0.0000000000000000 0.0000000000000000 0.0000000000000000 0.0000000000000000 1.0000000000000000 0.0000000000000000
0.9999994312994968 0.0005942059708152 0.0008856183982923 0.8571831499262125 -0.0005955215398118 0.9999987186406872 0.0014859579668270 0.0354851106135203 -0.0008847342984006 -0.0014864845265941 0.9999985038033674 0.0142983636865942
0.9999991436873592 0.0005673644073736 0.0011792888439989 1.5986505997499112 -0.0005732552159536 0.9999873311086054 0.0050008999935740 0.0255644802730974 -0.0011764365710554 -0.0050015717447210 0.9999868000514190 0.0222819191085208
0.9999988562562580 0.0010607684143897 0.0010780800281181 2.3637533773125821 -0.0010671247271589 0.9999819511392001 0.0059125832472100 0.0360804389690583 -0.0010717886884457 -0.0059137269305857 0.9999819393883060 0.0408681524852357
0.9999986363890828 0.0014049619461138 0.0008679296658503 3.0837639587218710 -0.0014112751052906 0.9999722379098162 0.0073165369001557 0.0467849802815878 -0.0008576261143865 -0.0073177518107767 0.9999728571245741 0.0451740084862997
0.9999982280744643 0.0016384045884833 0.0009270805445896 3.8183311210904094 -0.0016454137660960 0.9999696828118032 0.0076109178684270 0.0558121837355494 -0.0009145826753561 -0.0076124298135376 0.9999706067934516 0.0653851023836523
0.9999961931026183 0.0023279233739521 0.0014814023882553 4.5145869042941547 -0.0023390493914458 0.9999687356367662 0.0075535817299744 0.0554845310101174 -0.0014637719136867 -0.0075570180476186 0.9999703739861560 0.0794653102060431
0.9999902232526715 0.0026133937203364 0.0035670116813322 5.2022760035981985 -0.0026436838154133 0.9999602640252627 0.0085135953868516 0.0588816691462713 -0.0035446205659246 -0.0085229422026320 0.9999573966531046 0.0961316827964751
0.9999607356498920 0.0040207950483129 0.0078968579641707 5.8604049820159316 -0.0040872631473568 0.9999562063435780 0.0084190067658774 0.0648433421968445 -0.0078626610311702 -0.0084509527355851 0.9999333777604235 0.0990805133845518
0.9999224767810500 0.0048145649783602 0.0114830480326380 6.4896102872940338 -0.0049053998200935 0.9999567994080206 0.0078953385153891 0.0533218440276887 -0.0114445393378568 -0.0079510553850861 0.9999028969042981 0.1110949626007158
0.9998901049564431 0.0059694088008530 0.0135699730567666 7.1006853275356576 -0.0060653642933886 0.9999568166259505 0.0070410396450877 0.0453767444037557 -0.0135273562155197 -0.0071225726997699 0.9998831329670258 0.1224536104489417
0.9998771375268179 0.0073197349872919 0.0138611446458293 7.6603169749154274 -0.0074168316764712 0.9999482275329848 0.0069665530590671 0.0503087036611894 -0.0138094336980080 -0.0070685029078100 0.9998796606630133 0.1264622478430733
0.9998952554573878 0.0082429972640129 0.0118966848285857 8.2348992654019053 -0.0083420522331154 0.9999307510427078 0.0083008001847003 0.0610609672806057 -0.0118274375223545 -0.0083991734874226 0.9998947772672797 0.1334891830395288
0.9999161290971474 0.0093901630747833 0.0089196193195469 8.7539245309354037 -0.0094661403218725 0.9999189460531509 0.0085143121485270 0.0470010648903598 -0.0088389455696524 -0.0085980324135765 0.9999239705496773 0.1368259385894847
0.9999143252763062 0.0108438894292480 0.0073315870911784 9.2489452427739351 -0.0108906865584798 0.9999203829342066 0.0063734401224549 0.0564109488186379 -0.0072618904917548 -0.0064527400967196 0.9999528124325318 0.1309207202208240
0.9999048118260643 0.0127695256186629 0.0052255624154007 9.7281462999323391 -0.0127872822823570 0.9999125305555593 0.0033788533275555 0.0357440526046654 -0.0051819589842314 -0.0034453524423671 0.9999806382363778 0.1555956574901435
0.9998842338640781 0.0146640353109523 0.0040601648297566 10.1682923619406971 -0.0146714995083268 0.9998907209111294 0.0018147556306535 0.0305759053259806 -0.0040331094979947 -0.0018741142497100 0.9999901108128801 0.1866215748213071
0.9998530740461001 0.0169828559289381 0.0023265693758650 10.5699484598884741 -0.0169941897167442 0.9998433771519687 0.0049415262032530 0.0266044830453383 -0.0022422837543643 -0.0049803383261645 0.9999850840856187 0.1715198953898459
0.9997985145771029 0.0200264357628583 0.0013682543822933 10.9571434847576370 -0.0200383962894816 0.9997552795407024 0.0093724972466122 0.0175394804715661 -0.0011802218284055 -0.0093980264485780 0.9999551410814925 0.1717687687522400
0.9997344607199895 0.0229399443278727 0.0021833467763495 11.3050722880590691 -0.0229603689342202 0.9996879390773172 0.0098410325551030 0.0308211636668101 -0.0019569127001970 -0.0098885498219001 0.9999491922468379 0.1659776226545064
0.9996459524194504 0.0264589253995131 0.0028098181636528 11.6286606511841146 -0.0264762778199273 0.9996294048332846 0.0063292736909819 -0.0050064377110318 -0.0026413110781992 -0.0064014263532693 0.9999760223207513 0.1808592281282971
0.9995679806369928 0.0292609710108939 0.0027654404321847 11.9236904120581055 -0.0292644582611863 0.9995709483991655 0.0012290643075353 -0.0209815412020440 -0.0027282903004669 -0.0013094624440576 0.9999954208595877 0.1998635572172081
0.9995041225395640 0.0312369772778720 0.0039699215304544 12.1734717975335762 -0.0312290899468828 0.9995101844799670 -0.0020334851639391 -0.0292694741815190 -0.0040314969311363 0.0019084997679236 0.9999900522810865 0.2103162328191563
0.9994194185831425 0.0336984775845021 0.0050237801922484 12.4091628380299728 -0.0336819997810582 0.9994270552532628 -0.0033292819857175 -0.0340691670315508 -0.0051330935781467 0.0031581381031297 0.9999818385921014 0.2057030141150486
0.9993435718045932 0.0359760950634228 0.0042598212198778 12.6053593605152248 -0.0359663182622604 0.9993502398010797 -0.0023499276972502 -0.0417991526692892 -0.0043415945798230 0.0021951750527181 0.9999881658114722 0.2075530995400922
0.9992692168888138 0.0381082947604275 0.0029648016576471 12.7936480796316552 -0.0381054375116134 0.9992732092654268 -0.0010143354588161 -0.0530252165368221 -0.0030013014619230 0.0009006191352939 0.9999950905253024 0.2185056625500321
0.9991760010911687 0.0405301434155750 0.0021508877641426 12.9774066005442190 -0.0405320475585264 0.9991778780611448 0.0008491842799906 -0.0590313942508022 -0.0021147019114694 -0.0009356644382197 0.9999973262803680 0.2184058513772152
0.9990979350544853 0.0424301333499482 0.0017320374618336 13.1421903829961462 -0.0424359953338466 0.9990930534547915 0.0035009767789813 -0.0651997839564772 -0.0015819196848542 -0.0035713194042024 0.9999923715748155 0.2203483408136707
0.9990473015607256 0.0436390716494986 0.0003473755927685 13.2897741581696849 -0.0436402303062480 0.9990360237713537 0.0047490531625527 -0.0582924086350676 -0.0001397964597268 -0.0047596882978879 0.9999886628478629 0.2180033957347173
0.9989653752744516 0.0454551487028638 -0.0014172011764983 13.4416650371101962 -0.0454486979077056 0.9989574500518379 0.0042928829967637 -0.0721966358148918 0.0016108573084671 -0.0042240315257262 0.9999897812959898 0.2287460405743199
0.9988861667739648 0.0471082568607648 -0.0026903462891012 13.5847064325797895 -0.0470998612133552 0.9988853655572402 0.0031031515047513 -0.0714967401621178 0.0028335315946281 -0.0029729801746673 0.9999915662082273 0.2353683893892508
0.9988190489383465 0.0484390463067580 -0.0037638106738765 13.7258330063405509 -0.0484306931367645 0.9988239438793696 0.0022797139194567 -0.0915074177841380 0.0038698113894073 -0.0020947377291119 0.9999903182699603 0.2418775784729006
0.9987412917789842 0.0499095380858463 -0.0049869934533158 13.8564793671754458 -0.0498965896426921 0.9987507720717912 0.0026880528323929 -0.0865016575834556 0.0051149230370312 -0.0024358353923033 0.9999839520053644 0.2402627543043676
0.9986549109326376 0.0513511567183272 -0.0071713021004216 13.9811450284589078 -0.0513258275309584 0.9986752081418500 0.0036726109370670 -0.0973257763076365 0.0073503944375814 -0.0032995979334682 0.9999675416507725 0.2374911278820475
0.9985978987792897 0.0521121170281190 -0.0093039675641615 14.1039622848520096 -0.0520787004307634 0.9986357589508406 0.0037986716258956 -0.0961796296131751 0.0094892315300105 -0.0033088069641804 0.9999495018656911 0.2374340715218113
0.9985360220032020 0.0528508972470620 -0.0115150085628041 14.2328235558203069 -0.0528196448000853 0.9985995568483857 0.0030016970867117 -0.1121411450178664 0.0116575248322182 -0.0023890840060665 0.9999291946895031 0.2425807500133607
0.9985446060931222 0.0522558226662800 -0.0133416130884404 14.3668614132951458 -0.0522320932691806 0.9986327198887608 0.0021211318429998 -0.1161666870881224 0.0134342128556523 -0.0014211843814430 0.9999087469163889 0.2526752757951688
0.9986207146376571 0.0504624510079879 -0.0144985976853456 14.4855108646977069 -0.0504429009593756 0.9987254805888999 0.0017111882636332 -0.1186360066070658 0.0145664696950809 -0.0009774767196173 0.9998934255708880 0.2548129721370948
0.9987490843884065 0.0475221890287353 -0.0155533913741329 14.6077955364918317 -0.0475017154680208 0.9988697379481121 0.0016833416365141 -0.1288737071719948 0.0156158080455349 -0.0009424231465646 0.9998776217006249 0.2545000021712454
0.9989170022074175 0.0434106165218148 -0.0167433889682544 14.7337790547476768 -0.0433786390339792 0.9990561283407851 0.0022685017700203 -0.1314178311555806 0.0168260624183454 -0.0015397395613515 0.9998572462234682 0.2561449868898811
0.9991209971571867 0.0378976279413791 -0.0179165520133119 14.8565987783782187 -0.0378595057141014 0.9992800382704669 0.0024623040547778 -0.1271750707488792 0.0179969682644836 -0.0017818278791888 0.9998364537376581 0.2549636735544216
0.9993329757008024 0.0313516967660298 -0.0187263126875132 14.9782777963297686 -0.0313149117223153 0.9995070254006434 0.0022544353131622 -0.1400835051569336 0.0187877614633355 -0.0016665187213334 0.9998221055440554 0.2603157714161345
0.9995191680602873 0.0240683914839190 -0.0195485347647314 15.1091959829089557 -0.0240267192217323 0.9997085220247741 0.0023638431593188 -0.1253534326704729 0.0195997306999646 -0.0018930193920388 0.9998061147212844 0.2612178855347698
0.9996560344289868 0.0160387165170803 -0.0207502386057911 15.2363608121538139 -0.0159992654609356 0.9998698693929361 0.0020658617725895 -0.1187286625748617 0.0207806721359786 -0.0017331626114334 0.9997825562655809 0.2588755417133213
0.9997366064428373 0.0060775181954610 -0.0221310079016553 15.3872625526422464 -0.0060535255500188 0.9999810148890022 0.0011509517698336 -0.1137715683924539 0.0221375826723370 -0.0010166779947725 0.9997544167440724 0.2637573383424603
0.9996898564669551 -0.0069256803746383 -0.0239212422007521 15.5263946228676541 0.0069159559416213 0.9999759648164461 -0.0004892267688211 -0.1219818014550756 0.0239240554775365 0.0003236367811733 0.9997137264380946 0.2679750022085527
0.9994069983094538 -0.0228176264935295 -0.0257877422681628 15.6806066587224624 0.0227951310395239 0.9997394772869549 -0.0011659995270709 -0.1137839286699884 0.0258076293172841 0.0005774731231639 0.9996667608727489 0.2778372577138823
0.9987444561313308 -0.0421645847980538 -0.0270491984306380 15.8666252630414046 0.0421539536946920 0.9991106625814342 -0.0009633815408980 -0.0761562670922117 0.0270657631490055 -0.0001780586850125 0.9996336392700411 0.2769729615224111
0.9976074793589157 -0.0636194331772353 -0.0270533703881400 16.0612538200316415 0.0636355018253006 0.9979731716772829 -0.0002674319101395 -0.0495263252000883 0.0270155517173490 -0.0014547627269406 0.9996339548208711 0.2815303710465319
0.9958311445225924 -0.0874015141068687 -0.0261018568429634 16.2538434297129939 0.0874330980191547 0.9961703913522910 0.0000690202601123 -0.0074418859171691 0.0259958644710384 -0.0023508987324556 0.9996592861097990 0.2883723931725743
0.9931684064098697 -0.1139999412671986 -0.0249104375785551 16.5000626133226618 0.1140621028057550 0.9934730298535079 0.0010842772801357 0.0232102828013634 0.0246242403498910 -0.0039182068304403 0.9996890988914627 0.2994132588258404
0.9893282293288465 -0.1438129943501655 -0.0233982330334744 16.7026038205942875 0.1438962276219566 0.9895909500826819 0.0019045184758862 0.0661300854493525 0.0228807851530395 -0.0052511113580090 0.9997244097751571 0.3018265068362053
0.9839927777163814 -0.1770168412555612 -0.0205730725440711 16.9866710091514825 0.1770944565544509 0.9841918284182860 0.0019995830452067 0.1316402046535957 0.0198938900088407 -0.0056109523767750 0.9997863523542125 0.3115107157238378
0.9768069966693074 -0.2134317294789976 -0.0171752178877525 17.2481968124625809 0.2135065974466864 0.9769380847013789 0.0026289744654762 0.2166092055499047 0.0162180179006671 -0.0062350229835616 0.9998490387972416 0.3155011580055429
0.9673350011942501 -0.2531997614343364 -0.0123643145428866 17.4820434240878235 0.2532619927832603 0.9673905303568623 0.0037315931343857 0.3068786556386109 0.0110162823117456 -0.0067411115896379 0.9999165959911677 0.3365963278255966
0.9555936720296710 -0.2945246395364794 -0.0097964627675644 17.7945924035917891 0.2946022705530400 0.9555887757713803 0.0077197023743139 0.4156039223713664 0.0070877473038231 -0.0102629589135596 0.9999222147309739 0.3229865615908744
0.9417093649777195 -0.3363536619571299 -0.0070488297815372 18.0799835933064017 0.3364153789883130 0.9416466368370223 0.0112385102960659 0.5529402592114903 0.0028573927643964 -0.0129547451365837 0.9999120010706123 0.3316897518335722
0.9252559773969266 -0.3793285837154547 -0.0033469191333937 18.3384669360170562 0.3793379744461288 0.9251598908043719 0.0134861999818683 0.6919834821799903 -0.0020192657988439 -0.0137478006702905 0.9999034556107722 0.3330152018562929
0.9061453008137692 -0.4229596348045860 0.0024168448636739 18.6608214719448959 0.4228697214783050 0.9060453444941836 0.0162182729437157 0.8591651006323555 -0.0090494458385315 -0.0136741013009051 0.9998655542039780 0.3448503461280988
0.8844977041475435 -0.4664985658356522 0.0065497657213216 18.9675536303791681 0.4662966604978842 0.8843982140377644 0.0201797773856286 1.0397062683811189 -0.0152064383155811 -0.0147948328849013 0.9997749132448075 0.3462143428512940
0.8600324266899818 -0.5101797040426235 0.0078035007991433 19.2106918812014200 0.5098739515303834 0.8598946828330791 0.0246918607275851 1.2497438808003991 -0.0193074750429281 -0.0172569991128064 0.9996646524655592 0.3427437888476634
0.8324291859993038 -0.5540693995506533 0.0082916088978622 19.5288191526639459 0.5536834018818971 0.8322646097927271 0.0277544549045611 1.4919587206764573 -0.0222787068077590 -0.0185126920824156 0.9995803816876537 0.3458764424850030
0.8021441641829883 -0.5971015972267033 0.0058670654074265 19.7911586796680190 0.5966747671495509 0.8018771455387533 0.0311811755655582 1.7208569234084246 -0.0233229953951973 -0.0215110681264503 0.9994965291754918 0.3305041070951217
0.7688560435870830 -0.6393974156953954 0.0055972351806269 20.1080024115210421 0.6388996324084388 0.7685523355596993 0.0336833373360357 2.0345018684205272 -0.0258388070154052 -0.0223215659795874 0.9994168818587365 0.3381246402104672
0.7323275489973236 -0.6809334709634655 0.0050959887382113 20.3765726113809720 0.6803342649852423 0.7319609706036571 0.0371271517887168 2.3233830480263347 -0.0290111851974849 -0.0237222603180985 0.9992975560356573 0.3166715630957046
0.6936494374932760 -0.7202869726714971 0.0060938382807497 20.6164914829307016 0.7196195966525061 0.6933281944980163 0.0379954053512458 2.6142383863815275 -0.0315926253886304 -0.0219702461035619 0.9992593328596949 0.3084194402946074
0.6535575654859831 -0.7568503195659967 0.0063326431198533 20.9214244331175578 0.7561755741779365 0.6532892729721589 0.0375716227514341 2.9848754984854629 -0.0325731425057971 -0.0197666282495660 0.9992738717663644 0.3038740098499749
0.6110857084812975 -0.7915148744430375 0.0088577889641477 21.1831612528252151 0.7908283485433570 0.6109616994239997 0.0362811931601614 3.3675234077524037 -0.0341288738474835 -0.0151659280085616 0.9993023639507422 0.2892543494652490
0.5663981123650138 -0.8240407921092486 0.0122454583136564 21.4245770851630724 0.8233144539084399 0.5664355120704968 0.0361126106904718 3.7284597453799018 -0.0366945267689432 -0.0103722517032893 0.9992726995669435 0.2981657185530343
0.5205229039193315 -0.8537643966116137 0.0119273456306590 21.6786216100002065 0.8530112763243556 0.5205804150852376 0.0369836976676947 4.1926706745388156 -0.0377845068629993 -0.0090767013880929 0.9992446870176650 0.2699018391186931
0.4708964840298931 -0.8821281594872684 0.0103155982807196 21.8781771930506359 0.8814173445027963 0.4709415086672689 0.0362982124055158 4.6154961929178961 -0.0368777187190832 -0.0080003533547782 0.9992877604615574 0.2464203887057353
0.4195140019978287 -0.9076702078810599 0.0119497218762390 22.0684772716661648 0.9070008258318818 0.4196662905710957 0.0350671712372292 5.1298925504263391 -0.0368443220598540 -0.0038727617342631 0.9993135131921811 0.2350512494515504
0.3659002567600497 -0.9305433108932400 0.0143578777950117 22.2541882552982457 0.9299291486246165 0.3661805425569408 0.0338169896797525 5.6152226933383549 -0.0367257490219830 0.0009781638672981 0.9993249033994014 0.2272764393044166
0.3118713715239632 -0.9500197869961854 0.0140943939027079 22.4238021475313616 0.9494779095497244 0.3121720056558671 0.0322542735444266 6.1100930459980418 -0.0350420732955050 0.0033231311313041 0.9993803129432942 0.2262258196617655
0.2588320740373996 -0.9658299255158536 0.0133608542967597 22.5356947882250793 0.9651435760799993 0.2591539809090146 0.0365662649243956 6.6976096042225031 -0.0387793115076726 0.0034306205052762 0.9992419105711788 0.1659229231376343
0.2073692833923262 -0.9781485224072362 0.0149481911244824 22.6414613452000566 0.9772787753659997 0.2078216926091923 0.0416694048455544 7.2776234970318416 -0.0438654251602035 0.0059675952938637 0.9990196255739540 0.1361513883404740
0.1584899231826878 -0.9871918927563265 0.0182513321630971 22.7353291270895852 0.9863117581439879 0.1591463078613348 0.0431458971516575 7.8549189327111986 -0.0454979120011223 0.0111633135890398 0.9989020574777343 0.1476937910198282
0.1140709771477499 -0.9932999763971836 0.0185194239087498 22.7894427956504764 0.9924241502909720 0.1147869797404392 0.0437978903751119 8.4930728236611799 -0.0456302322128633 0.0133830553844203 0.9988687480028483 0.1229952274209776
0.0733580760986732 -0.9971671842062133 0.0166192482788131 22.8373202276420564 0.9963406744180838 0.0740098118096287 0.0427528742428041 9.1262857394824763 -0.0438617506629518 0.0134221644362936 0.9989474422263797 0.1117946540423752
0.0381407702273857 -0.9992051164111164 0.0115938338917463 22.8248727796508888 0.9985385988453814 0.0385547456695137 0.0378708093689827 9.7808426129505293 -0.0382877038011485 0.0101324688110430 0.9992153845960483 0.0770635469466143
0.0093160517973654 -0.9999248316658860 0.0079713359519482 22.8243627349459892 0.9992710237133475 0.0096045096343361 0.0369482687221333 10.4495060056750066 -0.0370220521552741 0.0076213130518279 0.9992853862844079 0.0318888272505981
-0.0121595688175167 -0.9999094914470049 0.0057579336888031 22.8007313053646961 0.9990899293493748 -0.0119137604198771 0.0409557735285200 11.1778315063657026 -0.0408834680382392 0.0062506981090393 0.9991443693552579 0.0056028626003133
-0.0251807647248747 -0.9996643920408665 0.0060854230284653 22.7720128938421134 0.9985810666155410 -0.0248668160994490 0.0470902840726705 11.9064031660550711 -0.0469231551032017 0.0072625575826330 0.9988721003074016 -0.0267452124242242
-0.0332916680742337 -0.9994261532491644 0.0062473224995129 22.7492633213107638 0.9981966097017934 -0.0329369998899123 0.0501864764463270 12.6488129354045906 -0.0499519090394037 0.0079068476543940 0.9987203254883168 -0.0340174075086276
-0.0371821469734128 -0.9992876952813284 0.0064490313829752 22.7082828769811798 0.9981959688303653 -0.0368355422787880 0.0474125577862665 13.4101894789385732 -0.0471412320294663 0.0082002978213408 0.9988545736784636 -0.0714519143472970
-0.0370183982691938 -0.9992272967721132 0.0132078603520336 22.6841275710820014 0.9984190851640682 -0.0364225861317347 0.0428103445398628 14.2007397553288168 -0.0422962004171621 0.0147717502338702 0.9989959093135965 -0.1417635208185358
-0.0335012934191390 -0.9991165465906969 0.0253730106200352 22.6931190286243876 0.9986169525761662 -0.0324336986199523 0.0413791882631951 15.0029314115729822 -0.0405196910987188 0.0267241748705134 0.9988212918789600 -0.1141227818982686
-0.0277493153267150 -0.9992473700390840 0.0271047776023431 22.6545235337675912 0.9987787990814003 -0.0266071088052571 0.0416289834915673 15.8328819003622030 -0.0408764725045413 0.0282268530126748 0.9987654172850532 -0.1584002564716880
-0.0223318069572294 -0.9994229708940150 0.0255932734796955 22.6356272051794356 0.9989602719944501 -0.0212891275728229 0.0403131247109797 16.6840012815958296 -0.0397450044005529 0.0264669283553932 0.9988592675290301 -0.2377387779430654
-0.0192101825933613 -0.9993806684730439 0.0294830182834552 22.6240904971954890 0.9992249717332503 -0.0181771566459272 0.0349148512950476 17.5588878651953273 -0.0343573099851485 0.0301308887794943 0.9989553067039296 -0.2124936579408509
-0.0167571843653993 -0.9994881870816154 0.0272499661733752 22.6153533845255694 0.9995879177201731 -0.0161111295694902 0.0237576566993419 18.4310311345510058 -0.0233064694879491 0.0276368483785900 0.9993462928793533 -0.2258539289612227
-0.0153695954509709 -0.9996789608362791 0.0201432568610748 22.5833343199914616 0.9997706364615366 -0.0150642638629161 0.0152230885027552 19.3242492228296250 -0.0149147579587393 0.0203726094442067 0.9996812025738335 -0.2780733452531098
-0.0164766954616018 -0.9997634130245228 0.0141998762045009 22.5543641877383259 0.9997940858106291 -0.0163056341760515 0.0120794152261306 20.2524541913780460 -0.0118450194070809 0.0143959810945382 0.9998262105203942 -0.2707903552408906
-0.0202220458680757 -0.9997832187017792 0.0049582722010976 22.5167684386868423 0.9996387065617929 -0.0201307953516505 0.0178103178516368 21.1906226236401594 -0.0177066429448332 0.0053166418744073 0.9998290894521941 -0.2886848205248653
-0.0241053041725392 -0.9997093328245860 -0.0004291551825326 22.4628167080947954 0.9993706750707508 -0.0241083082391764 0.0260200553895815 22.1694274647540830 -0.0260228384190002 0.0001983362452745 0.9996613289226269 -0.3421805764092196
-0.0288984968646830 -0.9995795622968875 -0.0023612533376322 22.4394232226010324 0.9989631009943480 -0.0289636506330713 0.0351259134224482 23.1484617994421811 -0.0351795356808165 -0.0013437188574865 0.9993801052096816 -0.3315519919571549
-0.0310567341753920 -0.9995091807779822 -0.0041081386157662 22.4063071976585348 0.9984924043328410 -0.0312107274937135 0.0451531724127529 24.1703475076682999 -0.0452592283626407 -0.0026996351309905 0.9989716283349482 -0.3949529724908783
-0.0317342735644852 -0.9994939560673897 -0.0021834985902740 22.3666382258423866 0.9980850922899240 -0.0318054402606043 0.0530524506356048 25.1873333754643944 -0.0530950508988227 -0.0004957364102519 0.9985893399268104 -0.4164311930101181
-0.0336578992870071 -0.9994329373109627 -0.0009744914404290 22.3396060926716729 0.9979310998507962 -0.0336607315197701 0.0547765926663470 26.2035964027417805 -0.0547783329991579 0.0008711897243068 0.9984981598692597 -0.4356381023158693
-0.0349249917309329 -0.9993874336210697 -0.0022366208633716 22.2838870518284047 0.9980613762267985 -0.0349938350173435 0.0514676674723870 27.2163840888158468 -0.0515144080511806 -0.0004347770361107 0.9986721567822272 -0.5041661272882720
-0.0376761126510554 -0.9992785281132787 -0.0047889233930449 22.2461630679187330 0.9981912777312473 -0.0378589231291964 0.0466998394082649 28.2535071165122282 -0.0468474502696264 -0.0030207931503286 0.9988974878394569 -0.5421544156045814
-0.0421244781034802 -0.9990991947186069 -0.0051310288579412 22.1911661834925020 0.9982650036217923 -0.0422996629543959 0.0409599933829073 29.2765678516516950 -0.0411401371958423 -0.0033967081970792 0.9991476124602066 -0.5582910477012109
-0.0477961860979574 -0.9988467242353781 -0.0045547863554823 22.1428404071782836 0.9981748718398437 -0.0479315522476385 0.0367354260441313 30.3151539665382757 -0.0369113779477462 -0.0027906600270484 0.9993146463424881 -0.5918078176148931
-0.0546145924918746 -0.9984859166004311 -0.0065666306081585 22.0850859120397836 0.9979154232670827 -0.0548074701311001 0.0340727049631837 31.3376142182899997 -0.0343810164571392 -0.0046920750661189 0.9993977837372604 -0.6209168579336843
-0.0610526936491183 -0.9981148154124713 -0.0062756555287410 21.9988139971829995 0.9974509425021161 -0.0612423318312789 0.0366195862006635 32.4122186747550174 -0.0369348872995063 -0.0040239341440947 0.9993095726821477 -0.6476763812238348
-0.0674437638917798 -0.9976890104915488 -0.0082448199801205 21.9361926646576109 0.9968458809415137 -0.0677286114601161 0.0413657447608861 33.4672381563242922 -0.0418285591677266 -0.0054289533134266 0.9991100530491487 -0.6698106559136164
-0.0733660344771148 -0.9972433628082953 -0.0110950583552265 21.8426606179384670 0.9962716383716790 -0.0737918039313257 0.0446944319660912 34.5318759501792556 -0.0453899500034268 -0.0077746387288316 0.9989390909516569 -0.7214743114028637
-0.0776269926981741 -0.9968752551587822 -0.0146210689332563 21.7533564635327323 0.9958591121100119 -0.0782271721198826 0.0463156384991658 35.5906498647856964 -0.0473146788227163 -0.0109651809943859 0.9988198466058149 -0.7529824975105618
-0.0803665242294822 -0.9965790958963572 -0.0192698574377655 21.6633635072142283 0.9955275570581175 -0.0812148809066633 0.0482599860879979 36.6510335053325491 -0.0496598924804442 -0.0153051867586213 0.9986489104470672 -0.7886231360186686
-0.0812798916677957 -0.9964181695772284 -0.0233326069447340 21.5515730728072121 0.9953936842106251 -0.0823460090607744 0.0490973341981170 37.7226987172811050 -0.0508428229356918 -0.0192345035841567 0.9985214275256195 -0.8447716220495471
-0.0832836492813096 -0.9962251226736496 -0.0244813953086864 21.4599688260903463 0.9952316196459721 -0.0844020454505050 0.0488908782967420 38.8112095539044972 -0.0507726010683298 -0.0202928479431363 0.9985040527224278 -0.8780908024902619
-0.0847660603271623 -0.9960879451074813 -0.0249703950342758 21.3583285682943433 0.9951305509983734 -0.0858964561880229 0.0483423756554562 39.8974375219157551 -0.0502981260713165 -0.0207510102379372 0.9985186498447682 -0.9136360992523990
-0.0853840296305228 -0.9960080123753827 -0.0260308810472073 21.2569513202741263 0.9950986314728154 -0.0865558693536064 0.0478204466872888 40.9665444663260985 -0.0498826735949908 -0.0218201916692154 0.9985166989642859 -0.9538449276304378
-0.0866588424884915 -0.9958519131051794 -0.0277346747467769 21.1552705059055057 0.9950114183580016 -0.0878996673758361 0.0471797182316267 42.0509403850777375 -0.0494218813457474 -0.0235077782866024 0.9985013079632269 -0.9975811622672502
-0.0872971267861853 -0.9956689981235782 -0.0319758945217590 21.0428121056943738 0.9950490446291829 -0.0886835251434581 0.0448623578368309 43.1448036094943177 -0.0475037939266638 -0.0279012283550308 0.9984813022880566 -1.0321326130675130
-0.0870689172560803 -0.9954941532301074 -0.0375552197773568 20.9354022985516863 0.9952738188766865 -0.0885531570765450 0.0398542824599028 44.2298726887578937 -0.0430003384460029 -0.0339076577847614 0.9984994950610043 -1.0684540424427957
-0.0865978456567571 -0.9954635793677091 -0.0394090761124592 20.8248498974107825 0.9953671151570840 -0.0881126964631169 0.0384767304466398 45.3175511142182827 -0.0417746237741676 -0.0358944964364697 0.9984820809278948 -1.1113143394467082
-0.0843519892625892 -0.9956436944871087 -0.0397287746539660 20.7138942963960595 0.9953803940109175 -0.0860304129460354 0.0426220514171443 46.4365556476959469 -0.0458542596289057 -0.0359499885451472 0.9983010493821434 -1.1538436932151475
-0.0827680502804098 -0.9957683978620923 -0.0399342919298845 20.6252549738967978 0.9953334247326519 -0.0845937213917454 0.0464249492306244 47.5371946446829341 -0.0496066876817011 -0.0359054330186597 0.9981232270701813 -1.2032141101979776
-0.0811786263310754 -0.9959898756889433 -0.0376058260396345 20.5262221498693904 0.9954860182933775 -0.0828833708114798 0.0462378008270740 48.6518033639866871 -0.0491692791222026 -0.0336825528731174 0.9982223537982671 -1.2316137719396780
-0.0791454326121732 -0.9961572903121879 -0.0375053790077050 20.4418671920165025 0.9956989703540259 -0.0808147518127040 0.0453049260609069 49.7573129092666235 -0.0481618202787761 -0.0337583892881564 0.9982689067681634 -1.2571828899945801
-0.0745724945405035 -0.9963737198974526 -0.0409677111359637 20.3422932217918664 0.9960176194332379 -0.0764331346020832 0.0459007376133126 50.8719690512756699 -0.0488655792614075 -0.0373816296141973 0.9981055900709274 -1.3079517377117664
-0.0684041568209788 -0.9965910443758185 -0.0461211621658273 20.2323965107537056 0.9964221686077822 -0.0705464320310956 0.0465409801642230 52.0060752772811909 -0.0496360074600639 -0.0427725519182293 0.9978510788518630 -1.3590911734104205
-0.0629450547024488 -0.9968033395008401 -0.0492038865180282 20.1534885472242564 0.9967819478284309 -0.0652426769062711 0.0465740442034334 53.1315267920286729 -0.0496353560666707 -0.0461139400840699 0.9977022782163313 -1.3991994846340290
-0.0569576452650438 -0.9970951596682364 -0.0505674718770446 20.0798715982123710 0.9971907369328407 -0.0592848982110465 0.0457813828913445 54.2554333501392776 -0.0486462827068983 -0.0478178147794324 0.9976707852636161 -1.4410742326507215
-0.0513377443172911 -0.9974444645437049 -0.0496887930979840 20.0181394235054064 0.9975314089924104 -0.0536020835491953 0.0453641346528485 55.3765457726682016 -0.0479116278373959 -0.0472372394441813 0.9977339921680848 -1.4759710157931376
-0.0459524031523628 -0.9978145533235121 -0.0474815102995200 19.9599567422510269 0.9978152465394652 -0.0481071876349615 0.0452816990763548 56.5013002088010765 -0.0474669402627730 -0.0452969720142010 0.9978452154058940 -1.5151662866002957
-0.0401691906486301 -0.9981030556432869 -0.0466554009538841 19.9086047412301390 0.9980480707471867 -0.0423139401216108 0.0459301529412146 57.6497772967314432 -0.0478171998391022 -0.0447193558419441 0.9978545458194942 -1.5546977408912388
-0.0350361963092312 -0.9984106993947929 -0.0441422731877445 19.8558840126945775 0.9981747929533286 -0.0371335590891040 0.0476254291524565 58.7871328250607519 -0.0491888977388257 -0.0423930905145693 0.9978894118166917 -1.5877228992341019
-0.0293831949490433 -0.9985152499628492 -0.0458685452812200 19.8116850973862491 0.9983308978620092 -0.0315984479646580 0.0483420775335460 59.9328361452535816 -0.0497196764734153 -0.0443715413058146 0.9977770893809526 -1.6445107882487069
-0.0236704761763251 -0.9987106425486399 -0.0449083624469772 19.7807772877980135 0.9984923249011516 -0.0258429085326402 0.0484274838502606 61.0969730979626036 -0.0495256062161755 -0.0436943536244289 0.9978166253326628 -1.6842174518975226
-0.0192162737121417 -0.9988071142458593 -0.0448896798438021 19.7554292383809944 0.9987874131077935 -0.0212125760031663 0.0444266815860897 62.2319629804036580 -0.0453259113759663 -0.0439815319329477 0.9980036004978986 -1.7141745716756129
-0.0148810135905504 -0.9989029180762332 -0.0444017532683604 19.7264911627385366 0.9991033131667624 -0.0166150091702302 0.0389424073404798 63.3917996563755182 -0.0396374198670467 -0.0437824363079495 0.9982544631591805 -1.7358040135112656
-0.0113811180258661 -0.9989411438733852 -0.0445764649721587 19.7068611731604442 0.9991910198209862 -0.0130809541293269 0.0380288646709845 64.5278426937288856 -0.0385717002681877 -0.0441075924983355 0.9982818961708271 -1.7813068971035655
-0.0084151717526044 -0.9990308192367139 -0.0432042486289816 19.6979787618377493 0.9991354305680928 -0.0101594563014940 0.0403134820025543 65.7127596575297730 -0.0407133426272814 -0.0428276506812914 0.9982525812985583 -1.8274848826103147
-0.0055477613793682 -0.9990698462061923 -0.0427628898136311 19.6776102284029122 0.9991480288191877 -0.0072869114010821 0.0406216374480945 66.8918521021862489 -0.0408954624672377 -0.0425010979125004 0.9982590935352519 -1.8507525751620097
-0.0048080079077082 -0.9989862181924619 -0.0447595679322563 19.6718366573863470 0.9991826698738363 -0.0065958174414174 0.0398809154367322 68.0348506309015590 -0.0401357108290323 -0.0445312368321648 0.9982014294031271 -1.8868358149715947
-0.0034208937386127 -0.9989442925151261 -0.0458104566391076 19.6454435536119227 0.9991511742802744 -0.0052950330688328 0.0408520936935794 69.2195042628065522 -0.0410515337152968 -0.0456318208737544 0.9981144766525368 -1.9238170911070895
-0.0028745125875367 -0.9989358977436011 -0.0460305265728050 19.6347482778025650 0.9991563316822758 -0.0047548407389051 0.0407923564992971 70.3792992022540886 -0.0409678170836840 -0.0458744339336549 0.9981067950247932 -1.9536044765192566
-0.0013520645888230 -0.9989093913996205 -0.0466711869892675 19.6189203749851693 0.9992278317518803 -0.0031821992953540 0.0391613822544656 71.5419190531085576 -0.0392671895325267 -0.0465822002623767 0.9981423678238153 -1.9897308791530839
-0.0001650444491825 -0.9989626612607390 -0.0455365146579344 19.6163270193754968 0.9992821055883401 -0.0018898895550137 0.0378378351442521 72.7311068909760507 -0.0378846434754709 -0.0454975793238754 0.9982458234645433 -2.0186164283905970
-0.0004993982183197 -0.9991092847109592 -0.0421946419083684 19.6307607986888755 0.9992932664626927 -0.0020845351667003 0.0375316175438944 73.9142715039369165 -0.0375861437732299 -0.0421460783169050 0.9984042216851666 -2.0412536074202228
-0.0005420884071210 -0.9992138588714549 -0.0396405143681948 19.6174005128358324 0.9992796686842721 -0.0020454460265729 0.0378940616034188 75.0904725265422996 -0.0379453540556704 -0.0395914181328299 0.9984952026503789 -2.0732309788684451
-0.0001463930358270 -0.9992378574516764 -0.0390343797755592 19.6212355328559553 0.9991720895136090 -0.0017341997192863 0.0406463785390827 76.2834813974422588 -0.0406830936150121 -0.0389961124564636 0.9984108318258547 -2.1008438312406623
-0.0000838429923382 -0.9991678059324355 -0.0407883385113460 19.5989302929817271 0.9990119091746205 -0.0018964548671447 0.0444028015582057 77.4560241836014711 -0.0444432030532583 -0.0407443130645296 0.9981806963948293 -2.1513421272905666
0.0009031497876882 -0.9990713504038881 -0.0430769209973569 19.5952077528159485 0.9989969768300379 -0.0010270868290905 0.0447658952450439 78.6401763718002513 -0.0447685671526991 -0.0430741441562922 0.9980683310777360 -2.1770409917805624
0.0011167368177945 -0.9990218509057648 -0.0442051389738743 19.5790428615457976 0.9990878577421093 -0.0007723720478470 0.0426949171881452 79.8133246539117494 -0.0426872980072838 -0.0442124965845569 0.9981097383226946 -2.2113154545359359
0.0013408632295057 -0.9990046742211547 -0.0445854569347958 19.5739491542168444 0.9991780683136204 -0.0004679115421624 0.0405335522727868 80.9839841014527622 -0.0405140702332139 -0.0446031606847933 0.9981829332191894 -2.2443411707157814
0.0014384295902532 -0.9990914262459778 -0.0425940479655588 19.5680163847001225 0.9992101431362299 -0.0002554959222476 0.0397369422012976 82.1656918897937913 -0.0397117208641156 -0.0426175635579060 0.9983019195125282 -2.2711572246239866
0.0012288795990057 -0.9991596031559971 -0.0409704439331812 19.5749872354413803 0.9991580491341716 -0.0004533168920495 0.0410242288677309 83.3345229210076184 -0.0410083248295724 -0.0409863626703588 0.9983178027911382 -2.2949681281258778
0.0013474614973996 -0.9991721578473473 -0.0406593572279358 19.5680217479278582 0.9990501275096554 -0.0004258468091813 0.0435736316760114 84.5130427772887316 -0.0435548742445047 -0.0406794498140151 0.9982224978893105 -2.3279661493166022
0.0024037254644226 -0.9991751803222843 -0.0405361706605663 19.5726903753938757 0.9989254070999519 0.0005229693414615 0.0463439052439821 85.6925898382287556 -0.0462844807045189 -0.0406040088045350 0.9981027308423288 -2.3639141658781067
0.0023545528014094 -0.9991215613803660 -0.0418397139804383 19.5592105902939615 0.9989147468953902 0.0004036967281439 0.0465743004657117 86.8596861671465490 -0.0465164972458598 -0.0419039689505802 0.9980382121292575 -2.4029060092525687
0.0028956211633971 -0.9991381791800097 -0.0414066936971905 19.5420495261035896 0.9989986683462927 0.0010415892011522 0.0447277959916419 88.0285362809153753 -0.0446461198808136 -0.0414947466167817 0.9981407265425036 -2.4331014592897939
0.0028814260573142 -0.9991885602215841 -0.0401736045954888 19.5445362991258342 0.9990664686762935 0.0011447975676269 0.0431842633977984 89.1798259054538391 -0.0431032313238520 -0.0402605335390331 0.9982590850518691 -2.4659386566252954
0.0027431808052479 -0.9992425258961679 -0.0388181581185452 19.5439838730644659 0.9990347470554803 0.0010366309710472 0.0439146851522666 90.3388142614300591 -0.0438411808105411 -0.0389011546984987 0.9982808477719388 -2.4933480247763091
0.0031702365654801 -0.9993359913814324 -0.0362977400096576 19.5551875569680149 0.9988978564475224 0.0014648417539785 0.0469140343946330 91.5250865074036710 -0.0468297126263220 -0.0364064632768085 0.9982392235566635 -2.5334124918817387
0.0034134789152805 -0.9994165285216426 -0.0339845653119705 19.5443909444647801 0.9987909292279392 0.0017407429017993 0.0491289070318035 92.6671658534463205 -0.0490410833249501 -0.0341111760556344 0.9982141051970849 -2.5741228940639829
0.0034236288488018 -0.9993907926837536 -0.0347321502997556 19.5503732279805895 0.9987103494147845 0.0016577971245298 0.0507433708034204 93.8312206525932737 -0.0506548787117802 -0.0348610844299638 0.9981076034451705 -2.6094502525165151
0.0042402739577353 -0.9993051912270976 -0.0370291083249004 19.5446861771311191 0.9986083519386784 0.0022849311470645 0.0526890740853325 95.0175100250213660 -0.0525678562914623 -0.0372009929467888 0.9979241988290960 -2.6597551528173824
0.0041676699242785 -0.9992326277208952 -0.0389459397806389 19.5360141030450478 0.9986590788751639 0.0021492710925125 0.0517245088326584 96.1490901710989050 -0.0516011114958887 -0.0391092870270704 0.9979016930342502 -2.7123814623115319
0.0052283335273475 -0.9991048105841925 -0.0419790661646026 19.5367489000371393 0.9988029668989514 0.0031758634410997 0.0488113429978742 97.3235436891075238 -0.0486343278187274 -0.0421840178139632 0.9979254535278133 -2.7389437307856812
0.0053536917252520 -0.9990245514399603 -0.0438324492254029 19.5265028643323433 0.9989041025365288 0.0033046438506401 0.0466869710381046 98.4502152632940977 -0.0464965796656416 -0.0440343610060028 0.9979474150125295 -2.7753938927170330
0.0056245917753481 -0.9990148479787194 -0.0440192853805831 19.5277378041527427 0.9989528119441814 0.0036145709164686 0.0456093673043509 99.6112408985182611 -0.0454053243152613 -0.0442297229829257 0.9979890220481784 -2.8097532196451227
0.0058561629668894 -0.9990971182860746 -0.0420791348267376 19.5271748119733068 0.9989589991810142 0.0039412758301920 0.0454464993161956 100.7663112088194026 -0.0452396210259531 -0.0423014725191911 0.9980801381212514 -2.8483438098073415
0.0051156302407552 -0.9990942587281452 -0.0422432539430609 19.5332393076715753 0.9988502679664916 0.0030916677462768 0.0478391447855697 101.9352671261064955 -0.0476652127920137 -0.0424394128965598 0.9979613838834083 -2.8838788916985525
0.0058180996516676 -0.9991896679579086 -0.0398265886388493 19.5392712018579999 0.9987471379049244 0.0038267639320767 0.0498949937822500 103.1013131059558532 -0.0497021553171074 -0.0400669854615120 0.9979600855910326 -2.9206918433546876
0.0052304506348652 -0.9990272801488609 -0.0437851105345840 19.5276820908778390 0.9987915048958549 0.0030794008725760 0.0490514733534007 104.2578596465589129 -0.0488689281039562 -0.0439887577528108 0.9978360672261426 -2.9698386568969672
0.0052433961139902 -0.9988227091946213 -0.0482255367446430 19.5161922186615229 0.9987587041885864 0.0028420255573948 0.0497290025866899 105.4077878849817864 -0.0495333988812365 -0.0484264234467944 0.9975977766151166 -3.0204728705712012
0.0052310957746190 -0.9986820346029948 -0.0510571189768874 19.5160955245889909 0.9987873908237932 0.0027185482949175 0.0491564586455147 106.5860410984168141 -0.0489528708902426 -0.0512523487890212 0.9974852445902204 -3.0792808915517904
