1.0000000000000000 0.0000000000000000 0.0000000000000000 0.0000000000000000 0.0000000000000000 1.0000000000000000 0.0000000000000000 0.0000000000000000 0.0000000000000000 0.0000000000000000 1.0000000000000000 0.0000000000000000
0.9999973049482216 -0.0013309651211699 0.0019022692079865 1.5634668431390122 0.0013343888042354 0.9999974903221664 -0.0017996543800808 -0.0211727479986260 -0.0018998691566936 0.0018021878966528 0.9999965713021083 0.0154378579518330
0.9999931556411791 -0.0022103940649145 0.0029669561632032 3.0638648709838026 0.0022172476314646 0.9999948769207933 -0.0023086673879795 -0.0220934381100151 -0.0029618378985595 0.0023152300631570 0.9999929335880415 0.0337305077875178
0.9999881144814041 -0.0039260342297809 0.0028908737697932 4.5809915229626545 0.0039297591400940 0.9999914541887461 -0.0012839558316364 0.0062494597695965 -0.0028858082103870 0.0012953010087751 0.9999949971406205 0.0374106190256655
0.9999838529044186 -0.0048977961178402 0.0028819305373558 6.0940283354454552 0.0049008073503249 0.9999874514809317 -0.0010387338380178 0.0091110749678590 -0.0028768068668362 0.0010528408518438 0.9999953077431871 0.0447783642853755
0.9999757030870031 -0.0062354427487471 0.0031164867047534 7.6028125802438282 0.0062380160323071 0.9999802099130437 -0.0008166628715375 0.0146491989454609 -0.0031113327746300 0.0008360837231795 0.9999948102727201 0.0605860917657244
0.9999642989968808 -0.0078028178095874 0.0032429563529787 9.1169588642937551 0.0078066562050266 0.9999688400298061 -0.0011726416079017 0.0311858647509142 -0.0032337053937330 0.0011979163887556 0.9999940540551989 0.0655544501713135
0.9999538979591671 -0.0091341159979391 0.0029613985216078 10.6298352791817052 0.0091402989008928 0.9999560610891586 -0.0020810639243639 0.0491003052452303 -0.0029422597216980 0.0021080360507221 0.9999934496244157 0.0895169524758725
0.9999370974645334 -0.0108688332652700 0.0027694002339855 12.1302923131215028 0.0108769033930486 0.9999365934459504 -0.0029158292622034 0.0725163323168835 -0.0027375329737790 0.0029457683479516 0.9999919141483383 0.0952150084394530
0.9999268364745024 -0.0117645376308218 0.0028137790294849 13.6211303131110970 0.0117735169624005 0.9999255814892646 -0.0031962136493257 0.0944785224050186 -0.0027759676564864 0.0032291078781990 0.9999909333918389 0.1136693183246287
0.9999164710482503 -0.0126091912975663 0.0028388767558751 15.1034134671220617 0.0126169823645981 0.9999166391638538 -0.0027434429600406 0.1342282810827708 -0.0028040475076379 0.0027790318610901 0.9999922071193805 0.1187675427060974
0.9999024777294605 -0.0135886321413779 0.0032224380540120 16.6092091867385570 0.0135946660293936 0.9999058620020871 -0.0018580068386344 0.1579932536490183 -0.0031968869286988 0.0019016336107335 0.9999930818278573 0.1388586528982929
0.9998945216548275 -0.0139594067536736 0.0040100533349421 18.0899842383220530 0.0139606318391883 0.9999025070756723 -0.0002776732536903 0.1933971872263249 -0.0040057862292229 0.0003336268434396 0.9999919211522736 0.1464166652188001
0.9998867551834496 -0.0143295224584301 0.0045979990023541 19.5599193759777457 0.0143285856787534 0.9998973125505336 0.0002366150187242 0.2258083466105315 -0.0046009174257887 -0.0001707054006437 0.9999894011530859 0.1552607525836228
0.9998740620405887 -0.0150783661488899 0.0049500437102149 21.0488853862224374 0.0150763905959639 0.9998862496304892 0.0004361725265914 0.2544153883257252 -0.0049560574099738 -0.0003614888034712 0.9999876533341769 0.1730207034100735
0.9998735203188280 -0.0151409640390238 0.0048677071813263 22.5134599812036278 0.0151365824028934 0.9998849975288016 0.0009357296559264 0.2931413062998531 -0.0048813152320420 -0.0008619308542746 0.9999877148429414 0.1768413753026600
0.9998617983640079 -0.0156473739072687 0.0056163922671208 23.9804207975843156 0.0156368071518145 0.9998758934186663 0.0019204224329054 0.3148306574889287 -0.0056457448037447 -0.0018323345846135 0.9999823839026271 0.1907076890934730
0.9998592630501446 -0.0155336489069300 0.0063371795349343 25.4338694254579920 0.0155192553910404 0.9998768910841579 0.0023141711230534 0.3515040366604179 -0.0063723468933683 -0.0022154971260066 0.9999772421248172 0.1961907841400355
0.9998699537013545 -0.0151245013772237 0.0055968869330827 26.8526781605753619 0.0151090840410432 0.9998819678784752 0.0027867348113221 0.3749559795264688 -0.0056383742951359 -0.0027018085717345 0.9999804542918574 0.2101939514778274
0.9998772046021627 -0.0151972564418840 0.0038234949463081 28.3021872932296645 0.0151855708710305 0.9998799889403041 0.0030669453954069 0.4049601404335032 -0.0038696452402951 -0.0030085068351447 0.9999879872940161 0.2188632024540472
0.9998789981136775 -0.0150846451461792 0.0038003436689677 29.7371640299956539 0.0150763129980501 0.9998838999254905 0.0022116636671215 0.4281735692559269 -0.0038332646103858 -0.0021541008809924 0.9999903329191844 0.2288770991604068
0.9998810972918628 -0.0142999778688028 0.0057707808286356 31.1542805821654376 0.0142964888309086 0.9998975916858246 0.0006454052956422 0.4591013186745412 -0.0057794191341436 -0.0005628266515425 0.9999831406281969 0.2379013571983488
0.9998719871650754 -0.0143361553904366 0.0071052045139135 32.5905416086755650 0.0143418801999120 0.9998968645862710 -0.0007554223161146 0.4834935960677783 -0.0070936418639971 0.0008572276042968 0.9999744723771401 0.2520087450488857
0.9998787911879946 -0.0140349703057558 0.0067396246892001 33.9865640088118965 0.0140459062083561 0.9999001061590894 -0.0015780436710682 0.5107344360398240 -0.0067168036461389 0.0016725165345335 0.9999760433316495 0.2592091554899216
0.9998885000580804 -0.0138269334349370 0.0056394470817709 35.3481603002034959 0.0138355787294973 0.9999031633653535 -0.0014968811506568 0.5392285053702397 -0.0056182037006641 0.0015747392625861 0.9999829778468395 0.2726745519492892
0.9998989186235677 -0.0134455878651458 0.0046226293795393 36.7211053167795356 0.0134501292229805 0.9999090890252917 -0.0009527373701054 0.5597747330080511 -0.0046093990177746 0.0010148160286054 0.9999888617325310 0.2757406130095666
0.9999207467667788 -0.0119573336886369 0.0039398421828976 38.1056810224938403 0.0119590393405187 0.9999284042197329 -0.0004096493992063 0.5972911142873913 -0.0039346617922607 0.0004567336608276 0.9999921548846988 0.2964662772275966
0.9999311764035360 -0.0107934526392993 0.0045982427473720 39.4392508002880930 0.0107935162980849 0.9999417482461348 0.0000109720779793 0.6542027288125433 -0.0045980933182713 0.0000386598851949 0.9999894279657410 0.3091874398303404
0.9999370528135573 -0.0093258921742546 0.0062384409664116 40.7564945940805217 0.0093244655041353 0.9999564930109033 0.0002577370704322 0.6789699728211885 -0.0062405731787567 -0.0001995507190178 0.9999805075229772 0.3232395308141497
0.9999455319433926 -0.0074112634531130 0.0073488992695554 42.0679134271010682 0.0074117562923531 0.9999725317638489 -0.0000398304021718 0.6927822856268956 -0.0073484022146509 0.0000942964830902 0.9999729956819159 0.3432339757757577
0.9999527835651059 -0.0055008208930346 0.0080107184384045 43.3472999181310215 0.0054980792727685 0.9999848191166035 0.0003642260890850 0.7087978847793845 -0.0080126003711026 -0.0003201653266214 0.9999678473478318 0.3497052384408196
0.9999672194694272 -0.0021086018764313 0.0078175306017335 44.6013430234570976 0.0021079908156492 0.9999977744520239 0.0000864044004713 0.7122086600958255 -0.0078176953959251 -0.0000699222853797 0.9999694389077951 0.3551734155550237
0.9999779397828883 0.0019170276450184 0.0063596346261858 45.8866557836365487 -0.0019136084528114 0.9999980212547863 -0.0005436811576298 0.7281376245248820 -0.0063606642938985 0.0005314993133280 0.9999796295216319 0.3703471898029421
0.9999719875297385 0.0056708444340888 0.0048852511940533 47.1218277404728028 -0.0056685165773541 0.9999838136702917 -0.0004902216148032 0.7186029911558584 -0.0048879520902826 0.0004625157551068 0.9999879469291314 0.3831057136045422
0.9999454474021651 0.0091024134989084 0.0051233083236236 48.3282450959432524 -0.0090999772133341 0.9999584700237242 -0.0004986406816736 0.7129073704438771 -0.0051276343864225 0.0004519914905272 0.9999867514468838 0.3873018421444197
0.9998796985642093 0.0146315659816422 0.0051483663496906 49.5236507254409517 -0.0146315493968156 0.9998929523156100 -0.0000408879157585 0.7082274595257818 -0.0051484134832318 -0.0000344455796748 0.9999867462382228 0.4036007058678298
0.9997664170278131 0.0211316613491841 0.0045347846687794 50.7487851901491211 -0.0211371246919716 0.9997759128024624 0.0011602326314934 0.7014927131918605 -0.0045092508385365 -0.0012558139299021 0.9999890447341154 0.4143962236540347
0.9995692392989585 0.0289932648180707 0.0045526302826671 51.9412196054173165 -0.0290047862489838 0.9995761827442918 0.0024854104290532 0.6775649891746155 -0.0044786406366433 -0.0026163878801338 0.9999865480557768 0.4273935114674114
0.9993059288271495 0.0368438349591221 0.0054947644547290 53.1077533123331946 -0.0368624539642235 0.9993148119223410 0.0033265838861985 0.6691298783741416 -0.0053684353999543 -0.0035268255019757 0.9999793704888292 0.4398686657761949
0.9988665793061968 0.0472006273938633 0.0061365722323619 54.2903040550382912 -0.0472340670182836 0.9988691249583638 0.0054234783879835 0.6149214935750289 -0.0058736409534133 -0.0057071865694321 0.9999664636193616 0.4478881179456944
0.9981818679702857 0.0599147510284989 0.0065712300632340 55.4248424985697099 -0.0599642345893651 0.9981715092379762 0.0076110916229207 0.5744965302669723 -0.0061031979701259 -0.0079912924345125 0.9999494438319187 0.4613615569820033
0.9971628584499079 0.0748863956919598 0.0076329200360153 56.5632937056559442 -0.0749615415686135 0.9971354140332339 0.0100862959716772 0.4940267784990101 -0.0068557285291935 -0.0106298551748591 0.9999199993825983 0.4716063866305191
0.9957889469094876 0.0912207871142071 0.0091181802547497 57.6971320262438212 -0.0913268399239393 0.9957488738715201 0.0119828416123498 0.4161295784718557 -0.0079863334766811 -0.0127651158186682 0.9998866287213442 0.4701246358773002
0.9940420539189121 0.1084932053426965 0.0104699300445661 58.8099823340298400 -0.1086209396239787 0.9940044311454385 0.0125172815913552 0.3128499776361096 -0.0090491168560582 -0.0135799579417902 0.9998668402474524 0.4802494181410135
0.9917819281890783 0.1275236400257460 0.0103115543027184 59.9037730714845438 -0.1276452156273575 0.9917455529562552 0.0121431922877370 0.1678344232880872 -0.0086778940417231 -0.0133596192339263 0.9998730993125703 0.4905431192395663
0.9888857691409454 0.1483637202816422 0.0096510152166227 60.9949151417993747 -0.1484711288481065 0.9888490589305431 0.0115698984761461 0.0261109321033843 -0.0078268441334798 -0.0128742050772086 0.9998864912351503 0.4972891759581337
0.9856098904242447 0.1687811653808970 0.0092769666688283 62.0554451248823966 -0.1688622261002308 0.9856005379695862 0.0087822634062487 -0.1368210633865676 -0.0076611026871345 -0.0102224149166656 0.9999184015402900 0.4943710270575318
0.9814938983501490 0.1911901998286386 0.0107719539041266 63.1127230305617601 -0.1912386231454936 0.9815367846710636 0.0036509389211509 -0.3498804323003816 -0.0098750452577844 -0.0056433879075706 0.9999353157350136 0.5142886198425404
0.9767107839744381 0.2142595866749447 0.0113522678756411 64.1313810256424972 -0.2142527359046763 0.9767765426757792 -0.0018305288068448 -0.5664153539533500 -0.0114808373126492 -0.0006443572250577 0.9999338854036136 0.5053217369418905
0.9711811181653746 0.2381358547989038 0.0099272543156771 65.1522746992393280 -0.2380742036987738 0.9712217069516512 -0.0070049610359827 -0.8044356270176342 -0.0113096972659519 0.0044396627255105 0.9999261873471642 0.5147788563130152
0.9645777123305821 0.2637054719383204 0.0070186141715137 66.1596475581694108 -0.2636040618021778 0.9645465078852425 -0.0127645104793452 -1.0875207661672719 -0.0101358510493448 0.0104622271133532 0.9998938975348005 0.5383708115639473
0.9571416903490927 0.2895513027652341 0.0063109161488100 67.1176646482835650 -0.2894177019392247 0.9570602398842495 -0.0165254663147811 -1.3599070432002434 -0.0108248972235174 0.0139907219134168 0.9998435284085414 0.5354330651395210
0.9483302050987649 0.3171933885433579 0.0076273430312921 68.1068305638362688 -0.3170097605376658 0.9482347265522463 -0.0188604105002644 -1.6967291014818597 -0.0132149090494950 0.0154679547700741 0.9997930328593236 0.5246701217535557
0.9387414187248886 0.3445173842746331 0.0085041579799628 69.0300435678340847 -0.3442427958454856 0.9385798423178410 -0.0237650395139628 -2.0185509265486989 -0.0161693005064132 0.0193817317900564 0.9996814003441055 0.5229407519072065
0.9276966284043687 0.3732733973099389 0.0067776476644260 69.9404404024578099 -0.3729722921474757 0.9274427579633362 -0.0272323335690982 -2.3883028081521966 -0.0164509859104138 0.0227354692508666 0.9996061541929993 0.5374002158928837
0.9153147300292949 0.4027335413458920 0.0021539884855367 70.8719575303610867 -0.4025383375590131 0.9150138478925989 -0.0266935377948674 -2.7778237895122286 -0.0127213122996446 0.0235659253961467 0.9996413433695098 0.5167040869571369
0.9025437735444928 0.4305796034519919 -0.0039927343003005 71.7110362200590146 -0.4305197149428694 0.9021637146338255 -0.0274482612128358 -3.1830707334557560 -0.0082165614205646 0.0264922080850757 0.9996152514988950 0.5321065378653119
0.8880735717497175 0.4596240394894457 -0.0084305090655254 72.5500071911724831 -0.4596632051191100 0.8876142961244518 -0.0291650334325388 -3.6065318409399394 -0.0059219101079411 0.0297758902284797 0.9995390574368642 0.5371557990222029
0.8720934496333459 0.4892947800483074 -0.0066055525196031 73.4218329217538468 -0.4892567521711704 0.8716187322385210 -0.0301432590446260 -4.0959657420066025 -0.0089914159913080 0.0295195499354565 0.9995237619036774 0.5486839255239725
0.8545555577964259 0.5193597018980471 -0.0005465195431535 74.2217503891773305 -0.5191508910834730 0.8541811769160872 -0.0292723297583933 -4.5758726500755476 -0.0147360417506020 0.0252985581925073 0.9995713241319525 0.5333298926550754
0.8344982236641768 0.5510077030695716 0.0017960677404807 75.0384392670412694 -0.5507233733872346 0.8341639848998493 -0.0295670813742006 -5.0993008350109612 -0.0177899046180189 0.0236845404008350 0.9995611846403816 0.5127055875082906
0.8132560908768052 0.5819058982946598 0.0002370267132786 75.8233285540498514 -0.5817273886535718 0.8130165656521092 -0.0244399113244282 -5.6098878035643471 -0.0144144351978808 0.0197380218141235 0.9997012726573831 0.5279913774537897
0.7911664830605527 0.6115915786107816 -0.0033670541973993 76.5688681032755909 -0.6115504972231961 0.7910187215954070 -0.0171863734286717 -6.1496187221478245 -0.0078476383490665 0.0156564062907245 0.9998466339966355 0.5280247594638144
0.7682214417406146 0.6401686759165601 -0.0044590161706156 77.2942485965679680 -0.6401581782709587 0.7681087690395352 -0.0143675230077250 -6.7742534229022686 -0.0057726287581171 0.0138919149078980 0.9998868393260373 0.5192530229618370
0.7449339397847807 0.6671284100263544 -0.0036207585438834 77.9822631257608379 -0.6670805090593042 0.7447871161586355 -0.0171972683087384 -7.3511085582982476 -0.0087760919493996 0.0152261662873990 0.9998455601093021 0.5304751747741208
0.7203853260787663 0.6935640843410414 -0.0037206024461703 78.6505863332194650 -0.6935054053975241 0.7202281705572069 -0.0179341857979271 -7.9618368962022164 -0.0097588244581655 0.0154997821917512 0.9998322469780633 0.5102369922117621
0.6945423306384372 0.7194236729859302 -0.0063662939581230 79.2931233558841910 -0.7194131554622623 0.6943860314468595 -0.0165151772413081 -8.6482386292362143 -0.0074607438743504 0.0160504853170986 0.9998433473409357 0.5440755245978327
0.6684180295111644 0.7437496256878348 -0.0073370371144005 79.8772979280438733 -0.7437653280092281 0.6682938839844682 -0.0140150447833628 -9.2791190639060641 -0.0055203872815034 0.0148249424336140 0.9998748653737137 0.5448159700735137
0.6410885107147075 0.7674320397333106 -0.0073202336280214 80.4942020972811179 -0.7674539469020248 0.6409929596605054 -0.0119358724092456 -9.9875020137882000 -0.0044677526903921 0.0132698928569940 0.9999019697597668 0.5298305629736114
0.6130577729831430 0.7899898261222708 -0.0087316440750690 81.0304120683418745 -0.7900316485368987 0.6129707453259154 -0.0108101658017722 -10.6819195552763926 -0.0031876786254792 0.0135255313350772 0.9999034446920785 0.5355840392296876
0.5845770214944288 0.8112610981696007 -0.0111864443571581 81.5919836336012025 -0.8113345151185869 0.5845604488561500 -0.0050384730210641 -11.3861738184678369 0.0024516357783583 0.0120213239599496 0.9999247357937797 0.5473648500767619
0.5537563259876870 0.8325487105368424 -0.0147165217378152 82.0843018656501329 -0.8325971054259244 0.5538630512661414 0.0042166904714299 -12.1842029750018437 0.0116615378484528 0.0099179143775563 0.9998828148885291 0.5538360973178953
0.5231856976029029 0.8520362461329993 -0.0176340891273422 82.5654354628204032 -0.8519963487890294 0.5234098542037262 0.0120144151999460 -12.9240348655347059 0.0194665732456029 0.0087384093530412 0.9997723204450363 0.5784011958856050
0.4908187370478139 0.8711100145201615 -0.0162576125391455 83.0592281994246235 -0.8709635206046141 0.4910534820420204 0.0170006926453884 -13.7337901529192266 0.0227928308642145 0.0058155289605723 0.9997232949592122 0.5958518201680405
0.4586598656950854 0.8885243009346019 -0.0124777501675269 83.5087570220589157 -0.8883756981945620 0.4588164828034281 0.0166148718085967 -14.5565443106279417 0.0204877148040160 0.0034643551447020 0.9997841025869239 0.6171422151361781
0.4247526552893046 0.9052880617796315 -0.0062214969230374 83.8745836133659566 -0.9051638923132346 0.4247975639716552 0.0150119184684238 -15.3828123306548008 0.0162329873110366 -0.0007448778595782 0.9998679589225440 0.6359206940977475
0.3907961181530564 0.9204769642560379 -0.0007431759492366 84.2556607358950629 -0.9203568964209693 0.3907579441863024 0.0158559851682548 -16.2743647596595018 0.0148854709990563 -0.0055124703431123 0.9998740097751579 0.6548531132819235
0.3560990278556670 0.9344255650594990 0.0065073591790330 84.6144929369201009 -0.9343324874460786 0.3559366903482473 0.0182174467684075 -17.1215873452136584 0.0147066401014183 -0.0125672521726933 0.9998128719464234 0.6818241715008468
0.3202383833045710 0.9472579968186384 0.0122337778962719 84.9868018981239004 -0.9472144932675565 0.3199626039781321 0.0202147421309143 -17.9923599008558135 0.0152342247049539 -0.0180615480696878 0.9997208104660847 0.6814129155490496
0.2840886826815001 0.9586564875345746 0.0164729863765565 85.2278894005790875 -0.9586946781558913 0.2837639080096303 0.0195591049558652 -18.9179037650790853 0.0140760238655087 -0.0213490847338802 0.9996729875980261 0.7087946181781675
0.2474008429057248 0.9687395590555122 0.0183436542288742 85.4801449928994117 -0.9688154307398277 0.2470625678519303 0.0188877930635754 -19.8440191447736289 0.0137653220063662 -0.0224444711976466 0.9996533207180973 0.7294136748023101
0.2113596968186132 0.9772274381940625 0.0188045899028234 85.6981210618366873 -0.9773166569678181 0.2110372293764097 0.0177606258441680 -20.7633443420037338 0.0133877023417681 -0.0221319194332103 0.9996654178114847 0.7574547999421657
0.1759165048369299 0.9842519936537801 0.0173607694103133 85.8640186462823607 -0.9843135449102010 0.1756322787380586 0.0167376214436527 -21.6922615464575088 0.0134249257827581 -0.0200328643442851 0.9997091855704292 0.7610424898992469
0.1410114083064022 0.9899430571749092 0.0113369430906041 86.0424715077697044 -0.9899191068588918 0.1408360771345997 0.0150120369381062 -22.6302822150054403 0.0132644111493526 -0.0133395250489510 0.9998230405768459 0.7970122226240350
0.1069797654740146 0.9942170485108585 0.0093696440424444 86.1190450047770497 -0.9941253203792940 0.1068046032528451 0.0175392161959524 -23.6047028680683901 0.0164370666449600 -0.0111909416207760 0.9998022732849479 0.8302829254820440
0.0748401102288190 0.9971618728121713 0.0081949564160991 86.2099067414963827 -0.9969357896294525 0.0746305261044885 0.0234374898243793 -24.5550674978045400 0.0227593773385574 -0.0099239096676061 0.9996917158604799 0.8092620916481477
0.0450135618108554 0.9989782101420600 0.0040391724977644 86.2809934080782881 -0.9986660991118116 0.0448963870718421 0.0255017041135062 -25.5317780430754340 0.0252943024789732 -0.0051817071763776 0.9996666185148129 0.8756832461654055
0.0189228778001552 0.9998192052006912 0.0018659066480021 86.3205136191924964 -0.9995249410221921 0.0188718338726677 0.0243669070845341 -26.5260615560186714 0.0243272885941749 -0.0023261122374256 0.9997013415173127 0.8959891368260759
-0.0042061815039065 0.9999908819292079 0.0007376283626504 86.3438529944394304 -0.9997609112264917 -0.0042210399198315 0.0214546779414318 -27.5110133976121247 0.0214575958749243 -0.0006472097344604 0.9997695497957657 0.9110838789155651
-0.0224669891578617 0.9997475378983248 -0.0003080006789695 86.2746056037380384 -0.9995609331920522 -0.0224568406381638 0.0193295407287881 -28.5178245835910609 0.0193177440301472 0.0007421420280747 0.9998131195332435 0.9382861732589164
-0.0396456920970543 0.9992134853970738 -0.0007935356186567 86.2642558349105997 -0.9989888869365000 -0.0396199066104519 0.0212477475877503 -29.4896043681285036 0.0211995961168900 0.0016351149230462 0.9997739262071547 0.9753480511475854
-0.0540205189454084 0.9985361632015997 -0.0027044983818536 86.1971553607977654 -0.9982021465089028 -0.0539316207451728 0.0261506211937326 -30.4578653118082592 0.0259664829710922 0.0041123062176264 0.9996543556148217 0.9887408654179644
-0.0668226161563379 0.9977467792781542 -0.0060085281136984 86.1433280959721657 -0.9973111154465251 -0.0666094216097552 0.0305568970876008 -31.4495730170625514 0.0300878210715083 0.0080342636802779 0.9995149691876979 1.0325616111700990
-0.0757079930045372 0.9970680852793111 -0.0111145450952171 86.0758010426596485 -0.9965718151366444 -0.0752879859457327 0.0342977615521648 -32.4265375282282236 0.0333604117252614 0.0136730570716211 0.9993498538749267 1.0580249002532240
-0.0823995128953352 0.9965049310967489 -0.0137201521301831 85.9963859253550567 -0.9958764039796195 -0.0818076388023350 0.0392134955112195 -33.4335879566671537 0.0379540283926914 0.0168947486945080 0.9991366569170186 1.1009046321980847
-0.0858197072440712 0.9961846167571302 -0.0158488859227286 85.8725582066014539 -0.9953865822265353 -0.0850442742369575 0.0444187273893131 -34.4084992058716921 0.0429013959203996 0.0195877705714281 0.9988872756583308 1.1314376065378415
-0.0889931887926800 0.9958973667517516 -0.0163904620263805 85.7987555424415405 -0.9949571649685128 -0.0881207380316282 0.0479059015840565 -35.4249694587231048 0.0462650216289864 0.0205711065742451 0.9987173660991284 1.1901627441655245
-0.0916664277244839 0.9956464553162524 -0.0168938463475277 85.6968563509093144 -0.9945623974156613 -0.0906982002445100 0.0511807983448780 -36.4332609153972271 0.0494257389934056 0.0214935452773311 0.9985465055951911 1.2373594268206747
-0.0942097249957594 0.9953989509240867 -0.0174773057263111 85.6271679699885340 -0.9941640646272653 -0.0931370528291653 0.0544362195058775 -37.4106728044394075 0.0525579710416808 0.0225037305690603 0.9983642831103570 1.2924648535362080
-0.0956866272113202 0.9952488171763606 -0.0179961463090735 85.5063221659271449 -0.9938361166305100 -0.0945028274354187 0.0579567846545967 -38.4050193400220863 0.0559807346656835 0.0234309094097352 0.9981568763628907 1.3498180976502556
-0.0982667765570704 0.9949699292251865 -0.0194545769090611 85.3966015472462630 -0.9935148166006901 -0.0969618936176218 0.0593860284998293 -39.4200811124876367 0.0572009599568078 0.0251640840030544 0.9980454994920356 1.4192680232447406
-0.1009742442038450 0.9946908303213912 -0.0198583504351118 85.3287038312679869 -0.9932893444218148 -0.0996603391254769 0.0586864129375482 -40.4376836239417230 0.0563957468745981 0.0256509040763946 0.9980789301726191 1.4716769267032501
-0.1031007015171255 0.9944616623236163 -0.0204021448682849 85.2215107022988292 -0.9930979137327359 -0.1017629017196342 0.0583167692288203 -41.4831286044173595 0.0559176098055343 0.0262738273220704 0.9980896286964843 1.5423282159893377
-0.1045049153353854 0.9943335886554313 -0.0194791463456590 85.0966883457640080 -0.9928982679500741 -0.1031944418376498 0.0591940594617299 -42.4823998071225546 0.0568485019370507 0.0255268808401567 0.9980564243478850 1.6070061077797493
-0.1074086179623701 0.9940573090791145 -0.0177046619228816 85.0188118862785558 -0.9924706973828645 -0.1061487957518847 0.0611093118664859 -43.5053175923427844 0.0588668295713672 0.0241350248977409 0.9979740462303621 1.6599486795181533
-0.1095631460069677 0.9938550933869825 -0.0157470754684156 84.8851358874018587 -0.9920777727522068 -0.1083601536177390 0.0635591843792903 -44.5443171906024418 0.0614622636100924 0.0225860677562987 0.9978538268179520 1.7262935704050586
-0.1118881739612112 0.9936321894702338 -0.0132705906505952 84.7836273038911514 -0.9915909081354697 -0.1107645152263956 0.0669230384078362 -45.5564554035059430 0.0650269746389977 0.0206468935981065 0.9976698844578038 1.7922070404844510
-0.1143494789031980 0.9933991618225899 -0.0090720430302591 84.6963077030834199 -0.9910106174519353 -0.1134266973905205 0.0709389908062781 -46.6103685971705346 0.0694417221279900 0.0171023275975842 0.9974394004743566 1.8616643876035495
-0.1166561066869505 0.9931548538980256 -0.0058982159535509 84.5725622653711042 -0.9905536230520274 -0.1159154804585238 0.0732606391493543 -47.6556552468448729 0.0720754648347489 0.0143888001188944 0.9972953874354344 1.9397864884756386
-0.1196282702512979 0.9928121712023394 -0.0036151997427140 84.4749900739585229 -0.9902754980965578 -0.1190605625155563 0.0719654106018603 -48.7027832920283856 0.0710177078361271 0.0121891413141596 0.9974005765026036 2.0330420049133640
-0.1220471138941130 0.9925222204789820 -0.0020356437775360 84.3364558106050168 -0.9902208764603923 -0.1216239632855616 0.0683390618660040 -49.7470636232992902 0.0675804543646353 0.0103563222325299 0.9976600767684780 2.0801715060909216
-0.1246284498274906 0.9922013468117448 -0.0020583679352393 84.2209708978252820 -0.9900393188395735 -0.1242194019644953 0.0662698070561296 -50.8130292427991250 0.0654973025801080 0.0102969685122978 0.9977996170545399 2.1767313895617182
-0.1261004630850691 0.9920154634184721 -0.0019983864405144 84.0875323998322273 -0.9898296172047589 -0.1256883810503935 0.0666315223690123 -51.8650669420422545 0.0658483265847527 0.0103803279122371 0.9977756494715745 2.2456889762254426
-0.1272762702949022 0.9918651470156106 -0.0020690953386494 83.9404112671872582 -0.9895013742416852 -0.1268283999217230 0.0692934870468516 -52.9165103218639672 0.0684673746658633 0.0108667892680820 0.9975941717438848 2.3210835166937822
-0.1280528545828432 0.9917665592921933 -0.0012483200348140 83.7980798037019241 -0.9892334121027376 -0.1276356646829730 0.0715988371449616 -53.9901680542663271 0.0708500022072001 0.0104033153686598 0.9974327286672420 2.4004444880237168
-0.1283671289121056 0.9917266200888631 -0.0004372893579594 83.6708176775104846 -0.9891274068236787 -0.1279987633711177 0.0724105630811512 -55.0687184807283998 0.0717555104861474 0.0097276709743063 0.9973748137647591 2.4865874544759934
-0.1277378999291927 0.9918056743649358 0.0021291357859044 83.5398899614725110 -0.9892534151970130 -0.1275625752616669 0.0714525710780093 -56.1511484740148106 0.0711386634870652 0.0070209465264222 0.9974417260507740 2.5603562612467359
-0.1278560768918817 0.9917796823373105 0.0050877602852579 83.4127492747837778 -0.9892452688456174 -0.1278934338708886 0.0709723019161302 -57.1941679524634381 0.0710395781827208 0.0040411972997706 0.9974653112043573 2.6389102804354487
-0.1272956323793013 0.9918185688407606 0.0095785426772007 83.2756453784788135 -0.9892384498872577 -0.1276549500016384 0.0714947760660484 -58.2741584107083739 0.0721325948639654 -0.0003744899790287 0.9973949811962394 2.7242197368310648
-0.1275301285565678 0.9917368961202293 0.0139282153974881 83.1472085189559351 -0.9891478443266342 -0.1282050613978125 0.0717635304033729 -59.3425622134620312 0.0729562086070676 -0.0046250519777271 0.9973244208981776 2.8056916710058117
-0.1279569136099168 0.9916287486392553 0.0173047141429424 83.0268064404648101 -0.9891145532529190 -0.1288719172190469 0.0710241472709522 -60.4430447317663990 0.0726596779699930 -0.0080283139220987 0.9973244794814099 2.8960667602156782
-0.1277969367995810 0.9916543415097132 0.0170179290626507 82.8922714439786432 -0.9894691042673254 -0.1286535525205588 0.0663261270108313 -61.5857127688984605 0.0679620088362683 -0.0083624391643417 0.9976528629569313 2.9761086218346038
-0.1286112553359435 0.9916159301207429 0.0125296501023297 82.7606747226998039 -0.9899156424251937 -0.1291267786075196 0.0582520036424571 -62.6670772153336273 0.0593815281281053 -0.0049114333161202 0.9982232775987306 3.0422442158840637
-0.1290845062710837 0.9916201650551570 0.0051612495321858 82.6135125028645945 -0.9902132612810277 -0.1291763430306552 0.0528315207467792 -63.7510677324436656 0.0530555126630725 0.0017089930395976 0.9985901020533146 3.0941251473665807
-0.1290079765661820 0.9916424223418910 -0.0014993979479884 82.4637090102572330 -0.9901743062262057 -0.1287344087981326 0.0546103953551707 -64.8438422876994025 0.0539609606266624 0.0085298419271561 0.9985066131603463 3.1768499177652356
-0.1282581882761142 0.9917249590140549 -0.0056073887595242 82.3056738285409608 -0.9899956523194484 -0.1276951689597117 0.0600212646729548 -65.9865513730174058 0.0588085497926876 0.0132495091577882 0.9981813487429820 3.2514465286199519
-0.1271803815450245 0.9918420102957860 -0.0086358069962165 82.1625958558413600 -0.9898062328014924 -0.1263470666113571 0.0657270132139225 -67.0905189015856536 0.0640997040350408 0.0169069622084874 0.9978002718838580 3.3099113879890760
-0.1263616245837891 0.9919574448227446 -0.0072916043006592 81.9899701278176281 -0.9896960178671319 -0.1255677622214921 0.0688079160317237 -68.1947463204258923 0.0673389341353683 0.0159111517942188 0.9976032794643840 3.4377921453009361
-0.1265384737497055 0.9919399169129594 -0.0065738798138290 81.8703401932476567 -0.9897329185598042 -0.1258073880892157 0.0678325218553877 -69.3325755730915745 0.0664587434442395 0.0150898090405766 0.9976750638774790 3.4750595306826124
-0.1261089380384421 0.9919893228211707 -0.0073293352776193 81.7456008210677112 -0.9900785043230358 -0.1253975624763313 0.0634035220035538 -70.4703828630267139 0.0619765360783973 0.0152523681371125 0.9979610584797050 3.5369010731796537
-0.1259625465780074 0.9920259458905417 -0.0042378696959122 81.6083183928038949 -0.9902207420901509 -0.1254727966935958 0.0609873693834949 -71.5972915219062287 0.0599693154372683 0.0118785508318062 0.9981295413102057 3.6202473888683930
-0.1262453258060745 0.9919944843672778 -0.0030100991706650 81.4711800339977970 -0.9901342147226345 -0.1258214490246081 0.0616700883811608 -72.7301680524713845 0.0607976524851932 0.0107659625787527 0.9980920496136829 3.6805401417574295
-0.1256348760153305 0.9920745509464832 -0.0019908020861750 81.3299616946716810 -0.9899273266876953 -0.1252304326252240 0.0660395837468116 -73.8612740390998823 0.0652668813837878 0.0102676243032662 0.9978150179695641 3.7717889216353853
-0.1251307135148338 0.9921378821436176 -0.0021742471907178 81.1851441056539329 -0.9897813369844571 -0.1246818710671385 0.0691905772808601 -75.0054797346870856 0.0683755035998257 0.0108098955950206 0.9976010909500325 3.8483278057905554
-0.1244487627187252 0.9922257340198329 -0.0007734381568758 81.0433959205394530 -0.9899534371656632 -0.1241109595750285 0.0677396631026129 -76.1707407948350834 0.0671170447924245 0.0091957850219377 0.9977027311961023 3.9510327528389282
-0.1246132078355975 0.9921922736528415 -0.0051029928989923 80.8882908744833315 -0.9903370732035628 -0.1240614454229205 0.0619777314700749 -77.3429110820362666 0.0608607416281070 0.0127769269850259 0.9980644870274146 4.0010766780854992
-0.1248899639395580 0.9921604429123981 -0.0044891454699177 80.7276242929059009 -0.9904142970828126 -0.1243985170172326 0.0600377306189336 -78.5043290142675971 0.0590086183632040 0.0119442238671025 0.9981860139648713 4.0780643438302482
-0.1243292514461842 0.9922395723649553 -0.0016935961272722 80.6197955462936022 -0.9902899748596210 -0.1239776181572381 0.0628913021696108 -79.6544300964630168 0.0621932707562702 0.0094963797875223 0.9980189456335828 4.1571208902070715
-0.1239958900846931 0.9922826310695191 -0.0004464525252595 80.4815909265625606 -0.9901406692829454 -0.1236986575894214 0.0657274458844691 -80.7859994585949295 0.0651649773576685 0.0085919839576017 0.9978375135950978 4.2364027013817713
-0.1238666177962400 0.9922988115807126 -0.0003599044679036 80.3542813951097088 -0.9901766701859879 -0.1235779907179315 0.0654113295194996 -81.9596626550790859 0.0648631082751199 0.0084586491607496 0.9978583208247880 4.3161095104161191
-0.1233131925694086 0.9923678001116085 -0.0000764198097329 80.1771330965386397 -0.9904385823396229 -0.1230686647346793 0.0623339263443416 -83.1767724971417834 0.0618487764747102 0.0077622845909216 0.9980553470557186 4.3818647174636451
-0.1228306971090845 0.9924271714669861 -0.0009639407315740 80.0221959899087949 -0.9905879332490348 -0.1225438287161300 0.0609799683912503 -84.3677618224394905 0.0604000525587723 0.0084450800842517 0.9981385245912855 4.4683505368994814
-0.1217355026392577 0.9925604909557948 -0.0020345001251593 79.8797013837890404 -0.9907139160409826 -0.1213834697320726 0.0612534883785764 -85.5734066164866931 0.0605508378134327 0.0094723317823564 0.9981201686023062 4.5516945224658842
-0.1208708672423675 0.9926592861369843 -0.0042160524298464 79.7404473037198613 -0.9908143068365884 -0.1203845844610576 0.0616000096758899 -86.7452878696985721 0.0606402739110670 0.0116229716575280 0.9980920116451384 4.6261931673980152
-0.1200338640176175 0.9927581798036718 -0.0048029076507595 79.6201887038350549 -0.9909203366525552 -0.1195136809520674 0.0615903115244220 -87.9511844797626026 0.0605702723899111 0.0121522219445269 0.9980899586732765 4.6877438185036784
-0.1183463965186577 0.9929653836341705 -0.0037252295625799 79.4524402558448486 -0.9911273504734373 -0.1178970762519647 0.0613747061479184 -89.1365481868312060 0.0605037649618067 0.0109556522162627 0.9981078439276804 4.7850076673100679
-0.1172321573646975 0.9930827175197344 -0.0065831180484092 79.3155369054242954 -0.9913477062822867 -0.1166280804956137 0.0602296944103033 -90.3654514307301895 0.0590452921787051 0.0135870159906123 0.9981628356475721 4.8589811838154375
-0.1159549540733273 0.9932432909408737 -0.0047131334370444 79.2030783681960031 -0.9915437883457532 -0.1154755652836632 0.0592140998020798 -91.5759232204578524 0.0582697556096190 0.0115394464061896 0.9982341793175757 4.9327217325595569
-0.1143844431995884 0.9934198118837335 -0.0057685796178968 79.0450586541475957 -0.9917670811830558 -0.1138537966216127 0.0586120267222257 -92.7826375773096288 0.0575695738699062 0.0124253914116347 0.9982641703540727 5.0053717007300840
-0.1126688082033562 0.9936188136393207 -0.0052338169651155 78.9353054934051386 -0.9919171448962150 -0.1121633481174258 0.0593275736907432 -94.0002837113163991 0.0583619509524545 0.0118758798022795 0.9982248474967677 5.0720563881603100
-0.1118685402170430 0.9937171522452546 -0.0034133624609103 78.7964836850781580 -0.9918810701453202 -0.1114514809490232 0.0612414082271467 -95.2399853569159944 0.0604762134816851 0.0102366365497285 0.9981171468695779 5.1690388521217940
-0.1103284330274061 0.9938918371661231 -0.0025793177907746 78.6825116072025139 -0.9920626689699715 -0.1099671229996986 0.0609827245647979 -96.4701645864558941 0.0603265919963493 0.0092869733346136 0.9981354890115811 5.2242074385641182
-0.1097243213934425 0.9939613012982259 -0.0012267095361741 78.5661830077019374 -0.9921754070091090 -0.1094530429485712 0.0600665723643955 -97.7168322536104199 0.0595695813402903 0.0078078749244489 0.9981936195288501 5.3026511861486689
-0.1092823359037240 0.9940064289405219 0.0029309186847871 78.4287532697072862 -0.9921857431495027 -0.1092598122267192 0.0602473611293562 -98.9487977783849715 0.0602064959144330 0.0036759566228750 0.9981791748942732 5.3951737158805990
-0.1098668128640690 0.9939167540307783 0.0076661260108207 78.2938426122676958 -0.9921445695680446 -0.1101285839081523 0.0593367346845527 -100.1817281291621100 0.0598200343340892 -0.0010867673657075 0.9982085866335558 5.4647729825971982
-0.1103182493648291 0.9938674879112852 0.0075696981439982 78.1607895264280472 -0.9922059314796432 -0.1105714368274047 0.0574573484816101 -101.4363161395265394 0.0579419829975928 -0.0011721053003493 0.9983192639509024 5.5380810583213700
-0.1111651140323764 0.9937446782089766 0.0106692058517227 78.0310923322717116 -0.9921886626615363 -0.1115897307089595 0.0557619017449558 -102.6959944671101681 0.0566036669137338 -0.0043870869195412 0.9983870884382868 5.6172264756116688
-0.1121727593885586 0.9936231103863307 0.0114186933293884 77.9042418403253123 -0.9920998347092729 -0.1126355769751912 0.0552371683678613 -103.9581370251256516 0.0561710781540662 -0.0051323781680487 0.9984079670522216 5.6958742218811329
-0.1142214377356026 0.9933821450062855 0.0120572444747317 77.7799447065295482 -0.9918675483718075 -0.1147163860118263 0.0551263754230779 -105.2193667582601506 0.0561447205756011 -0.0056625756592951 0.9984065833058146 5.7772328477101036
-0.1163812120857779 0.9931104875295402 0.0136738082583079 77.6496093123310658 -0.9917052916371321 -0.1169507007617279 0.0533211790028361 -106.4693876012996441 0.0545529835330470 -0.0073548045644026 0.9984837899723072 5.8652155826643000
-0.1197417677027168 0.9927489111008706 0.0105597620931545 77.5405893691292363 -0.9914873383415320 -0.1201238981490467 0.0502305385388383 -107.7273246623329470 0.0511347922245983 -0.0044551769339616 0.9986818234165645 5.9154263027265026
-0.1238157199027605 0.9922195503739779 0.0130396073799168 77.3411409430768089 -0.9910076283800746 -0.1243149341923682 0.0494942181395698 -108.9939463326784903 0.0507301488018842 -0.0067941881346035 0.9986892865201520 5.9901940438513250
-0.1285271744263625 0.9915179212461638 0.0193126197513756 77.2383832227558003 -0.9901022064534426 -0.1294020658078632 0.0543389928199067 -110.2078611970215860 0.0563771780953939 -0.0121374302199163 0.9983357634471766 6.0796551625709672
-0.1368401148977834 0.9902347817875079 0.0266431959983734 77.0788291424342589 -0.9888047792571222 -0.1381590948263525 0.0563664176175559 -111.4446758809756375 0.0594969870920804 -0.0186317324747131 0.9980545912283333 6.1427435200009457
-0.1453627888347615 0.9891470999068628 0.0213933253147668 76.8921662723249995 -0.9877947567361232 -0.1463191256673866 0.0534062920315090 -112.6603935165825874 0.0559569315349208 -0.0133689270240530 0.9983436750956164 6.2209307731464492
-0.1564963391577994 0.9875394108379699 0.0165773300625242 76.7094483957912132 -0.9862235306986259 -0.1571544902961113 0.0516295814054833 -113.9157634490100008 0.0535914482594284 -0.0082691125016113 0.9985287068742154 6.3035748050947893
-0.1695916682199106 0.9853266396928589 0.0192374421887876 76.4870558076245430 -0.9840438792397167 -0.1703723135442965 0.0512924800376618 -115.1519756472026756 0.0538173745294007 -0.0102317099813808 0.9984983737140583 6.3995530828543750
-0.1836379554521239 0.9827989955988062 0.0195764033300822 76.2829195920079002 -0.9815161402062501 -0.1844171231550005 0.0511506715680132 -116.3420185536331530 0.0538810526251035 -0.0098213510889100 0.9984990602052659 6.4627121767608973
-0.1985410800779179 0.9799714920727298 0.0154050071808420 76.0617844695510144 -0.9786540982803567 -0.1990764628802844 0.0510364364560957 -117.5664878656562138 0.0530810271241626 -0.0049433441942481 0.9985779728732359 6.5158684786497378
-0.2134278391918660 0.9768266273446065 0.0160716386361781 75.8018441456707137 -0.9754765264111120 -0.2139810427339879 0.0515524952973765 -118.7975177922254488 0.0537968761063483 -0.0046747685542857 0.9985409569267362 6.6092518709103434
-0.2289622631952721 0.9733048733028816 0.0159344167562209 75.5080555379516341 -0.9717478738547781 -0.2294981560233991 0.0551059528597243 -119.9624250550970572 0.0572918117292296 -0.0028670519216791 0.9983533584468282 6.6810051474905574
