1.0000000000000000 0.0000000000000000 -0.0000000000000000 0.0000000000000000 -0.0000000000000000 1.0000000000000000 -0.0000000000000000 -0.0000000000000000 0.0000000000000000 0.0000000000000000 1.0000000000000000 0.0000000000000000
0.9999979857091392 0.0019929913770269 -0.0002378298451210 1.2025736763277937 -0.0019929656821555 0.9999980081853677 0.0001082270166918 0.0057778410738771 0.0002380450669190 -0.0001077528119716 0.9999999658619382 0.0191531113739161
0.9999941203216741 0.0034276471523500 -0.0001027476531427 2.3909910661028588 -0.0034276211050559 0.9999940937807685 0.0002526205448909 0.0101481945503660 0.0001036129403838 -0.0002522668795389 0.9999999628128894 0.0293162461383403
0.9999898316821026 0.0045090013807241 0.0000737492288116 3.5842189865122869 -0.0045090159653981 0.9999898145740599 0.0001988043287273 0.0060029550265413 -0.0000728520686516 -0.0001991348436718 0.9999999775189448 0.0438629568605873
0.9999843993263778 0.0055850801706961 0.0000893495951761 4.7837559427627125 -0.0055850886546520 0.9999843987594593 0.0000949863268734 0.0085275402917760 -0.0000888176949609 -0.0000954838704330 0.9999999914971237 0.0627299733885177
0.9999798094683118 0.0063545157492972 0.0000280233966204 5.9819349561859712 -0.0063545197735730 0.9999797991870252 0.0001459326008267 0.0028814582834837 -0.0000270954995147 -0.0001461077295979 0.9999999889591825 0.0728135252612258
0.9999736333529956 0.0072425346477402 -0.0005275326387765 7.1964536374633523 -0.0072425514151628 0.9999737719341010 -0.0000298811880998 0.0040553419625651 0.0005273023870755 0.0000337010824925 0.9999998604082051 0.0911183670756605
0.9999686635449806 0.0078783212918889 -0.0007771625874114 8.3960044902071616 -0.0078782605227383 0.9999689627252395 0.0000812240392102 -0.0081796933291499 0.0007777783754801 -0.0000750988046046 0.9999996947104375 0.1069926650215358
0.9999667752921770 0.0081510763466346 0.0000909184027016 9.6112166915413262 -0.0081510918796778 0.9999667645399336 0.0001718042666883 -0.0089990385647289 -0.0000895149912922 -0.0001725396427957 0.9999999811085688 0.1256276595876278
0.9999745419060656 0.0071013979232206 0.0006969126848981 10.8230725368862082 -0.0071013833703475 0.9999747845864947 -0.0000233542497411 -0.0182301633120703 -0.0006970609597772 0.0000184046110353 0.9999997568836148 0.1412548657545996
0.9999868839587054 0.0050961815317320 0.0005107292377934 12.0015016913773209 -0.0050955163641426 0.9999861788149348 -0.0012953347397198 -0.0080008266086014 -0.0005173234398881 0.0012927153208670 0.9999990306313090 0.1599005763372352
0.9999952776651968 0.0030612154142129 0.0002713070100752 13.1831079440975500 -0.0030607864745179 0.9999940871350277 -0.0015675717336294 -0.0118751048768442 -0.0002761040806273 0.0015667339182039 0.9999987345548824 0.1712393047013542
0.9999985283737013 0.0016979467503401 0.0002454124381604 14.3912252053725940 -0.0016975706117107 0.9999973965452329 -0.0015248464757173 -0.0098830305879948 -0.0002480009073585 0.0015244276267703 0.9999988073072691 0.1884653318247244
0.9999994925855681 0.0009663862968623 0.0002844751862771 15.5668512864354209 -0.0009662589035313 0.9999994329916150 -0.0004476161076161 -0.0059181444894093 -0.0002849075950500 0.0004473410038077 0.9999998593568344 0.2045273342141661
0.9999997050102210 0.0007294919454587 0.0002404599187434 16.7764658404659812 -0.0007294316018687 0.9999997024785386 -0.0002509429665947 0.0032523322915668 -0.0002406429080743 0.0002507674935054 0.9999999396033257 0.2297709769959748
0.9999996754955069 0.0005453389326336 0.0005929707660649 17.9856852496331214 -0.0005449177388364 0.9999995993111523 -0.0007102409398888 0.0037408362927384 -0.0005933578505042 0.0007099175891233 0.9999995719716473 0.2482355345641136
0.9999995252117233 -0.0003488484767731 0.0009098796998733 19.1744552374338362 0.0003496695911233 0.9999995316666288 -0.0009024398595452 0.0075344924308615 -0.0009095644589759 0.0009027575883400 0.9999991788602787 0.2619732651633330
0.9999997827066160 -0.0006414587478842 0.0001520440578217 20.3732528065273115 0.0006416143433418 0.9999992683117588 -0.0010255276600791 0.0122062976434673 -0.0001513861128841 0.0010256249908871 0.9999994625876670 0.2745640150109053
0.9999989739731434 -0.0012794678323130 -0.0006442163663041 21.5742617369953571 0.0012788104542444 0.9999986623142537 -0.0010198105340380 0.0144802027837563 0.0006455203193185 0.0010189856570610 0.9999992724856094 0.2950614141057658
0.9999976775904704 -0.0021418389297286 -0.0002394570203023 22.7745702184372831 0.0021416332198634 0.9999973402900878 -0.0008560490067331 0.0253726042098692 0.0002412899025044 0.0008555341895274 0.9999996049201387 0.3135444619097860
0.9999963002870371 -0.0026696926768394 -0.0005216830927056 23.9861613542853966 0.0026691709577194 0.9999959395341488 -0.0009982192211469 0.0302448657942125 0.0005243459129738 0.0009968230666621 0.9999993657023675 0.3279690482178634
0.9999930063069216 -0.0036082701875652 -0.0009837293828555 25.1536938032286912 0.0036079362950699 0.9999934332430837 -0.0003409785934197 0.0413246047066015 0.0009849532658370 0.0003374269757752 0.9999994580049032 0.3518856693015009
0.9999909139009275 -0.0042293232662240 -0.0005337979932009 26.3618794166740358 0.0042292156198846 0.9999910362981657 -0.0002026291222251 0.0435767104134551 0.0005346501924559 0.0002003697343061 0.9999998370005574 0.3680813299060330
0.9999847668226047 -0.0054177587312833 0.0010554681759976 27.5669336733161110 0.0054190230614342 0.9999845984974511 -0.0011987313924077 0.0516829488935391 -0.0010489574827341 0.0012044327383061 0.9999987245141757 0.3891863166174738
0.9999806110227515 -0.0060449919696641 0.0014952092332470 28.7772470314043076 0.0060478365289583 0.9999798965492973 -0.0019053006523060 0.0614967698841492 -0.0014836616472389 0.0019143064914943 0.9999970670850856 0.4094490408308735
0.9999761879812988 -0.0068673004791621 0.0006809218156345 29.9825201455245463 0.0068684797347083 0.9999748893263526 -0.0017449077003856 0.0831014438024001 -0.0006689219117421 0.0017495430483024 0.9999982458197605 0.4254774592095907
0.9999698601259780 -0.0077639443024485 -0.0000029155579868 31.1531851617975626 0.0077639201144632 0.9999675517017433 -0.0021487410447592 0.0996131007006642 0.0000195981691738 0.0021486536458155 0.9999976914490464 0.4409054300688607
0.9999652798371994 -0.0083321222916803 -0.0001218943307558 32.3643739374732249 0.0083318387117565 0.9999629424895681 -0.0021665897825838 0.1009955546314265 0.0001399421046797 0.0021654989543301 0.9999976455124713 0.4524753356972284
0.9999595881291308 -0.0089892454958381 0.0001247959725286 33.5577131776001565 0.0089894949994251 0.9999572432041760 -0.0021681197290998 0.1152931627210780 -0.0001053008761435 0.0021691539640963 0.9999976418386223 0.4729493149433562
0.9999515316491521 -0.0098418051981683 0.0002705974058449 34.7654019635989400 0.0098423304650759 0.9999495356173347 -0.0020136409046518 0.1245269493642809 -0.0002507658887912 0.0020162066158892 0.9999979360115455 0.4947120549586572
0.9999513614928862 -0.0098513291775481 0.0004753545612325 35.9423633210672406 0.0098526515099569 0.9999473582486736 -0.0028646098725861 0.1564913539323545 -0.0004471093229158 0.0028691540450739 0.9999957840152722 0.5125063290038363
0.9999435953873426 -0.0106181758300809 0.0002457353782653 37.1465366091945484 0.0106187305847599 0.9999407906766434 -0.0023785923857250 0.1658883444833340 -0.0002204645162601 0.0023810676199197 0.9999971409521061 0.5330475215098809
0.9999448036659252 -0.0104754271759080 0.0008093497368448 38.3558074412008594 0.0104777298581023 0.9999409155534111 -0.0028952684204562 0.1831642972484520 -0.0007789727433703 0.0029035887601567 0.9999954811766786 0.5524372376159605
0.9999409219931871 -0.0107004484933357 0.0019112627910630 39.5515473974193412 0.0107059208456289 0.9999385531737743 -0.0028763058923027 0.1987614049967227 -0.0018803675869787 0.0028965977940399 0.9999940369516997 0.5658031831428406
0.9999387069608999 -0.0106942722888411 0.0028661579816182 40.7712157996283011 0.0107023600577537 0.9999387474618352 -0.0028214913875999 0.2148442041153945 -0.0028358086250074 0.0028519931045197 0.9999919121296802 0.5766409817193895
0.9999417204678219 -0.0105231476758600 0.0024122667440233 41.9618790485935946 0.0105288366742467 0.9999417902106924 -0.0023579203809221 0.2356183013844365 -0.0023873135821080 0.0023831813249879 0.9999943105741317 0.5917748245007207
0.9999432542495044 -0.0103323106494453 0.0025945399504311 43.1501917944376956 0.0103371483190173 0.9999448438532382 -0.0018581216197283 0.2481628616846221 -0.0025751981558054 0.0018848363235097 0.9999949078602810 0.6049638162968497
0.9999456247857944 -0.0096640048129295 0.0039184796443182 44.3754053962343775 0.0096630065608122 0.9999532746299025 0.0002736076398657 0.2740197719542847 -0.0039209406974551 -0.0002357284678803 0.9999922852983100 0.6115642820249076
0.9999380498520870 -0.0084295559828243 0.0072690469758819 45.5636068730800332 0.0084272359431730 0.9999644290562492 0.0003497378557562 0.2953084348467510 -0.0072717365438553 -0.0002884582154965 0.9999735189691248 0.6312045646709508
0.9999322679801620 -0.0065647975017043 0.0096105611600543 46.7591917271350823 0.0065558072707969 0.9999780432404726 0.0009666581524956 0.3140378652735489 -0.0096166960582985 -0.0009035876920569 0.9999533502550032 0.6340289726112408
0.9999025578240309 -0.0043146396103426 0.0132762472857824 47.9704609883313040 0.0042961761712715 0.9999897647186238 0.0014189180021795 0.3142792533712329 -0.0132822335194719 -0.0013617426424888 0.9999108599918844 0.6389941875232723
0.9998885685260543 -0.0033607897905861 0.0145449518012747 49.1571657920877882 0.0033424811895276 0.9999935909905879 0.0012828862952305 0.3339304320764954 -0.0145491700937052 -0.0012341271135214 0.9998933936074645 0.6419687262092006
0.9999094058737757 -0.0021924274282781 0.0132805612503590 50.3803447262071700 0.0021833623994230 0.9999973735291213 0.0006970390891359 0.3329682404446449 -0.0132820545769693 -0.0006679796634114 0.9999115665044502 0.6465218802362421
0.9999308392287134 -0.0006156583379743 0.0117446891900918 51.5879551688222335 0.0006039477685819 0.9999993170075939 0.0010006155297705 0.3589686485346132 -0.0117452972058523 -0.0009934531475996 0.9999305281090231 0.6433925062067312
0.9999379189853523 0.0001543121957125 0.0111415601685394 52.7684224483074402 -0.0001635428146925 0.9999996441833278 0.0008275789784767 0.3679414287917372 -0.0111414284986572 -0.0008293497236440 0.9999375884274204 0.6342392052551092
0.9999393682152647 0.0004740461623844 0.0110015986789720 53.9788924679244673 -0.0004824917139106 0.9999995909696464 0.0007650243693974 0.3732720109365429 -0.0110012315221178 -0.0007702861648069 0.9999391879330568 0.6491389704106312
0.9999498078765154 -0.0003877977200998 0.0100115603503263 55.1971107078535894 0.0003822345195078 0.9999997714977734 0.0005575851262208 0.3777223385897960 -0.0100117742929032 -0.0005537303758793 0.9999497276154331 0.6570928775243688
0.9999498901661625 -0.0021575206406577 0.0097755951923471 56.3891784151095123 0.0021526826590277 0.9999975552615394 0.0005053991628583 0.3829036000079315 -0.0097766617026992 -0.0004843300831380 0.9999520900074771 0.6524171984826840
0.9999332537446332 -0.0034474256448292 0.0110273891785183 57.5933696935786941 0.0034473003508409 0.9999940575813195 0.0000303700473355 0.3857752365818506 -0.0110274283476348 0.0000076467023354 0.9999391960342218 0.6593541206889355
0.9999241744312620 -0.0046327224872545 0.0114097883554089 58.7979086582183115 0.0046363159741645 0.9999892106078090 -0.0002885171724252 0.3939967766901044 -0.0114083286307348 0.0003413946794606 0.9999348646224543 0.6627978564053437
0.9999234284738451 -0.0052205259987725 0.0112197726094312 60.0382743139191959 0.0052201710451593 0.9999863729585432 0.0000609218899930 0.4129115181027505 -0.0112199377614353 -0.0000023480930019 0.9999370545144909 0.6640525997344218
0.9999177103128372 -0.0062939171606538 0.0111785155323858 61.2300366916085181 0.0062887214341072 0.9999801008505261 0.0004998856826344 0.4264686415800182 -0.0111814393285107 -0.0004295459769679 0.9999373934926109 0.6668753359722462
0.9999246119464471 -0.0062863863709939 0.0105475954672990 62.4333253334032960 0.0062843446833119 0.9999802276137001 0.0002267014641521 0.4338371899816493 -0.0105488120491614 -0.0001603996480734 0.9999443468695167 0.6705687868013233
0.9999314415613427 -0.0060136614084339 0.0100472908547430 63.6420714930449947 0.0060145907353529 0.9999819102460230 -0.0000622816273003 0.4455948877700791 -0.0100467345611048 0.0001227076998595 0.9999495227597637 0.6848373520446066
0.9999192870317284 -0.0066227436634099 0.0108424484471333 64.8388828166215063 0.0066276103142692 0.9999779518706416 -0.0004129819836468 0.4452199797892574 -0.0108394743176120 0.0004848081738052 0.9999411336461524 0.6910003092366669
0.9999024865068554 -0.0066303928609268 0.0122904584095824 66.0456213184340157 0.0066468688151955 0.9999770640639870 -0.0013001849569780 0.4624991949488947 -0.0122815557793581 0.0013817512361282 0.9999236241589454 0.6878968029772324
0.9999132864651950 -0.0069078393410348 0.0112116593781402 67.2315904987886057 0.0069114003109919 0.9999760770945658 -0.0002788983760136 0.4739184445563118 -0.0112094645774991 0.0003563624578624 0.9999371084771704 0.7048630871813660
0.9999276365866190 -0.0069619915907917 0.0098108237874373 68.4397406294327482 0.0069469195713220 0.9999746381570341 0.0015695066671772 0.4914148211768355 -0.0098215018590836 -0.0015012380885377 0.9999506409745601 0.7126923507404276
0.9999265835531768 -0.0067948332869387 0.0100328333124057 69.6358997107105040 0.0067733392975564 0.9999746957570738 0.0021747920148926 0.5024918923429119 -0.0100473567883292 -0.0021066765652495 0.9999473048793208 0.7058785073572933
0.9999247965316925 -0.0068908599052050 0.0101448179293704 70.8292392942526021 0.0068586643229833 0.9999713430130396 0.0032049768177901 0.5226710610188874 -0.0101666122557061 -0.0031351558916222 0.9999434037948235 0.7179859622959707
0.9999267023859245 -0.0064823133799048 0.0102259214184126 72.0270334611981013 0.0064397021785576 0.9999704681138192 0.0041944172516389 0.5423530096955128 -0.0102528089547363 -0.0041282579224260 0.9999389168319551 0.7156290626187396
0.9999170429305869 -0.0060547815203946 0.0113686796810847 73.2132860819048545 0.0059831891668404 0.9999621236290216 0.0063208191503240 0.5535439973746906 -0.0114065202557407 -0.0062522738325818 0.9999153966049217 0.7325933739834988
0.9999204790349939 -0.0039419680103644 0.0119790022386437 74.3885348181807444 0.0038556087986007 0.9999664750901954 0.0072237785460083 0.5811843828994775 -0.0120070765476164 -0.0071770177577375 0.9999021554776671 0.7222996055519811
0.9999409065193445 -0.0009041551299788 0.0108335577153755 75.5803151468732040 0.0008317349075388 0.9999772928777999 0.0066874468843072 0.5824999594634971 -0.0108393582058635 -0.0066780410516694 0.9999189527563708 0.7287648035111762
0.9999811543799959 0.0011468294676899 0.0060312243386280 76.7517163219774687 -0.0011696414728259 0.9999921711666351 0.0037801513546759 0.5927496012016875 -0.0060268419322118 -0.0037871344854983 0.9999746670734778 0.7602071785667192
0.9999796682905682 0.0041440129307286 0.0048466650714971 77.9315691216744568 -0.0041693087780129 0.9999776796939116 0.0052208216110337 0.5816705492883593 -0.0048249217401841 -0.0052409227060324 0.9999746261077781 0.7513943478453035
0.9999434370615293 0.0069790615322281 0.0080259191189985 79.0993332383498142 -0.0070160303129257 0.9999648654725332 0.0045872801469797 0.5761777183485315 -0.0079936222217115 -0.0046433307687629 0.9999572698286404 0.7613385564957306
0.9998997221281972 0.0101525235270310 0.0098727885618558 80.2734574637053271 -0.0101903781768063 0.9999408885235558 0.0037915236166200 0.5602527269821856 -0.0098337114340262 -0.0038917508598057 0.9999440746335154 0.7797886677550863
0.9998655767845985 0.0142280162245140 0.0081481234353121 81.4721915244428345 -0.0142646446146413 0.9998883302973828 0.0044549802614646 0.5538346438437826 -0.0080838280053512 -0.0045706114937743 0.9999568796879957 0.7670114149946976
0.9998281356347226 0.0176871061200851 0.0055556701028305 82.6238699191952009 -0.0177102118677080 0.9998346004346842 0.0041376526215222 0.5458772630890922 -0.0054815680964055 -0.0042353336010689 0.9999760068924115 0.7898953599609513
0.9997722853229799 0.0212367307898343 0.0020925499817403 83.7902177510923281 -0.0212441442071915 0.9997678842889379 0.0035866253393562 0.5296698260150968 -0.0020158960712375 -0.0036302630456983 0.9999913786394605 0.8038966857997505
0.9996993613078262 0.0244895387370435 0.0012039489902543 84.9420289837491538 -0.0244930997468341 0.9996953835301744 0.0030377974338624 0.5101905399783926 -0.0011291879896312 -0.0030663725971232 0.9999946611325381 0.8237193811024452
0.9996040767191879 0.0280272981679213 0.0024820080149477 86.1166640359311799 -0.0280342922296620 0.9996029575813314 0.0028294264147903 0.4694746996398034 -0.0024017213747108 -0.0028978875170088 0.9999929169661038 0.8459878742163397
0.9994874577451892 0.0318660255502956 0.0030623888855750 87.2753946499623794 -0.0318772216322419 0.9994850194282547 0.0036794944639478 0.4436171761765083 -0.0029435609501955 -0.0037752290167882 0.9999885414817529 0.8540492330482432
0.9993729732293697 0.0353770917003669 0.0014566267584100 88.4359883427846682 -0.0353820041203173 0.9993677410334660 0.0034974227792843 0.4084369655272916 -0.0013319771467034 -0.0035467681755413 0.9999928231104409 0.8714248212898636
0.9992428293636808 0.0388994311156714 -0.0007760310193529 89.5883308024954772 -0.0388966296493330 0.9992376347239075 0.0033468721657080 0.3759608923476614 0.0009056308235135 -0.0033141530212245 0.9999940980938654 0.8876512307068929
0.9991170337593235 0.0420024413752009 -0.0009735350500927 90.7284337757809993 -0.0419990414515096 0.9991122566450674 0.0032831598735597 0.3308289854581480 0.0011105715309358 -0.0032393734153053 0.9999941365281853 0.8985438049348352
0.9989936087794316 0.0448520860439389 -0.0002449394928918 91.8864363186362851 -0.0448513400991327 0.9989905763859747 0.0024870832977637 0.2788791149613407 0.0003562431192535 -0.0024735944544686 0.9999968772057815 0.9211149275562612
0.9988554973188937 0.0478209270641083 0.0009243433100931 93.0483178560062072 -0.0478225807737723 0.9988541169818033 0.0018584285399412 0.2313145695770943 -0.0008344123451287 -0.0019005060461042 0.9999978459140835 0.9418060694162542
0.9987310159959137 0.0502873683030879 0.0027455922711643 94.1947658317358645 -0.0502891704609994 0.9987345241375299 0.0005912952951840 0.1751454897769401 -0.0027123831061321 -0.0007286185086537 0.9999960560386998 0.9551739496671116
0.9985888813532590 0.0529800063021540 0.0036558131613361 95.3616048672468537 -0.0529784618947387 0.9985955208057493 -0.0005180752473862 0.1080129221029143 -0.0036781262776845 0.0003236648234820 0.9999931832908500 0.9687418078890107
0.9984679970710059 0.0552939377185727 0.0020589503608665 96.4953593876536502 -0.0552904784740252 0.9984688629762377 -0.0017007813064665 0.0620249250030525 -0.0021498407213716 0.0015843353539169 0.9999964340268215 0.9822995876651888
0.9983551235862080 0.0573091431091429 -0.0016460028137831 97.6606126667670793 -0.0573142655688140 0.9983508813296664 -0.0032546444638154 -0.0031804485815892 0.0014567674744653 0.0033436304182978 0.9999933489599574 1.0008895744433359
0.9982315889562806 0.0592691217546600 -0.0045679334770285 98.8410432370537677 -0.0592821230766898 0.9982374382221797 -0.0027652875330132 -0.0668512604855764 0.0043959860485974 0.0030311941625921 0.9999857434826804 1.0091002200576544
0.9981306496387244 0.0608902250603518 -0.0052523084332068 100.0067069018340788 -0.0609050477026920 0.9981398861581015 -0.0027097646807691 -0.1367500771577414 0.0050775403603157 0.0030245912768579 0.9999825350632366 1.0258115654984028
0.9980816083210454 0.0617217088068586 -0.0048511641114880 101.1881734415081411 -0.0617342404231949 0.9980895485102949 -0.0024772391662910 -0.2063004125179214 0.0046889967633177 0.0027719697828785 0.9999851646363942 1.0474080688833054
0.9981445629289055 0.0607935720000158 -0.0034019257697836 102.3586211939846748 -0.0608024501367129 0.9981465106356522 -0.0025700901237973 -0.2637082078129625 0.0032393753775634 0.0027721669052917 0.9999909107275988 1.0644154648106092
0.9982259188187692 0.0595151225620398 -0.0017219712103897 103.5554485660700124 -0.0595203203536072 0.9982221441825019 -0.0031436171351327 -0.3321366711816668 0.0015318170347702 0.0032405323812143 0.9999935762225967 1.0895833837025117
0.9983278368210355 0.0577973306143170 -0.0009994008660578 104.7437353880930999 -0.0578000776153939 0.9983237248314151 -0.0029818561976601 -0.3996244990046919 0.0008253822667020 0.0030346354951485 0.9999950548535355 1.1027834327296790
0.9984772110578166 0.0551629951139252 -0.0005504255313015 105.9295401243576578 -0.0551643356898788 0.9984732940775991 -0.0028243728016326 -0.4674420379547365 0.0003937843303267 0.0028504357367427 0.9999958599664360 1.1180986037170058
0.9986269032119487 0.0523837596903732 -0.0004999020048887 107.1324617190193322 -0.0523847765164096 0.9986243224632215 -0.0023016894224950 -0.5310006053826387 0.0003786431553402 0.0023247162349481 0.9999972261580469 1.1307127270415269
0.9988243964713959 0.0484672055413084 -0.0008689076869618 108.3302144457867655 -0.0484684232444357 0.9988236774862019 -0.0014398753897273 -0.5818857038054298 0.0007980988348194 0.0014802972526704 0.9999985858781469 1.1411030339464827
0.9990041111639220 0.0446144486655953 -0.0005803859468426 109.5265081210960716 -0.0446151391453742 0.9990034833627354 -0.0012367651999182 -0.6304397569476068 0.0005246299850674 0.0012614275190391 0.9999990667815610 1.1595249163324968
0.9991710125914226 0.0407086289837234 0.0003084206492283 110.7645590788008150 -0.0407083498196836 0.9991706988865222 -0.0008629841117138 -0.6682921934191005 -0.0003432957756631 0.0008497134130710 0.9999995800674748 1.1696703823712979
0.9993432070653123 0.0362191070976894 0.0011535915492265 111.9720994409003083 -0.0362185226773394 0.9993437569325846 -0.0005235407704285 -0.7193943022865014 -0.0011717966920039 0.0004814155308634 0.9999991975654777 1.1915808978395805
0.9994806482340899 0.0321821396487260 0.0016564097299374 113.1877986681811734 -0.0321815424766574 0.9994819655118706 -0.0003859279090893 -0.7429199104838857 -0.0016679716384355 0.0003324216566655 0.9999985536821818 1.2017008913959895
0.9996311872280296 0.0270808595948183 0.0020289319076108 114.4112158186016899 -0.0270814946083239 0.9996331881063897 0.0002861573601356 -0.7698608771417346 -0.0020204382839639 -0.0003409983301630 0.9999979007724363 1.2236305723853698
0.9997554088779591 0.0220238925974355 0.0020175663858529 115.6341171026766830 -0.0220256041610467 0.9997570623601197 0.0008300737344456 -0.7949279255115019 -0.0019987947882615 -0.0008743088243629 0.9999976201989053 1.2326888486459033
0.9998484245354066 0.0173141137325121 0.0018301419953081 116.8577977395179204 -0.0173162705806557 0.9998493783985646 0.0011693114133698 -0.8044142443449298 -0.0018096207455901 -0.0012008254084408 0.9999976416427668 1.2448490670393666
0.9999202622996254 0.0125672394344599 0.0012383600629102 118.0808316938290830 -0.0125697042299002 0.9999189917706489 0.0020031055743185 -0.8109367168329780 -0.0012130862381892 -0.0020185116710073 0.9999972270123616 1.2605021619074859
0.9999573816993174 0.0091567868242286 0.0011781511368951 119.3135533334792058 -0.0091607265561800 0.9999523163124404 0.0033832218886720 -0.8240511390044249 -0.0011471155166908 -0.0033938704219112 0.9999935828641855 1.2779914211261376
0.9999761032330983 0.0068171099935748 0.0011489012505713 120.5454126202830025 -0.0068241190839411 0.9999574241844194 0.0062113780427047 -0.8288812337740511 -0.0011065086878347 -0.0062190698498011 0.9999800492053464 1.2834778323618521
0.9999821389900228 0.0058577209993736 0.0011869311826445 121.7800087324571479 -0.0058662675931577 0.9999559294917072 0.0073298007409080 -0.8270634910794121 -0.0011439429462628 -0.0073366326791958 0.9999724322277421 1.3073713590898606
0.9999870327154873 0.0049418593770730 0.0012298076159691 123.0120461098683080 -0.0049531022107057 0.9999443631575125 0.0093132898595008 -0.8298075478354739 -0.0011837142245329 -0.0093192604542429 0.9999558741290641 1.3191653537621983
0.9999903583351252 0.0039242784171148 0.0019706028755030 124.2426183513525757 -0.0039448255908074 0.9999367396232017 0.0105335228095509 -0.8233126609763731 -0.0019291417382049 -0.0105411949335066 0.9999425791621875 1.3309308036108844
0.9999923283149956 0.0031392317650014 0.0023427622755079 125.5098912764223797 -0.0031645294363855 0.9999358711453555 0.0108737918972735 -0.8279091915693191 -0.0023084766839165 -0.0108811222171505 0.9999381341436555 1.3536947267619572
0.9999891085125778 0.0021412305416819 0.0041470456939034 126.7452964462476075 -0.0022006962674162 0.9998940624616104 0.0143882170527072 -0.8161244813022980 -0.0041157978762974 -0.0143971867316015 0.9998878843260662 1.3681238325438014
0.9999738654764629 0.0014803762973956 0.0070764998465992 128.0131777819712511 -0.0015910741979647 0.9998760604957592 0.0156630817650130 -0.8110690338575091 -0.0070524355337273 -0.0156739316541518 0.9998522845998521 1.3548164717803224
0.9999718313561540 0.0010303032263740 0.0074347138130118 129.2663083305519081 -0.0011364610535446 0.9998972668886768 0.0142886012201409 -0.8020258098250502 -0.0074192284297925 -0.0142966479923149 0.9998702720381731 1.3862849241354755
0.9999810880026490 0.0005100015267161 0.0061289098118008 130.5125659468444042 -0.0006003877689021 0.9998909625835055 0.0147547442660873 -0.7968618464103155 -0.0061207165892070 -0.0147581449468905 0.9998723588469486 1.3916891278661101
0.9999788147796690 0.0000067805516799 0.0065092200663844 131.7916587544516176 -0.0000885993531825 0.9999209971395837 0.0125694721263602 -0.7999746346941661 -0.0065086205914247 -0.0125697825520114 0.9998998141936981 1.3949920679026977
0.9999628585474893 -0.0011146574372768 0.0085462895066445 133.0321805746192751 0.0010390391154357 0.9999603209168084 0.0088474284213065 -0.7934984249703666 -0.0085558122496027 -0.0088382198858747 0.9999243391107141 1.4084823101028097
0.9999483265416307 -0.0012394490182262 0.0100899956751045 134.3004462313898841 0.0011755562432537 0.9999792378936900 0.0063357595498794 -0.7949051306821582 -0.0100976390364954 -0.0063235708018618 0.9999290225502021 1.4096019327826206
0.9999348367357661 -0.0013694769519133 0.0113334379203737 135.5724066638850047 0.0013256634741986 0.9999916232638122 0.0038724693102947 -0.7975957777332653 -0.0113386462406216 -0.0038571926428657 0.9999282760110076 1.4106029181413724
0.9999490377684102 -0.0014545511344468 0.0099903026494701 136.8265967524673101 0.0014484732262772 0.9999987614867530 0.0006155893702660 -0.7958665474124058 -0.0099911856825648 -0.0006010873125478 0.9999499061966550 1.4246689122548510
0.9999615390541507 -0.0010441190634358 0.0087080553417773 138.0899997640907486 0.0010583098878843 0.9999981193969221 -0.0016251716218158 -0.7975961266657314 -0.0087063420927100 0.0016343249372505 0.9999607635249316 1.4237533210351989
0.9999617469098856 -0.0008803306994174 0.0087022833089748 139.3677288672684824 0.0009090044069698 0.9999941696623316 -0.0032915577364136 -0.7899871095511277 -0.0086993349124004 0.0032993422380374 0.9999567170197309 1.4395255751915910
0.9999614274007760 -0.0006934900225824 0.0087557285357160 140.6437175959116246 0.0007215895021739 0.9999945987643238 -0.0032065169217280 -0.7805047540550482 -0.0087534575564702 0.0032127112798312 0.9999565267885597 1.4358733487377444
0.9999462933788656 0.0000038392172020 0.0103638961364896 141.9389346833730485 0.0000282755494950 0.9999951990290622 -0.0030985673011215 -0.7847154314175324 -0.0103638582757983 0.0030986939323995 0.9999414925572158 1.4450870028589688
0.9999273865729777 0.0006077126311186 0.0120354587238196 143.2000540034332801 -0.0005882223366062 0.9999985101268315 -0.0016228797244502 -0.7558954647529318 -0.0120364270370199 0.0016156823559391 0.9999262542781379 1.4349273922631676
0.9999385085537876 0.0014290502537129 0.0109971326535188 144.4707964111539411 -0.0014110828443521 0.9999976573023538 -0.0016414125046696 -0.7579501557652611 -0.0109994525515182 0.0016257937066164 0.9999381825084941 1.4541989675987026
0.9999566903044411 0.0020945487671416 0.0090680968703507 145.7511699495899791 -0.0020897321096548 0.9999976703787600 -0.0005406077717374 -0.7555117496792314 -0.0090692080744614 0.0005216344649759 0.9999587378299102 1.4487927268899370
0.9999736969590293 0.0021795559666440 0.0069177254845567 147.0416255984538623 -0.0021733733442687 0.9999972322044857 -0.0009011280011320 -0.7422543948014999 -0.0069196703966187 0.0008860694985542 0.9999756662251567 1.4570775863952301
0.9999915525140305 0.0030490047262330 0.0027565323793459 148.2800242521931580 -0.0030443325729838 0.9999939251653160 -0.0016975487178375 -0.7493129100569722 -0.0027616914679311 0.0016891425765076 0.9999947599150668 1.4825644667807878
0.9999951941978009 0.0030187948749677 -0.0007060161508102 149.5602528092680643 -0.0030198038046822 0.9999944145305866 -0.0014323730696256 -0.7422600828920909 0.0007016881668970 0.0014344982161823 0.9999987249234792 1.4862384241666107
0.9999929640936973 0.0033633119864216 -0.0016612933465527 150.8194601092489222 -0.0033661356283804 0.9999928898747634 -0.0016998031799893 -0.7413005499245940 0.0016555645661391 0.0017053833590564 0.9999971753827938 1.5070612183428456
0.9999926995549141 0.0034678096611232 -0.0016047221035277 152.1142477866140723 -0.0034716151707125 0.9999911541459304 -0.0023747669351750 -0.7340078876198008 0.0015964726686694 0.0023803205759188 0.9999958926660519 1.5286430776834516
0.9999952685544192 0.0028599305847616 -0.0011329897728106 153.3818702778674776 -0.0028615885811228 0.9999948333009744 -0.0014644733349603 -0.7427892999113096 0.0011287956269122 0.0014677085564808 0.9999982858245438 1.5492141721757846
0.9999945507471103 0.0032983846291447 -0.0001383290400209 154.6314732070275682 -0.0032985480998628 0.9999938413773627 -0.0011986608273123 -0.7233114661619934 0.0001343745436562 0.0011991105804984 0.9999992720383839 1.5709560271667600
0.9999964665427948 0.0026243269250337 0.0004240402287179 155.9044929400988053 -0.0026240272697106 0.9999963082379832 -0.0007056849807967 -0.7358860776587520 -0.0004258906113580 0.0007045697941654 0.9999996610992388 1.5858206248220241
0.9999973902236328 0.0022653728309652 0.0002960267899049 157.1741488029449840 -0.0022652377003747 0.9999973303676188 -0.0004560217057863 -0.7316320212366695 -0.0002970590588048 0.0004553499446268 0.9999998522061608 1.6093309221071455
0.9999985264529458 0.0016686971139564 0.0004031648282803 158.4455509878741566 -0.0016686598956705 0.9999986034955674 -0.0000926340522653 -0.7266348914858305 -0.0004033188434345 0.0000919611707843 0.9999999144385231 1.6202619480986173
0.9999985796516836 0.0009093894586195 0.0014190508898182 159.7005815398186428 -0.0009090060434284 0.9999995501841011 -0.0002708128659970 -0.7311305506597869 -0.0014192965258722 0.0002695225555136 0.9999989564769374 1.6453627725233742
0.9999979300999744 0.0004929872785505 0.0019740211016622 160.9676974205077613 -0.0004935523106101 0.9999998373744731 0.0002857571418628 -0.7323102625854311 -0.0019738799060003 -0.0002867308330501 0.9999980107897946 1.6553899054349612
0.9999992052765315 -0.0004402487614285 0.0011813667226732 162.2411252917798379 0.0004395536214586 0.9999997301622998 0.0005886152745539 -0.7206260105767270 -0.0011816255410415 -0.0005880955327463 0.9999991289519832 1.6754688079854860
0.9999996188427321 -0.0008382150140728 0.0002443562575544 163.5037199551620688 0.0008379107069916 0.9999988766817764 0.0012427955714102 -0.7137828575139015 -0.0002453977129720 -0.0012425903489851 0.9999991978742718 1.6925680191133594
0.9999990746608757 -0.0013359816030432 -0.0002565746455245 164.7698361676442005 0.0013364108650081 0.9999976954152422 0.0016802292118932 -0.7049266087780179 0.0002543292989105 -0.0016805705462554 0.9999985554985801 1.7009746045013701
0.9999969891556093 -0.0023508144608481 -0.0007038118263409 166.0339488794403735 0.0023520434297371 0.9999957018893108 0.0017504555434159 -0.6957071039593373 0.0006996938050753 -0.0017521056690485 0.9999982202755681 1.7247400931984291
0.9999955767956374 -0.0024332473436633 -0.0017104667564811 167.2862036730159332 0.0024369611119157 0.9999946707593402 0.0021724809452976 -0.6875968151741024 0.0017051714575028 -0.0021766396769392 0.9999961773077022 1.7480054983447513
0.9999918673393567 -0.0037060801507411 -0.0015906681183326 168.5683673390088870 0.0037097557412376 0.9999904414557270 0.0023140245289384 -0.6796605951128412 0.0015820769534859 -0.0023199066999465 0.9999960575249368 1.7683391376727995
0.9999895959017675 -0.0045422880643450 -0.0004191746179417 169.8372422717362440 0.0045432824041686 0.9999867932426048 0.0024024831670469 -0.6744829970000473 0.0004082563113897 -0.0024043626000420 0.9999970261792140 1.7885725245379855
0.9999884574583482 -0.0048029326567926 0.0001295683899626 171.0958797840481793 0.0048025868460422 0.9999852190984244 0.0025488711741512 -0.6627803387395280 -0.0001418085314253 -0.0025482194902542 0.9999967432285817 1.8085255816438177
0.9999818821882408 -0.0060042574415165 0.0004291711072982 172.3652720469496273 0.0060029531012571 0.9999775463160878 0.0029784925248543 -0.6598697097508650 -0.0004470451067326 -0.0029758622670579 0.9999954721869695 1.8255095815882001
0.9999809145833305 -0.0061576048696899 0.0005043524111126 173.6285436274440031 0.0061559677043853 0.9999759772944814 0.0031857331290418 -0.6348416270523749 -0.0005239567810321 -0.0031825675508432 0.9999947983530094 1.8418529235642180
0.9999763477082044 -0.0068777626074550 -0.0000201413913045 174.8906126719236056 0.0068777902068311 0.9999696123177056 0.0036702102185268 -0.6084532846209701 -0.0000051020553481 -0.0036702619379076 0.9999932645529550 1.8579153526714247
0.9999735684482789 -0.0072529272929659 -0.0005073958003067 176.1599187252468539 0.0072551930552809 0.9999630264598344 0.0046160466872741 -0.6040620021758172 0.0004738971890839 -0.0046196059324840 0.9999892172731077 1.8757199706978085
0.9999722570851829 -0.0074412566749331 -0.0003357961624193 177.4216233517555850 0.0074427400511208 0.9999614599555273 0.0046566322747083 -0.5810822392114395 0.0003011320248234 -0.0046590023297028 0.9999891014490085 1.8920805911586427
0.9999669377346639 -0.0080635247929017 -0.0010502406738766 178.6959236772233055 0.0080681267458113 0.9999575332919800 0.0044538683671920 -0.5823685670516587 0.0010142821956094 -0.0044621945870847 0.9999895299707365 1.9097448574102232
0.9999679765061695 -0.0077176955045569 -0.0021173422622962 179.9504379281943613 0.0077260542356485 0.9999622792851222 0.0039683866811435 -0.5645387339954248 0.0020866355945830 -0.0039846183006910 0.9999898843332833 1.9300635121693046
0.9999640639098297 -0.0081682675990483 -0.0022694257794139 181.2208789930466821 0.0081710020633782 0.9999658988594615 0.0011982668607053 -0.5512691345136701 0.0022595606250332 -0.0012167672824056 0.9999967069261589 1.9713384188508989
0.9999651995272121 -0.0082966152311023 0.0008751629619424 182.4721533394111361 0.0082956164391781 0.9999649423425532 0.0011387860854153 -0.5250491838759885 -0.0008845803507603 -0.0011314864388671 0.9999989686274889 1.9793922709429834
0.9999494216383403 -0.0085876797521366 0.0052350665347740 183.7400931021434758 0.0085939573277811 0.9999623776041897 -0.0011778258038291 -0.5198812279490345 -0.0052247547882217 0.0012227561697376 0.9999856032987436 1.9878539535349311
0.9999477509432132 -0.0088044961765815 0.0051938647158101 184.9916091615380367 0.0088053976999821 0.9999612203735840 -0.0001507326030737 -0.4985672761561865 -0.0051923361750493 0.0001964587718600 0.9999865004333790 2.0074467244029819
0.9999628438051494 -0.0083921614277126 0.0019704404811030 186.2529126816201597 0.0083881067633743 0.9999627033672978 0.0020570705607401 -0.4855311805761120 -0.0019876302585221 -0.0020404658626992 0.9999959429042793 2.0213432159136007
0.9999624535972266 -0.0086636636907138 0.0001797978551119 187.5056913294050105 0.0086631147117914 0.9999583917720950 0.0028574758189381 -0.4761379459191998 -0.0002045465835414 -0.0028558109215563 0.9999959012439379 2.0371644018601556
0.9999637933295081 -0.0085066272556164 0.0002220873583778 188.7518611606397485 0.0085060926095653 0.9999611624455657 0.0023065101409917 -0.4444172974231827 -0.0002416993550786 -0.0023045375343012 0.9999973153404836 2.0581969632678656
0.9999625308559152 -0.0085788115236181 0.0011579624670107 190.0024608828208272 0.0085760505222470 0.9999604196873647 0.0023686316955586 -0.4379431455538677 -0.0011782366793793 -0.0023586122003364 0.9999965243473679 2.0752462566380183
0.9999570534353065 -0.0087294727451123 0.0031124894492761 191.2567040201214184 0.0087231801610373 0.9999598926281442 0.0020295967551110 -0.4182750124085958 -0.0031300819250617 -0.0020023587846873 0.9999930965493911 2.0900179455111241
0.9999636990217565 -0.0076100866728258 0.0038323908409648 192.4895989343138467 0.0076044990347971 0.9999700042053997 0.0014704706330488 -0.4014082161093788 -0.0038434662943236 -0.0014412738410753 0.9999915752127913 2.1108668320777464
0.9999701419936247 -0.0067714452552131 0.0037232580364336 193.7242823630851944 0.0067659619073201 0.9999760104175865 0.0014833572716957 -0.3916190141709422 -0.0037332131895873 -0.0014581215595592 0.9999919684681465 2.1206048393638204
0.9999839672666835 -0.0050523743868824 0.0025570926145207 194.9555139465408899 0.0050505143639530 0.9999869771789133 0.0007333329660929 -0.3869135453260222 -0.0025607643866560 -0.0007204065757815 0.9999964617438012 2.1457958144783835
0.9999935340331436 -0.0033568477813057 0.0012897538048402 196.1748397940936570 0.0033556054549291 0.9999939051090534 0.0009641871064674 -0.3691347762670758 -0.0012929825732805 -0.0009598529671625 0.9999987034383327 2.1500173354289100
0.9999966351423375 -0.0025202394542685 0.0006148960041339 197.4023663625822564 0.0025200532351547 0.9999967786246881 0.0003034335820038 -0.3659385333505147 -0.0006156587486082 -0.0003018829903285 0.9999997649154551 2.1825529066593434
0.9999987867394228 -0.0010295166648303 0.0011690231474918 198.6219816542875094 0.0010288195508861 0.9999992926997161 0.0005967666204896 -0.3529418691683277 -0.0011696367018222 -0.0005955631825866 0.9999991386268696 2.1993252001941852
0.9999957906139181 0.0000002486220244 0.0029015089837987 199.8439952346152495 0.0000000797784088 0.9999999935948555 -0.0001131825190215 -0.3481231953872470 -0.0029015089933538 0.0001131822740703 0.9999957842087808 2.2156900275608358
0.9999936265043314 0.0012597346543053 0.0033406615087922 201.0452856119980538 -0.0012611781435078 0.9999991122535143 0.0004300254336630 -0.3422525878168654 -0.0033401168251907 -0.0004342358621775 0.9999943275133165 2.2338271425252638
0.9999911924427918 0.0026232092428505 0.0032762493970474 202.2555326054175282 -0.0026247945222548 0.9999964401816526 0.0004796641935371 -0.3406444174016162 -0.0032749794746488 -0.0004882594503382 0.9999945180410490 2.2483296388814047
0.9999881779585417 0.0034695926126957 0.0034067389477255 203.4537932711134545 -0.0034736576944573 0.9999932610896438 0.0011880561944876 -0.3368823900856005 -0.0034025939190212 -0.0011998759941968 0.9999934913049289 2.2710330032140309
0.9999819102650120 0.0047698779967176 0.0036643425923158 204.6567412302716491 -0.0047739760030213 0.9999879879933266 0.0011104153192161 -0.3334302407502107 -0.0036590020306098 -0.0011278887156998 0.9999926697587262 2.2847907382905093
0.9999781420490360 0.0054832225662016 0.0036945492887986 205.8191902168374270 -0.0054877826736560 0.9999841913465407 0.0012252747984473 -0.3408197494825019 -0.0036877724285246 -0.0012455229000249 0.9999924244749162 2.2998404249166780
0.9999722987352709 0.0064472485244373 0.0037195091829655 206.9857320843407535 -0.0064518223719702 0.9999784437744724 0.0012190055229142 -0.3338388484416834 -0.0037115697728278 -0.0012429693674789 0.9999923396091457 2.3104081125412694
