1.0000000000000000 0.0000000000000000 0.0000000000000000 0.0000000000000000 0.0000000000000000 1.0000000000000000 0.0000000000000000 0.0000000000000000 0.0000000000000000 0.0000000000000000 1.0000000000000000 0.0000000000000000
0.9999960654322750 -0.0027388360341270 -0.0006065452558038 0.6958830274920333 0.0027378555796492 0.9999949537058638 -0.0016114309269230 0.0179279001622205 0.0006109556400872 0.0016097639533260 0.9999985176955116 0.0129829081412597
0.9999762355942657 -0.0067367595144117 -0.0014643489907152 1.4204936692389709 0.0067354439165185 0.9999769102791900 -0.0009015008220831 0.0207646866883975 0.0014703883735462 0.0008916163579506 0.9999985214880576 0.0161626633716145
0.9999397586187686 -0.0107239671519990 -0.0023400132396225 2.1356747829958933 0.0107219482046346 0.9999421366165313 -0.0008736392066300 0.0253796153308219 0.0023492467166937 0.0008484970766441 0.9999968805414220 0.0153388369817867
0.9998778418868736 -0.0153728074451081 -0.0028245521598771 2.8615747117727306 0.0153731311819882 0.9998818221170298 0.0000929386346209 0.0493066565565726 0.0028227896325483 -0.0001363494922968 0.9999960066257797 0.0126352154540298
0.9997957946071060 -0.0199842008069567 -0.0030001340058009 3.6074071080196557 0.0199822185257190 0.9998000979506264 -0.0006892609870844 0.0655105815946475 0.0030133086028390 0.0006291709029634 0.9999952620463953 0.0173802102833750
0.9996904797792259 -0.0245805440628648 -0.0038394651131146 4.3622973171741348 0.0245820809081094 0.9996977524587671 0.0003535917373889 0.0878563344108081 0.0038296131669433 -0.0004478643356508 0.9999925667126374 0.0259219144285412
0.9995570466689738 -0.0293746697160235 -0.0047790410621303 5.1578084053119424 0.0293916047624819 0.9995618008366216 0.0035128162115519 0.1197632788123792 0.0046737590743477 -0.0036517238839515 0.9999824102896963 0.0328268712211066
0.9994106362028102 -0.0340527995507809 -0.0043344073929840 5.9415331333243024 0.0340725115680577 0.9994089686310077 0.0045582206342030 0.1599102846848648 0.0041766254486840 -0.0047032183300197 0.9999802175729285 0.0355196333271590
0.9992705491437378 -0.0381232251743923 -0.0022336777465047 6.7548109666541372 0.0381362886359657 0.9992537383365642 0.0061310610399535 0.1995062952563029 0.0019982750178499 -0.0062117729114885 0.9999787101604959 0.0578025387514159
0.9991297072268275 -0.0417049658920903 0.0007238485847832 7.5496043302329037 0.0417014808546498 0.9991208591489336 0.0043006171680393 0.2300543031201619 -0.0009025693122303 -0.0042666888140977 0.9999904903223832 0.0411905067577267
0.9990279581057345 -0.0440773339410731 0.0005723248499999 8.3638964046266437 0.0440744112687806 0.9990186336802073 0.0043835865501103 0.2622778555758359 -0.0007649799978970 -0.0043541006395182 0.9999902282588684 0.0522660671814070
0.9989230773093711 -0.0463970095076242 -0.0000559242842189 9.1947175122032831 0.0463968737424214 0.9989154452148113 0.0039068424878705 0.3077776477844655 -0.0001254021767856 -0.0039052298325006 0.9999923666979911 0.0479267091104338
0.9988316278360689 -0.0483251502972299 -0.0002430701519348 10.0231676596170960 0.0483256564757133 0.9988273115583121 0.0029381305937409 0.3447494085269352 0.0001007995038417 -0.0029464442884031 0.9999956541433145 0.0659127887866948
0.9987208423957362 -0.0505631713959196 0.0002113356049113 10.8684804709823553 0.0505624828703916 0.9987177410321139 0.0025117869521461 0.3918984933582307 -0.0003380685321081 -0.0024978883278627 0.9999968231267383 0.0654563066783983
0.9986525735244171 -0.0518935634950929 0.0003089673763661 11.7422050531724960 0.0518937160651001 0.9986524841037632 -0.0005081597562588 0.4431624331183617 -0.0002821808173379 0.0005235085136519 0.9999998231563956 0.0709036479036991
0.9985659778933176 -0.0535071216630839 -0.0017250290705823 12.6039830451889046 0.0535095553777393 0.9985663603614509 0.0013969387107757 0.5044741800279048 0.0016478098309758 -0.0014872410083633 0.9999975364154373 0.0737494822159647
0.9984785574066687 -0.0549746833363022 -0.0042842258543496 13.4681855991601278 0.0549902581220402 0.9984803777454268 0.0036064898476562 0.5612544996096653 0.0040794498120672 -0.0038365934659734 0.9999843191969601 0.0876515731452293
0.9983849824203266 -0.0564892983055380 -0.0060320854198368 14.3599882904648215 0.0565305330887853 0.9983770320825086 0.0068993216202234 0.6053107835055631 0.0056325577016142 -0.0072291760989394 0.9999580057715767 0.0928252113306251
0.9983067097535078 -0.0578571364244187 -0.0060220449925141 15.2419414996859288 0.0579012027048999 0.9982947426282170 0.0074200785836750 0.6854989246281867 0.0055824713570018 -0.0077561978847907 0.9999543376614355 0.1018924622941667
0.9982303079381044 -0.0592684305860367 -0.0048482419148989 16.1363427727753823 0.0593033301302291 0.9982125607512921 0.0074026072307780 0.7273580075780330 0.0044008350641999 -0.0076770237863548 0.9999608472117903 0.1166041753279865
0.9981778321881599 -0.0602220093127226 -0.0037848279332129 17.0407452791258223 0.0602476541807210 0.9981584043551406 0.0070724805351327 0.7905613631946331 0.0033519388219237 -0.0072876202932054 0.9999678270307480 0.1280661078299703
0.9980976820724969 -0.0615625725892121 -0.0033266646519966 17.9464704391729271 0.0615852777025156 0.9980757212097885 0.0072186080281853 0.8607333144804465 0.0028758671410363 -0.0074097495071380 0.9999684120013135 0.1371153922468387
0.9980087477901416 -0.0629493210177794 -0.0039902779043713 18.8589433230494095 0.0629752171681397 0.9979923631201526 0.0067353675830713 0.9184967491645922 0.0035582800591301 -0.0069732443850763 0.9999693557833494 0.1366112049909805
0.9979279432755993 -0.0642066224943983 -0.0041628905335172 19.7732147507136986 0.0642347507909787 0.9979101421987412 0.0070174701787041 0.9686037379859888 0.0037036226256302 -0.0072703318184226 0.9999667121733088 0.1452408570608980
0.9978865739862438 -0.0649078964789041 -0.0030578477203025 20.7117010896696243 0.0649270908989442 0.9978677648314088 0.0066630907069046 1.0235596144980359 0.0026188404680198 -0.0068475459145639 0.9999731260336705 0.1623388989406832
0.9979140147052101 -0.0645563167053265 0.0003181640633927 21.6465116262910335 0.0645526350401968 0.9978908339971310 0.0068440290675618 1.1073120946618076 -0.0007593183105928 -0.0068092141949027 0.9999765287434256 0.1551800941568216
0.9979536309799576 -0.0637979448690634 0.0042863322785902 22.5640154712373437 0.0637684917425153 0.9979423030594824 0.0066887386868456 1.1598992040121476 -0.0047042400877614 -0.0064017181147008 0.9999684435672841 0.1577550850949112
0.9980183021820115 -0.0625475512671014 0.0068754883626140 23.5118248684737132 0.0625015486443392 0.9980222850490393 0.0067137889863525 1.2132345839332013 -0.0072818216673045 -0.0062707556150183 0.9999538252825588 0.1677997187071031
0.9981184680144138 -0.0608435496583869 0.0075885620197028 24.4677718500553034 0.0608065287233477 0.9981369594219279 0.0050175990837552 1.2711933160772066 -0.0078797127597492 -0.0045467241961683 0.9999586178567130 0.1656755573038496
0.9982181773626119 -0.0593823266907066 0.0058489024323681 25.3939124794855040 0.0593483679112391 0.9982203775162440 0.0058180011687387 1.3452693943321745 -0.0061839800401831 -0.0054605117091188 0.9999659700223489 0.1679789737384741
0.9982987276224923 -0.0583037556821767 0.0005678914209782 26.3735579606662718 0.0582954409939931 0.9982515440413920 0.0097722248384207 1.4015562667081283 -0.0011366558972899 -0.0097224941414136 0.9999520894128084 0.1827285699197717
0.9983641437502218 -0.0571186555916685 -0.0025486579383889 27.3130593148705785 0.0571411361874445 0.9983175052209772 0.0098513615593014 1.4587349475017506 0.0019816733066993 -0.0099808793582785 0.9999482261688057 0.1943517785978409
0.9984095726988186 -0.0563601473329566 -0.0013634280215129 28.2985519657334876 0.0563687281697165 0.9983826087562502 0.0073981766397408 1.5323569306409623 0.0009442604995584 -0.0074632650811576 0.9999717036228762 0.1999400546261985
0.9983991763732946 -0.0564453807539788 0.0036060516725827 29.2621121996304616 0.0564342789459997 0.9984014733610750 0.0031096865243716 1.5652300681130682 -0.0037758147428164 -0.0029012035387275 0.9999886630562642 0.1915964491683126
0.9983286713009482 -0.0572769246948848 0.0076953203948872 30.2245914948096939 0.0572928403858122 0.9983556764989882 -0.0018637711161983 1.6287929048132197 -0.0075759157208431 0.0023015429051453 0.9999686537093283 0.1854740538991697
0.9982727401477168 -0.0582199553517662 0.0078722980639381 31.2257150872608911 0.0583041387696261 0.9982390967803901 -0.0109239672922910 1.6739826225459240 -0.0072224428209102 0.0113640863209151 0.9999093428215328 0.1919655322614583
0.9982221831632212 -0.0594642577714303 0.0040589516559522 32.2052088896147382 0.0595039025061144 0.9981731882939701 -0.0104676529171275 1.7296346364005417 -0.0034290855042270 0.0106905668111427 0.9999369745908295 0.2086542311382189
0.9981400037516299 -0.0609632222851065 0.0001357914318014 33.1885771339837277 0.0609622729070919 0.9981061232333098 -0.0082321349705942 1.8040008714081723 0.0003663232145297 0.0082251013847567 0.9999661061828611 0.2250613405623471
0.9980107442356232 -0.0630308255224905 -0.0012920619996348 34.1663837718393850 0.0630209876968203 0.9979903513142746 -0.0066040739947396 1.8693613217187395 0.0017057256446354 0.0065095097790946 0.9999773581349035 0.2157507335261131
0.9979572780991262 -0.0638816580615433 0.0006362800415943 35.1838458016044768 0.0638848060502069 0.9978994381783117 -0.0107444329462869 1.9268237198098943 0.0000514286955089 0.0107631336848459 0.9999420744765025 0.2387464499284953
0.9978815642474722 -0.0649712853423734 0.0033340389886432 36.2053461083418000 0.0650014611149606 0.9978358318186284 -0.0099228419188300 1.9957608993395373 -0.0026821237738329 0.0101185384214185 0.9999452091951219 0.2215449950743616
0.9978050005966665 -0.0660871823346246 0.0042029888598979 37.2267117605631768 0.0661078998983296 0.9977999646539810 -0.0049976101835362 2.0824325206380743 -0.0038634641604104 0.0052644911989892 0.9999786791612594 0.2449193373249845
0.9977119069957489 -0.0672976799750529 0.0064786502360931 38.2112062561775261 0.0673458271610487 0.9977013175257496 -0.0075246642036388 2.1588480135201102 -0.0059573654328424 0.0079437571311519 0.9999507020447262 0.2355130645263306
0.9976821160303554 -0.0672744600434811 0.0102245967671400 39.1974495626929738 0.0673399308906878 0.9977108298022495 -0.0061995002172832 2.2155076386644605 -0.0097841228952795 0.0068736541347941 0.9999285093535464 0.2478018974921794
0.9976210705503479 -0.0679237996184949 0.0117710254168575 40.2031269445712525 0.0679513625256049 0.9976867151638741 -0.0019572216104789 2.2995280625722874 -0.0116108537537758 0.0027524227337492 0.9999288035876370 0.2382231633612731
0.9976275889679145 -0.0678561370046828 0.0116076871454864 41.2075061854825577 0.0678748116148176 0.9976930973727477 -0.0012220487003600 2.3661946424143645 -0.0114979858374762 0.0020070190768252 0.9999318817780072 0.2530512205562708
0.9976482008348190 -0.0677824888646631 0.0101784858579543 42.2025625666058133 0.0677944084255226 0.9976989670774146 -0.0008302282177103 2.4280620627049494 -0.0100987898919710 0.0015183201150885 0.9999478532137294 0.2490346015025400
0.9976601992977245 -0.0679612452202463 0.0074428412140916 43.2048868741584826 0.0679376466370101 0.9976838464817639 0.0033791476405832 2.5157190392629705 -0.0076552535326650 -0.0028655919921824 0.9999665921799012 0.2639256975630406
0.9976160235178417 -0.0686019843704502 0.0074858106364955 44.1686356530719664 0.0685794816527332 0.9976404505866628 0.0032227394375986 2.5903218115796340 -0.0076892338169280 -0.0027016834893699 0.9999667877432890 0.2569697886505787
0.9975115456869805 -0.0699439657941228 0.0088632877738185 45.1881650129422496 0.0699385970428274 0.9975508789624739 0.0009146173390265 2.6541524775283993 -0.0089055524731456 -0.0002924554434767 0.9999603020145158 0.2663608633582054
0.9974587000323791 -0.0706027636720052 0.0095598897269432 46.1919280961827070 0.0706062241372526 0.9975042659111272 -0.0000245394251473 2.7383031086906611 -0.0095342982330315 0.0006994647798949 0.9999543029090006 0.2541648037247740
0.9974536549695275 -0.0709270599768769 0.0074537474445554 47.1553105774768824 0.0709195131708774 0.9974812298520455 0.0012722988864723 2.8154187235190715 -0.0075252135874309 -0.0007404430344589 0.9999714110436240 0.2678644362953646
0.9974155874464433 -0.0718226383927010 0.0019116833361450 48.1579921681848830 0.0718140373896423 0.9974090227657962 0.0042409125407643 2.8850817418850445 -0.0022113237360125 -0.0040926665745763 0.9999891800052858 0.2708913700871827
0.9973887979296682 -0.0722121951848932 0.0009922857403372 49.1357041159058596 0.0722072232928327 0.9973801016459029 0.0043646013732637 2.9812046878794609 -0.0013048634988297 -0.0042815543190988 0.9999899827617584 0.2821136206668752
0.9973555199047679 -0.0725370694002974 0.0045100419406766 50.0888300396003174 0.0725196377805754 0.9973592983829909 0.0039156181073289 3.0387770109184831 -0.0047821597280275 -0.0035781967252705 0.9999821635691963 0.2818234836719340
0.9973405123774667 -0.0724477537262109 0.0079514370197113 51.0691656164708121 0.0724384816961373 0.9973718307162188 0.0014483312247617 3.1096722919400253 -0.0080354676410597 -0.0008684893807857 0.9999673379595880 0.2938665536895959
0.9972955876522624 -0.0730242383308499 0.0083049061119101 52.0285072227313847 0.0730145546068067 0.9973298012070460 0.0014637075814251 3.1722640404183600 -0.0083896164929072 -0.0008533700917560 0.9999644424151233 0.2956190358712674
0.9973057778725345 -0.0729592268854419 0.0076247383127184 52.9842663121939879 0.0729683402521450 0.9973338299166020 -0.0009235933788526 3.2410160249914841 -0.0075370248046576 0.0014774695126705 0.9999705047354812 0.3059885273846833
0.9972990808707762 -0.0731497406862230 0.0066074754515847 53.9351194390500979 0.0731754106289451 0.9973121098767440 -0.0037302509945634 3.3234031293579083 -0.0063168483906319 0.0042036806176857 0.9999712128334867 0.3098721214343582
0.9972187342021681 -0.0741333678245338 0.0076837446090992 54.8952548490676904 0.0741718618459836 0.9972336714262561 -0.0048517506129470 3.3872949817615496 -0.0073028122340512 0.0054081742485135 0.9999587094399308 0.3128858917183088
0.9971060778159077 -0.0750686284417968 0.0120071064975898 55.8527000683453565 0.0751722075830264 0.9971350120659817 -0.0084206246365161 3.4532692420301019 -0.0113405815402652 0.0092988567061849 0.9998924554542286 0.3140530361246507
0.9969698899457852 -0.0758451325662749 0.0172787270217775 56.8255389470011352 0.0760506684689190 0.9970368807866220 -0.0115652140798960 3.5182529599049364 -0.0163503628987095 0.0128442289487315 0.9997838223415065 0.3184442301553309
0.9968790133105626 -0.0764855947510126 0.0195495937692598 57.7681521575673358 0.0766914589487165 0.9970046650975823 -0.0100058931622818 3.5926817435035487 -0.0187257294991825 0.0114739517709257 0.9997588186585212 0.2979956391866136
0.9968496845410357 -0.0776769551141666 0.0160311283018139 58.7054572775439283 0.0778340555705102 0.9969218310749032 -0.0094192632253783 3.6672356588177872 -0.0152501220940747 0.0106373573059287 0.9998271252599931 0.3029053861290198
0.9968121921767459 -0.0793636923636859 0.0081766657136270 59.6211781949269621 0.0794236749587442 0.9968142774162340 -0.0072922009845591 3.7743482176340821 -0.0075718811294105 0.0079183756890972 0.9999399811701742 0.3071056938390302
0.9967795939480416 -0.0801375134372431 0.0029017286008441 60.5455410100552385 0.0801524544072783 0.9967676497756212 -0.0054622718051915 3.8445154339814578 -0.0024546163175636 0.0056772617413940 0.9999808715959787 0.3200506971710243
0.9966641001416204 -0.0815654071710842 0.0027849312216214 61.4522538590337106 0.0815693077527307 0.9966668019306891 -0.0013167999061620 3.9345684155069778 -0.0026682431737414 0.0015395721054281 0.9999952550867919 0.3105764302821815
0.9966017496604193 -0.0822070514617106 0.0051916532783527 62.3377242945727161 0.0821945096734353 0.9966129542183285 0.0025849688120820 4.0046721620595553 -0.0053865715751781 -0.0021494590453299 0.9999831821948196 0.3262208805654087
0.9965317697302163 -0.0829422120133053 0.0067097976648347 63.2346040806010663 0.0829249870035179 0.9965518405843689 0.0028063425259716 4.1098338310331499 -0.0069194254696108 -0.0022401995997230 0.9999735511786919 0.3298627533068521
0.9964252289883647 -0.0842158044203964 0.0066679323114732 64.0893105528615479 0.0841886028387776 0.9964407288341873 0.0042606422576956 4.1832048611387211 -0.0070030127473408 -0.0036840475321354 0.9999686923130351 0.3457982464457786
0.9963189346059994 -0.0854411663284150 0.0069561226273295 64.9444434172453526 0.0854127050682795 0.9963364167415547 0.0042912104956615 4.2711557427934181 -0.0072972843226384 -0.0036812730188207 0.9999665983774035 0.3428548699969683
0.9961622827834232 -0.0872222697826479 0.0072788744790734 65.8021602618848931 0.0871935419616995 0.9961826394906176 0.0041755260362715 4.3399157307317937 -0.0076152872495044 -0.0035248307007888 0.9999647908644775 0.3481260208389630
0.9960406054367682 -0.0885779862399505 0.0075533221056297 66.6385971993553170 0.0885348676427665 0.9960558151663703 0.0058643230415215 4.4198054355041823 -0.0080429803328157 -0.0051723714998687 0.9999542774749420 0.3608452137819101
0.9959002716429920 -0.0900830916469846 0.0082271222633231 67.4222754227907188 0.0900281253211177 0.9959158431540786 0.0068242219971148 4.4888970227260243 -0.0088082684211946 -0.0060555721465241 0.9999428705948148 0.3646023024486774
0.9957850283265367 -0.0910270762811168 0.0112360466548641 68.2418377465469490 0.0909311711034703 0.9958185526554398 0.0087711064853000 4.5794996577437264 -0.0119874718965229 -0.0077124296390195 0.9998984043124548 0.3489373615230156
0.9955855598931131 -0.0926536204289430 0.0149899817787007 69.0380001107503034 0.0925091248188381 0.9956609841332331 0.0100631257616269 4.6542028525081944 -0.0158573250445669 -0.0086319926002662 0.9998370036891913 0.3636745994957701
0.9954502614105641 -0.0938147654963784 0.0166603371064015 69.7898927443073802 0.0936170865931186 0.9955326047381872 0.0122749338498031 4.7299440966401756 -0.0177374788359550 -0.0106593938880234 0.9997858566545558 0.3674932438082130
0.9953576008316888 -0.0953092329956408 0.0133939005658230 70.5693285571382631 0.0951126036170095 0.9953591098358525 0.0146231015852623 4.8102986346886869 -0.0147254575405362 -0.0132812865552220 0.9998033648311352 0.3704331851267449
0.9952710565095807 -0.0969765938945468 0.0055735366613260 71.2805383600355498 0.0968884868415599 0.9951917420044342 0.0143533189100180 4.9056773596275400 -0.0069386736380863 -0.0137454313425207 0.9998814519358543 0.3671433968637818
0.9951757832256980 -0.0981077592939780 0.0001674736797391 71.9864468223411365 0.0980941026798011 0.9950629852044025 0.0150732377261050 4.9680896928275331 -0.0016454484383180 -0.0149840929794872 0.9998863782735611 0.3859617750758593
0.9951212611045305 -0.0986503429037168 -0.0013362420095000 72.6804498183594205 0.0986589878596243 0.9949871219618704 0.0163410906780575 5.0377788257731968 -0.0002825106075342 -0.0163931990475648 0.9998655825723494 0.3750477473105602
0.9950644131148209 -0.0992271832276936 0.0008830974774956 73.3634795125934431 0.0991948912975482 0.9949022360538643 0.0181635413807037 5.1168646379620668 -0.0026809127036608 -0.0179862948857913 0.9998346392795944 0.3892506659026567
0.9949187731991023 -0.1005939912374815 0.0041813470206258 74.0204998730670809 0.1005024199285136 0.9947701130761389 0.0182122409109512 5.1763341089387742 -0.0059915210511296 -0.0176994648901963 0.9998254000664789 0.4051005700360328
0.9948508010638351 -0.1013428304682866 0.0012305833258243 74.6454158939262840 0.1013118552046536 0.9947345118118728 0.0154647665804040 5.2414271789305014 -0.0027913469216472 -0.0152604627410570 0.9998796560883174 0.4140036940314529
0.9948662409916356 -0.1011572937434977 -0.0028921372139844 75.2349546023173730 0.1011811655913474 0.9948191771783272 0.0098578115123176 5.2999823257177514 0.0018799640286832 -0.0100998336980245 0.9999472281548277 0.4278266203912763
0.9949499653463336 -0.1000902323094870 -0.0075174366350771 75.8413771299638455 0.1001389225005802 0.9949528431576027 0.0064059420092366 5.3615977828442087 0.0068383227294615 -0.0071263797847035 0.9999512248371977 0.4355706131795799
0.9952449667824371 -0.0970773834175623 -0.0079647801617695 76.4276772170763081 0.0971386763584620 0.9952410153807959 0.0077070655329024 5.4374322893225600 0.0071786941397225 -0.0084441063826840 0.9999385798227041 0.4448196767796819
0.9956593260757329 -0.0928760691387819 -0.0060450127994422 76.9825634438401920 0.0929469542571343 0.9955894352278757 0.0127491237723122 5.5060162603173115 0.0048342623780058 -0.0132556495113501 0.9999004538769312 0.4494834894194525
0.9960896974747538 -0.0883086828105072 -0.0026250952223960 77.5457114203611440 0.0883326902080326 0.9960283650740875 0.0111728156009096 5.5488713429659242 0.0016280126735259 -0.0113610082348977 0.9999341363643015 0.4593562391548306
0.9965383905760744 -0.0831104521462903 0.0019720172632339 78.1028540563319780 0.0830908172689285 0.9965054407769836 0.0085336151454818 5.5868076774405839 -0.0026743585453021 -0.0083402185768035 0.9999616435446224 0.4693908225257913
0.9971911677895199 -0.0746856547503496 0.0056416183037391 78.6303749121866389 0.0746692930364103 0.9972036645285487 0.0030574708954247 5.6130008630299599 -0.0058541916620649 -0.0026276273223696 0.9999794117953822 0.4782680216898522
0.9979426491541358 -0.0638645638425346 0.0056379503747580 79.1165384347658289 0.0638369923190469 0.9979481021187150 0.0049420531475071 5.6642305094156580 -0.0059420039450814 -0.0045719758155152 0.9999718944181676 0.4875764931407211
0.9987784115104174 -0.0491191656703425 0.0053844465432209 79.6273021095027076 0.0490596829235677 0.9987388269214469 0.0106725400449503 5.6826188214984903 -0.0059018820867890 -0.0103953433527475 0.9999285497596376 0.4939549598454463
0.9995033325457763 -0.0309167736869749 0.0061025678755606 80.1398947612893977 0.0308101490953545 0.9993831401682545 0.0168544908010045 5.6987461631686998 -0.0066198899242715 -0.0166580986978556 0.9998393294950759 0.4977225242175515
0.9999340660827908 -0.0092706261525608 0.0067763543204651 80.5836443213313629 0.0091660016241842 0.9998407663449888 0.0153109885014369 5.7033151031638560 -0.0069172177472219 -0.0152478669132813 0.9998598175010497 0.4904472971161892
0.9998174982045529 0.0171291389333373 0.0084594848183142 81.0789496414285082 -0.0172141407180313 0.9998010172947178 0.0100796416497369 5.6925945786406125 -0.0082851459449232 -0.0102234248591029 0.9999134152219489 0.5076312627679722
0.9988651274204463 0.0464334890094994 0.0106013358469717 81.5254562009547215 -0.0465402895209879 0.9988657549787744 0.0100600686869314 5.6430366251350321 -0.0101221872457595 -0.0105420410304575 0.9998931976447655 0.5115474807839387
0.9967648860496923 0.0794180481998071 0.0123505286719707 81.9688255097182008 -0.0795424685630815 0.9967820034386478 0.0099314306988873 5.5984789083699971 -0.0115220498712361 -0.0108816929275145 0.9998744076761821 0.5046637670252923
0.9930503229226502 0.1169131037689210 0.0135048994938073 82.4335713999183497 -0.1170509084483485 0.9930765059893011 0.0099064667514715 5.5399756296194127 -0.0122532026277487 -0.0114183807608250 0.9998597299652408 0.5081691633906499
0.9872455836885392 0.1585539401099531 0.0143807358325299 82.8419537702441033 -0.1587066377614196 0.9872733336780568 0.0101768236047297 5.4793551049038385 -0.0125841415257914 -0.0123293423922627 0.9998448013057992 0.5138670195808412
0.9789076577058464 0.2037730534058692 0.0147085142180386 83.2656700513416013 -0.2039307948467388 0.9789326700350955 0.0101517708374482 5.3836382694768510 -0.0123299877546902 -0.0129371652075521 0.9998402878251914 0.5099212560777161
0.9675489641930265 0.2522613919903905 0.0146010958517557 83.6909894851373366 -0.2524217554477156 0.9675612672231397 0.0104140072136392 5.2515398259366481 -0.0115004028492607 -0.0137616961390158 0.9998391652929396 0.5066545012187476
0.9521831166408081 0.3052248577719393 0.0136050939833795 84.0546300935621957 -0.3053726865562955 0.9521746145909655 0.0105368702154245 5.1337116032187886 -0.0097383104072339 -0.0141876540219181 0.9998519269290662 0.5193833616081114
0.9327658269953139 0.3602621843987756 0.0126123146952040 84.4702486005975430 -0.3603953421389983 0.9327393920962878 0.0106030088353250 4.9337182392093384 -0.0079441396175179 -0.0144355437746633 0.9998642436459397 0.5151035070332138
0.9086391861974309 0.4174044302010833 0.0121807616748512 84.7972897749656340 -0.4175298362974770 0.9086004023298049 0.0106838517173754 4.7814360861648328 -0.0066079579200093 -0.0147935977580092 0.9998687335633121 0.5128651582459636
0.8800859921959620 0.4746785065454495 0.0113561333309739 85.1396407023786281 -0.4747899565791484 0.8800314050125031 0.0109189433229686 4.5554164628186191 -0.0048107662611651 -0.0150013871192464 0.9998758997558042 0.5009641641500575
0.8470989487812698 0.5313471241620120 0.0096749479805862 85.4858560435629329 -0.5314275561080832 0.8470440162635685 0.0100591809345286 4.2787247789330936 -0.0028501899336297 -0.0136626555560356 0.9999025993868099 0.5289156996724379
0.8106837710619399 0.5854207054445497 0.0086267591596087 85.7533321450293613 -0.5854830373093323 0.8106242284770655 0.0098981427046340 4.0505739332470281 -0.0011984823032776 -0.0130750848092057 0.9999137991834101 0.5241257647525730
0.7710106634646472 0.6367462164916491 0.0098393397834743 86.0718996273804322 -0.6368201610632986 0.7709555361620909 0.0093618227037947 3.7575522594153838 -0.0016245882921425 -0.0134839550797598 0.9999077675807344 0.5416905838870566
0.7284754532165201 0.6849609093771366 0.0123315321931957 86.2937719573224911 -0.6850671245508732 0.7284195846174946 0.0093778251889991 3.4910918939217610 -0.0025590858884282 -0.0152794427556405 0.9998799876527646 0.5364843566770925
0.6835089518110361 0.7298245362199849 0.0131018748834968 86.5323689883291109 -0.7299385407134149 0.6834517650049218 0.0091330002095464 3.1966835043041257 -0.0022890118717703 -0.0158060508331864 0.9998724564571772 0.5382092453387968
0.6368032078949908 0.7709460542390926 0.0111290551181651 86.7795370829469590 -0.7710171118891597 0.6367999780700659 0.0042896508088975 2.8692282499378283 -0.0037798926900050 -0.0113123553311181 0.9999288689842466 0.5351785136843247
0.5903643730782748 0.8071047609487050 0.0071980451394550 86.9410576770928429 -0.8071348078639728 0.5903594958701911 0.0030112406548872 2.5701828189732239 -0.0018190476308578 -0.0075875219820406 0.9999695598246422 0.5693560974402894
0.5434208920741885 0.8394201610786353 0.0082174954828680 87.1778567433886309 -0.8394592250740597 0.5434103621326229 0.0036589294815350 2.2340699261001999 -0.0013940930214030 -0.0088865911129902 0.9999595416830814 0.5527996048340867
0.4964945507597959 0.8679676507682432 0.0111945650065252 87.2877493226704502 -0.8680389967960360 0.4964707385591255 0.0050105684196085 1.9307487774338639 -0.0012087626564566 -0.0122050388943769 0.9999247851305753 0.5370320190606235
0.4509730514513490 0.8924585809178067 0.0118738456632119 87.4441565374700076 -0.8925374717123760 0.4509269773180071 0.0064593123570141 1.5852125657797309 0.0004104314057930 -0.0135108279916661 0.9999086403632288 0.5462622193201242
0.4077723805777997 0.9130631453765508 0.0061137707671947 87.6057792876351868 -0.9130815485695343 0.4077480766350722 0.0048571248965239 1.2117765379865131 0.0019419834641955 -0.0075629726615286 0.9999695146076933 0.5366400150126720
0.3687425465975339 0.9295159637460865 -0.0053858583298668 87.6798755916963160 -0.9295314162673568 0.3687329955514490 -0.0027063192082393 0.8726054811594421 -0.0005296232314636 0.0060042595579284 0.9999818340181954 0.5801724251358360
0.3333003442352621 0.9427739423265068 -0.0093901119691073 87.7760712203470490 -0.9428156158790338 0.3332492928377269 -0.0066047920325533 0.4994609501357379 -0.0030975776494049 0.0110545236573793 0.9999340990882420 0.5762958637568090
0.2996318293147773 0.9540275885854165 -0.0072199085434293 87.8937496690926707 -0.9540542877051786 0.2996144274898449 -0.0034074845996543 0.1347945275054494 -0.0010876455509815 0.0079091755466543 0.9999681304768305 0.5914635153691912
0.2686147986600590 0.9632467541582429 0.0013343704228420 87.9879153258852824 -0.9632406783300210 0.2686073076330174 0.0041844828189921 -0.2099157860790377 0.0036722678465604 -0.0024093338811619 0.9999903547330405 0.5682792709280644
0.2400809478228090 0.9707304708607335 0.0065948036362572 88.0903887599156121 -0.9707258671655449 0.2400180567696506 0.0090897326815641 -0.6037368328951302 0.0072408085324210 -0.0085840181162381 0.9999369406741492 0.5687976450622614
0.2140001806604157 0.9768199094377618 0.0051756355467488 88.1704468228357001 -0.9767973300618317 0.2139435554507187 0.0097535155294244 -0.9992911633983914 0.0084201342855636 -0.0071428010688083 0.9999390390076309 0.5843856973174661
0.1905975628747579 0.9816669418323106 -0.0016075881941139 88.2307647211811172 -0.9816116087420869 0.1906039012190685 0.0104308399874566 -1.4031308882391142 0.0105460233725805 -0.0004100654469269 0.9999443050677144 0.5924250302587697
0.1698201606703669 0.9854391328353582 -0.0084159673590193 88.2808296031957269 -0.9853289644639243 0.1699358423166638 0.0157683634083187 -1.7956608595474821 0.0169689368653909 0.0056147103953153 0.9998402523447609 0.6083041803879903
0.1503228973773787 0.9885701670218199 -0.0114913619089011 88.3513688236031243 -0.9883282691362762 0.1505562488321787 0.0232389406745546 -2.2434102565735814 0.0247034198070317 0.0078638929312626 0.9996638936351574 0.5943933445291195
0.1324233757610291 0.9911509358359251 -0.0091581626772905 88.4261719537829975 -0.9908715951095594 0.1326101179488198 0.0242495076782584 -2.6675048168702107 0.0252493872616962 0.0058633615930217 0.9996639882649261 0.5926789575657828
0.1170280731510560 0.9931074833543253 -0.0064773914649240 88.4589725240797691 -0.9929210855632428 0.1171344569045977 0.0196783345224371 -3.1093227162869357 0.0203014270055844 0.0041286209929877 0.9997853802442969 0.6088324600599681
0.1023875451241864 0.9947210168696923 -0.0068475689970024 88.5076150947189433 -0.9945981555578549 0.1024881568115449 0.0164525582900011 -3.5896843862985808 0.0170675002374805 0.0051260424401479 0.9998411994534659 0.6357792592315488
0.0888977829790903 0.9960142034522760 -0.0072725994480069 88.5528287306402575 -0.9959350995094937 0.0889923299440182 0.0139155587796629 -4.0785495894757346 0.0145072997631470 0.0060059747305162 0.9998767256622781 0.6368858308907452
0.0771008143128751 0.9969690194597912 -0.0104037815083752 88.5726794965945032 -0.9969314296186601 0.0772311669191749 0.0127699449801879 -4.5716782376669229 0.0135347357117174 0.0093872836158815 0.9998643357153654 0.6578807140827218
0.0670514606487292 0.9976552031717443 -0.0137184987960624 88.6029543840517135 -0.9976492207956613 0.0672333330341458 0.0132556091874159 -5.0764421215749191 0.0141468678753208 0.0127974416765729 0.9998180292512497 0.6644311843040178
0.0590223961301395 0.9981477497543949 -0.0147453862375671 88.6194402978231608 -0.9981531163559298 0.0592225787064311 0.0135293192846715 -5.6013921838328367 0.0143775193967147 0.0139196203827084 0.9997997455012670 0.6774334534572765
0.0532573839192366 0.9984196169541679 -0.0179421163515288 88.6552515415937847 -0.9984735991409670 0.0535063617988361 0.0136945633568825 -6.1650237381083368 0.0146329380700750 0.0171853928714132 0.9997452372456157 0.6809793606908985
0.0474638297494112 0.9986921944413192 -0.0190022532216937 88.6865506805569908 -0.9987522277613090 0.0477452707587795 0.0146416072202907 -6.7292217469982889 0.0155297265700766 0.0182835959852894 0.9997122274487320 0.6975705638985593
0.0413385488112852 0.9989556510670263 -0.0194610272963718 88.7107865823793418 -0.9990132507202605 0.0416417835397876 0.0154430161873659 -7.3104473726674808 0.0162372801760261 0.0188034322632493 0.9996913431992930 0.6962774942225999
0.0369681587663202 0.9990796822334546 -0.0217518685571650 88.7260861923454627 -0.9991890240792677 0.0373022731900465 0.0151602959857717 -7.9022456654273494 0.0159577378393433 0.0211737800865878 0.9996484490259041 0.7033156038809076
0.0338700154360381 0.9991506713391916 -0.0234682342072409 88.7419916552512973 -0.9993005332797023 0.0342288483072907 0.0150608807995965 -8.5175895729639688 0.0158513797905960 0.0229417066932661 0.9996111303165519 0.7196027305645957
0.0309157613567104 0.9992370988084238 -0.0238628595239411 88.7862633785250210 -0.9993964010078908 0.0312815235487719 0.0151095975109498 -9.1662847555241722 0.0158445369831436 0.0233813312151392 0.9996010524196129 0.7321774334153315
0.0280974644911417 0.9992581448833558 -0.0263380404252772 88.7927878306478817 -0.9994833070511301 0.0284957290644284 0.0148698470477529 -9.8422336621805719 0.0156093374396834 0.0259066267460895 0.9995424929813304 0.7497399856511933
0.0273128445254061 0.9991755477453140 -0.0300371988005359 88.7966715753845506 -0.9995087436924425 0.0277593417454960 0.0145495782829729 -10.5055686449579344 0.0153713957169343 0.0296250524676107 0.9994428830403490 0.7577301352164982
0.0282893689773417 0.9989949172012560 -0.0347687648460437 88.8098253297176683 -0.9994833636492169 0.0287997835293766 0.0142680852642627 -11.2150925885150716 0.0152550775583424 0.0343471669096115 0.9992935278155124 0.7721763351753732
0.0309208743169457 0.9988806361087251 -0.0357962894516340 88.8305313563368770 -0.9994071015183877 0.0314401141031955 0.0140344098484423 -11.9180394486341719 0.0151441396616530 0.0353411096629345 0.9992605571129588 0.7841330278086780
0.0346320935033909 0.9986660951140580 -0.0382968480323412 88.8605410395283997 -0.9992780250528255 0.0352014205707060 0.0142929575781041 -12.6494143282395655 0.0156219955862750 0.0377742036242212 0.9991641821014494 0.8056397601438900
0.0385936002204872 0.9985155844769908 -0.0384338597930887 88.9136656418945392 -0.9991405304004410 0.0391427649344191 0.0136398117440984 -13.3785200982342420 0.0151239721352179 0.0378744176174684 0.9991680509088502 0.8170229833844270
0.0429477976425211 0.9982137520542181 -0.0415306138589003 88.9120501821408453 -0.9989852079105880 0.0434711716452985 0.0117818339669351 -14.1425032220290721 0.0135661731338090 0.0409824650994182 0.9990677637181967 0.8146638143725511
0.0470479674838958 0.9981034645819636 -0.0396983972612953 88.9551486359750072 -0.9988154472045342 0.0475012085531883 0.0105516639253421 -14.9147626929150121 0.0124173741685246 0.0391549380725834 0.9991559936482847 0.8427487776159495
0.0512200408185343 0.9979643819839076 -0.0379947326615837 89.0209458114336343 -0.9986248712509586 0.0516054518960030 0.0092327598049392 -15.6972140203965598 0.0111747007814109 0.0374695826783119 0.9992352858242943 0.8408015707658286
0.0557029863637321 0.9979251338171171 -0.0322893884465342 89.0657517897834197 -0.9984034444331722 0.0559747941665665 0.0075752598627701 -16.5219216773659667 0.0093669340843133 0.0318158720468228 0.9994498540856166 0.8495845286437738
0.0594255639578690 0.9976201722270466 -0.0349656161674193 89.1082922504082831 -0.9981772693218225 0.0597550573814091 0.0084541189117903 -17.3064572580440412 0.0105233719652686 0.0343994924820495 0.9993527573181844 0.8628363360115310
0.0622692099586653 0.9975766463460929 -0.0310383658720295 89.1756291803785075 -0.9979633737029192 0.0626644647715949 0.0119276821879731 -18.1617926114980861 0.0138437797805159 0.0302324249733929 0.9994470222286005 0.8938993303960137
0.0639849387483695 0.9975703704444954 -0.0275551016075018 89.2344310326105727 -0.9977674172653745 0.0644781912181677 0.0173995373736583 -18.9680631377502351 0.0191339660538877 0.0263802742302985 0.9994688451745671 0.9028559011475094
0.0637990549689359 0.9976539042965795 -0.0248267562694335 89.2920589978872528 -0.9977312040451101 0.0643003950979314 0.0199475227771495 -19.7542310532259471 0.0214970942167928 0.0234977963230830 0.9994927355955086 0.9249916989561852
0.0643167415952514 0.9976797410783624 -0.0223269118415858 89.3627643309413600 -0.9977028841024458 0.0647628510571168 0.0198677672780778 -20.5705211629860081 0.0212676233799598 0.0209977942833524 0.9995532906408753 0.9492802994815991
0.0642759641011669 0.9977273647386605 -0.0202164806658679 89.4137308814127465 -0.9977407414924088 0.0646472200905029 0.0182797620539375 -21.3823912775210516 0.0195451580971865 0.0189958570803733 0.9996285030993954 0.9672308217625248
0.0640955414264598 0.9977290412100082 -0.0207007704061248 89.4743508063952362 -0.9977778020163681 0.0644493893181851 0.0169036688295306 -22.2318888643183747 0.0181994333053098 0.0195713193901463 0.9996428082493739 1.0010682424702233
0.0646055266169860 0.9977415733434205 -0.0183814785242577 89.5172323737544531 -0.9977546256204524 0.0649104063880426 0.0165029147586204 -23.0470519910391296 0.0176587933770410 0.0172740257246253 0.9996948409648476 1.0164784818926202
0.0646216193248392 0.9977483572538538 -0.0179516548839322 89.5894930545946835 -0.9977593042338299 0.0649138683488932 0.0162037190424482 -23.8484669695929625 0.0173325454177861 0.0168643201232303 0.9997075460233966 1.0444676420727337
0.0651199209893265 0.9977594366064022 -0.0153460924413700 89.6495520552163612 -0.9977162136327082 0.0653781418457956 0.0169722014837036 -24.6833695682467003 0.0179374731987610 0.0142058168250275 0.9997381866386706 1.0679797209139661
0.0641290571085181 0.9978597278354160 -0.0127838804203661 89.7055772982931217 -0.9977602762775117 0.0643563419582193 0.0182398556019671 -25.4645721760163113 0.0190235411266222 0.0115855433185735 0.9997519092600009 1.0893732388220847
0.0614089791187059 0.9980573977076711 -0.0105056253783644 89.7736334073603501 -0.9979448476201681 0.0615882692716767 0.0176908506431808 -26.2887095743226951 0.0183035076408382 0.0093976576396272 0.9997883104132245 1.1274735710249151
0.0576605823627617 0.9982970756299621 -0.0088434173402136 89.8217557246406955 -0.9981885519796168 0.0578021544764558 0.0166890872942780 -27.1182530312456400 0.0171718356160097 0.0078650954568882 0.9998216182574924 1.1417001765262873
0.0527312208726776 0.9985924171714979 -0.0057098785330675 89.8799986648968030 -0.9984915019549361 0.0528117820664301 0.0150211916552663 -27.9466411260916097 0.0153015969445428 0.0049091794175182 0.9998708722072033 1.1773094464199654
0.0461912763197633 0.9989163480925093 -0.0057004829160753 89.9412524200746759 -0.9988383897201946 0.0462645449238276 0.0134708241826683 -28.7759520247135576 0.0137199567463056 0.0050716266144435 0.9998930149722836 1.1885192129968341
0.0391477462408291 0.9992230422695841 -0.0045569465413618 89.9748035605880574 -0.9991467136448592 0.0392040227560988 0.0129957382405685 -29.5969380309687153 0.0131642917371859 0.0040443042982029 0.9999051680163483 1.2128047769956567
0.0302720853119356 0.9995332076453621 -0.0041191825694278 90.0181272291206511 -0.9994493067903397 0.0303250606144371 0.0134712232198914 -30.4055218470038326 0.0135898494169846 0.0037091121449887 0.9999007743170917 1.2306376548560309
0.0201156320355468 0.9997902587894452 -0.0038470479000017 90.0348530379021952 -0.9997057312789701 0.0201658119241581 0.0134829847370350 -31.2103841719942459 0.0135577356439090 0.0035746970744253 0.9999016998410574 1.2477408506578100
0.0102057372938061 0.9999340112120346 -0.0052741016012333 90.0293694203913617 -0.9998563505399126 0.0102760385483753 0.0134789212016176 -31.9832188899169765 0.0135322286153068 0.0051357816505982 0.9998952457810470 1.2706421745225358
-0.0005170587017369 0.9999921907192247 -0.0039180544744879 90.0565616147785732 -0.9999230336002806 -0.0004684469939000 0.0123978801827763 -32.8059595221541969 0.0123959479634084 0.0039241633477727 0.9999154671351517 1.2936302429506221
-0.0117223024376738 0.9999223164999858 -0.0042365777299708 90.0282345612992287 -0.9998639089226555 -0.0116722213236309 0.0116585969687564 -33.5904590952262154 0.0116082410152197 0.0043726667692099 0.9999230613031475 1.3160796471699630
-0.0229754525554575 0.9997269345779594 -0.0042643709065444 90.0211383498966455 -0.9996723443054694 -0.0229256346503457 0.0113850475047803 -34.3808176779687145 0.0112841752325614 0.0045245502799210 0.9999260951860819 1.3242442635715841
