1.0000000000000000 0.0000000000000002 -0.0000000000000063 0.0000000000000033 -0.0000000000000002 1.0000000000000000 0.0000000000000059 -0.0000000000000027 0.0000000000000063 -0.0000000000000059 1.0000000000000000 0.0000000000000015
0.9999973865783518 -0.0013666961795108 0.0018327514887323 1.5612625473260116 0.0013699265585551 0.9999975084640759 -0.0017624888268315 -0.0200798849453678 -0.0018303381356201 0.0017649949556447 0.9999967673223328 0.0155886341559159
0.9999930998946864 -0.0022896485752981 0.0029253499649443 3.0632576095193431 0.0022963363502559 0.9999947531693316 -0.0022848354807495 -0.0207749327134197 -0.0029201031458251 0.0022915373026058 0.9999931109034744 0.0340532033340842
0.9999880297957138 -0.0039711994626820 0.0028582932169669 4.5825508021224008 0.0039748295435786 0.9999912996342327 -0.0012654587854513 0.0070236949528153 -0.0028532429595216 0.0012768048659742 0.9999951143750394 0.0373507881095436
0.9999835302325661 -0.0049689285941649 0.0028721093712686 6.0944359289312926 0.0049718006723310 0.9999871467808781 -0.0009937158110786 0.0123779389423742 -0.0028671347525094 0.0010079790001133 0.9999953817476590 0.0446025560546178
0.9999749801956888 -0.0063653040009595 0.0030857555974508 7.6024938271298534 0.0063678352183486 0.9999793961337953 -0.0008111612183908 0.0199852489421147 -0.0030805287312065 0.0008307905064645 0.9999949100519815 0.0602344837071670
0.9999635657805568 -0.0079164857210484 0.0031931747935902 9.1183746965600214 0.0079203961397317 0.9999678964474873 -0.0012138366352853 0.0352546052841460 -0.0031834629609446 0.0012390836194036 0.9999941651006572 0.0652495237525429
0.9999530337579098 -0.0092337309223170 0.0029442302231194 10.6310179522237274 0.0092398742573292 0.9999551484946153 -0.0020798372101097 0.0541886234032402 -0.0029248935128013 0.0021069438450180 0.9999935028716800 0.0888394583305187
0.9999368366681454 -0.0108990847319043 0.0027445630088390 12.1341966752217001 0.0109070699000033 0.9999362775060688 -0.0029114864764539 0.0777492661638211 -0.0027126555806367 0.0029412377178498 0.9999919952781562 0.0957903383596252
0.9999258541269866 -0.0118512845806444 0.0027988037095900 13.6207100330723723 0.0118601393906803 0.9999246454817837 -0.0031686671902727 0.1005609203926465 -0.0027610400304716 0.0032016264488005 0.9999910630830819 0.1132836415523372
0.9999155435943246 -0.0126846447125076 0.0028293933950419 15.1030073680273951 0.0126922995601836 0.9999157930714370 -0.0027041261423582 0.1407084080382693 -0.0027948542611408 0.0027398092701272 0.9999923410880817 0.1189742406827656
0.9999027724253723 -0.0135730344569464 0.0031966281742874 16.6088837732743499 0.0135789671082613 0.9999061057182121 -0.0018415753344043 0.1595477526482842 -0.0031713322637119 0.0018848031913370 0.9999931950611479 0.1387899228080184
0.9998942900108394 -0.0139896301968762 0.0039622027552798 18.0920247112573946 0.0139908554687728 0.9999020835130888 -0.0002816903191562 0.1964917440203650 -0.0039578740469105 0.0003370951477627 0.9999921107688251 0.1460073039372022
0.9998851612738845 -0.0144448380778702 0.0045837667046010 19.5605896977034490 0.0144437691991516 0.9998956478877432 0.0002662075728817 0.2293050769265239 -0.0045871337041486 -0.0001999701335991 0.9999894590526072 0.1550491338425395
0.9998732580835885 -0.0151378493338910 0.0049308505203433 21.0492382146491259 0.0151356359767320 0.9998853316434777 0.0004858886625258 0.2593159700990703 -0.0049376404171843 -0.0004111955215339 0.9999877252373419 0.1727342622785464
0.9998726109148901 -0.0152088267512665 0.0048428845836786 22.5145555634062475 0.0152043118234573 0.9998839394569352 0.0009677386295114 0.2975356479236392 -0.0048570406850206 -0.0008939826228375 0.9999878049010669 0.1770231158004929
0.9998607724766504 -0.0157229808973598 0.0055878022600302 23.9797893431472637 0.0157123363718142 0.9998746642461614 0.0019437809456858 0.3212828737471798 -0.0056176639392993 -0.0018557128891900 0.9999824989376254 0.1907204991196419
0.9998571742994176 -0.0156696176141810 0.0063319890879208 25.4321757930586863 0.0156547391373332 0.9998745946653880 0.0023925060643766 0.3543984804936465 -0.0063686846778789 -0.0022930387156300 0.9999770906520421 0.1966092861645501
0.9998678498100967 -0.0152778704102932 0.0055560410239818 26.8552764092468266 0.0152624331592144 0.9998795728357257 0.0028103309248700 0.3800422786804338 -0.0055983077973969 -0.0027251608343462 0.9999806160362472 0.2109009956096076
0.9998755123503489 -0.0153079734912419 0.0038243626552456 28.3050931295870463 0.0152958610143831 0.9998779654360820 0.0031766131697101 0.4082781537752708 -0.0038725234610106 -0.0031177208009595 0.9999876416131608 0.2180476514224337
0.9998779855791106 -0.0151655379265470 0.0037443842829690 29.7379014567267390 0.0151572251958826 0.9998826168433010 0.0022385394689017 0.4324803673608670 -0.0037778934105377 -0.0021815118590078 0.9999904842184187 0.2285181930830639
0.9998811132879729 -0.0142890376642324 0.0057950576040289 31.1538979406542182 0.0142856127248527 0.9998977557108581 0.0006319758417575 0.4672521957732175 -0.0058034954190894 -0.0005491147595782 0.9999830088126005 0.2381102990614240
0.9998705662911531 -0.0144527590708999 0.0070688344051480 32.5900357699649277 0.0144584957543699 0.9998951808089922 -0.0007611146258979 0.4885764971731282 -0.0070570932493309 0.0008632208242442 0.9999747258229474 0.2519025743114192
0.9998769852162592 -0.0141652966187597 0.0067348946945797 33.9872941342129877 0.0141759247986762 0.9998983414205002 -0.0015329646555328 0.5160009896171908 -0.0067124951357003 0.0016282494389346 0.9999761453218861 0.2592260583450524
0.9998871524472455 -0.0139453405842726 0.0055865773893735 35.3455136335507234 0.0139533967628382 0.9999016585464662 -0.0014056865955813 0.5417369776330700 -0.0055664252189027 0.0014834796981493 0.9999834069614693 0.2716106907629744
0.9998980155383259 -0.0135224091736536 0.0045937971938351 36.7178905326524898 0.0135268114415838 0.9999080773204578 -0.0009285911528850 0.5670549138231016 -0.0045808181301634 0.0009906358794580 0.9999890173125966 0.2754354314349440
0.9999201547959167 -0.0120189395287971 0.0039024512185456 38.1077821541571140 0.0120204941428859 0.9999276808736155 -0.0003751576651706 0.6015593595712482 -0.0038976599993913 0.0004220371026457 0.9999923150360772 0.2967043962638459
0.9999300129131791 -0.0108975073764847 0.0046058233171802 39.4386244953880478 0.0108974139887691 0.9999406203918922 0.0000453721827293 0.6579750104212209 -0.0046060442688925 0.0000048225561840 0.9999893921102043 0.3092519625687075
0.9999361629155371 -0.0094405783582448 0.0062085081955594 40.7576458200235052 0.0094388111080631 0.9999554041647120 0.0003138895568424 0.6833292670603371 -0.0062111946209078 -0.0002552685829275 0.9999806777629915 0.3246781207072377
0.9999450805198378 -0.0074923156523264 0.0073281068729224 42.0670494734376987 0.0074927179130457 0.9999719288186675 -0.0000274399242864 0.6950606942398957 -0.0073276955757313 0.0000823458549355 0.9999731486878584 0.3442556272154864
0.9999526881229613 -0.0055672623322392 0.0079766600646933 43.3472959179201993 0.0055641277721139 0.9999844339639525 0.0004151047206840 0.7124168648886900 -0.0079788468965906 -0.0003707019255058 0.9999680997823297 0.3506056967294533
0.9999671936791477 -0.0022001250464656 0.0077955766451194 44.6005889142054670 0.0021991660010067 0.9999975731729883 0.0001315942012025 0.7150957612985487 -0.0077958472503015 -0.0001144461169648 0.9999696053719515 0.3556376410103237
0.9999784956808819 0.0018084651881628 0.0063037789827755 45.8896763385371429 -0.0018055580914354 0.9999982610143905 -0.0004668277771046 0.7344619498408713 -0.0063046122623783 0.0004554358991421 0.9999800220216216 0.3710443578341901
0.9999725120719938 0.0056160612058270 0.0048409665314428 47.1214671686920781 -0.0056140046940478 0.9999841452971937 -0.0004382984556685 0.7256401610183469 -0.0048433512903106 0.0004111091989209 0.9999881863989720 0.3833465720168531
0.9999455883455924 0.0090836587255318 0.0051290829926103 48.3245323706397087 -0.0090814918581877 0.9999586631190406 -0.0004455993838345 0.7149487424568733 -0.0051329186450483 0.0003989954125975 0.9999867468865995 0.3885226307879697
0.9998806372147965 0.0145823818167335 0.0051054347007364 49.5224910591122054 -0.0145826197807943 0.9998936679028629 0.0000093855255966 0.7129992571840292 -0.0051047549658401 -0.0000838350183707 0.9999869671392865 0.4030443582795896
0.9997693777440217 0.0209991729969970 0.0044973390770164 50.7475683454044244 -0.0210047582689781 0.9997786576199489 0.0011982894953763 0.7092221493522929 -0.0044711805368673 -0.0012924786633159 0.9999891689631001 0.4146665919468813
0.9995762380683032 0.0287575698670843 0.0045107055499661 51.9390483963655072 -0.0287691070020212 0.9995829221017222 0.0025140256340473 0.6846279346606547 -0.0044365269665568 -0.0026427292563099 0.9999866665163856 0.4283610664961207
0.9993101442392313 0.0367370307619214 0.0054429947055344 53.1058180463643197 -0.0367555722417660 0.9993186822994247 0.0033465081087396 0.6759007792291378 -0.0053163455255615 -0.0035442598859531 0.9999795871377144 0.4404981648589421
0.9988712704826335 0.0471042689899286 0.0061133335696816 54.2891896596277377 -0.0471377593322992 0.9988735036010779 0.0054548555285839 0.6204433381719986 -0.0058494999393104 -0.0057368673186615 0.9999664352886192 0.4486934937525926
0.9981863913366275 0.0598436902663781 0.0065315301165290 55.4229377630929108 -0.0598929628744445 0.9981756554406643 0.0076284915756959 0.5801642621064006 -0.0060630972680412 -0.0080058491680684 0.9999495713437835 0.4625980377450607
0.9971711828093903 0.0747773794221260 0.0076141776496826 56.5587550043000178 -0.0748523628091057 0.9971435658497875 0.0100912271931863 0.5015018316274210 -0.0068378327279585 -0.0106326201441549 0.9999200925236249 0.4721691987665310
0.9957967038443255 0.0911350507812022 0.0091283696180791 57.6926830795980621 -0.0912410974226561 0.9957569441699550 0.0119653783234166 0.4213265209754153 -0.0079991720750315 -0.0127479667563418 0.9998867448814857 0.4699496885343076
0.9940504723719802 0.1084173988640497 0.0104559074496968 58.8078190314127696 -0.1085453152716189 0.9940121760889112 0.0125581973058291 0.3197707389372524 -0.0090317722307378 -0.0136184217345781 0.9998664739253094 0.4801680463925975
0.9917922440680758 0.1274437548100091 0.0103069862877871 59.9020858409004475 -0.1275653863715689 0.9917556632463610 0.0121563406764916 0.1718381498942456 -0.0086727623213538 -0.0133713790873216 0.9998729866413136 0.4911765075807384
0.9888993690976785 0.1482748010345881 0.0096239896283579 60.9912570184379987 -0.1483821009932845 0.9888620675146911 0.0116001523864678 0.0309440228973820 -0.0077967879945635 -0.0128994111774083 0.9998864011917774 0.4980313784629590
0.9856256715294697 0.1686908285431521 0.0092433753308444 62.0555093457240758 -0.1687720028465726 0.9856154568605531 0.0088420728746017 -0.1299975199904123 -0.0076188370003883 -0.0102749969823910 0.9999181855330832 0.4947182108124466
0.9815139974632445 0.1910887270089541 0.0107410983525614 63.1104519101846151 -0.1911373885139607 0.9815563450190393 0.0036932729289620 -0.3434586053283704 -0.0098372504179382 -0.0056780245651085 0.9999354921899977 0.5146305448249491
0.9767347547507499 0.2141521161621079 0.0113176855091229 64.1293093947803641 -0.2141458588982265 0.9768000801648993 -0.0017760930682956 -0.5559439162308849 -0.0114354702016688 -0.0006888636566149 0.9999343755907831 0.5057459974790012
0.9712033123897659 0.2380465631907862 0.0098974621091425 65.1481678993774693 -0.2379854294683569 0.9712437117311015 -0.0069704937812691 -0.7975353521772180 -0.0112721499239754 0.0044143148786698 0.9999267235454022 0.5159700551404737
0.9646026146361292 0.2636145068420582 0.0070133885933740 66.1589615762769370 -0.2635139043466931 0.9645721205766278 -0.0126904067022816 -1.0797981130448882 -0.0101102944123858 0.0103930740748762 0.9998948774537096 0.5401380311115378
0.9571757834129648 0.2894390057455012 0.0062913910093768 67.1181835691814825 -0.2893060058143576 0.9570945179498627 -0.0164960210372941 -1.3499076013619797 -0.0107960477731449 0.0139694546556296 0.9998441376980236 0.5364401601497071
0.9483577995581417 0.3171121228965213 0.0075753237093288 68.1041805589402287 -0.3169303757749869 0.9482628730494301 -0.0187792573646045 -1.6910911064967780 -0.0131385283941975 0.0154086050018177 0.9997949559602373 0.5257453969333910
0.9387909106050099 0.3443828615949818 0.0084894525776462 69.0300995218241980 -0.3441091817389971 0.9386297774250623 -0.0237278733538431 -2.0107180363025234 -0.0161399259085765 0.0193542132526688 0.9996824081782353 0.5232049780674183
0.9277535393287077 0.3731330862381327 0.0067134355930507 69.9347818154628555 -0.3728334427494877 0.9274985167980706 -0.0272346342906169 -2.3782157387043052 -0.0163888447005987 0.0227640350506088 0.9996065248274415 0.5374180453717859
0.9153480092688984 0.4026579533338189 0.0021434888581037 70.8648082693543131 -0.4024632183064399 0.9150473418088121 -0.0266780838714065 -2.7642573640263888 -0.0127035364323331 0.0235570555385642 0.9996417784869065 0.5171753556775371
0.9025403598800210 0.4305864217397739 -0.0040289205725235 71.7047052228774788 -0.4305279264522407 0.9021614213688426 -0.0273947867026476 -3.1757401421789866 -0.0081610864703274 0.0264594634693733 0.9996165732222214 0.5331020974138697
0.8881410234055696 0.4594933066840070 -0.0084512517832946 72.5473313084998637 -0.4595333731990077 0.8876827203117523 -0.0291284564690413 -3.5983032711481813 -0.0058823006085264 0.0297538093783704 0.9995399488599875 0.5382707850643250
0.8721634027480407 0.4891694189849284 -0.0066542044533048 73.4201242822359461 -0.4891331159742616 0.8716889700985238 -0.0301186697230240 -4.0816781787800416 -0.0089327355422844 0.0295231932304518 0.9995241804464807 0.5495117177794979
0.8546882415145968 0.5191412501211280 -0.0006101142177370 74.2295618288415398 -0.5189345394179395 0.8543135529704993 -0.0292454613574969 -4.5630628346218263 -0.0146612965244273 0.0253123612804958 0.9995720738149043 0.5332691696094213
0.8345565265989987 0.5509195398245386 0.0017505857686782 75.0382867639390838 -0.5506370984667990 0.8342224850238051 -0.0295234021205546 -5.0895570193668833 -0.0177253971205048 0.0236750104588333 0.9995625564099000 0.5137813457146460
0.8133918533705085 0.5817161219792054 0.0002151742634587 75.8195039724403301 -0.5815377134557788 0.8131514415554922 -0.0244667309800342 -5.5932504434162951 -0.0144076611257310 0.0197759077086013 0.9997006215738725 0.5289558071702093
0.7911743948044020 0.6115811128128741 -0.0034087323823924 76.5680588670203690 -0.6115412507316771 0.7910274399909898 -0.0171139660756062 -6.1418980643867256 -0.0077701775671028 0.0156247122171086 0.9998477347620027 0.5296871418518408
0.7683204735889662 0.6400496278237215 -0.0044859543847780 77.2940109642421902 -0.6400396025367987 0.7682078387427008 -0.0143535249609729 -6.7630224366101697 -0.0057408229866006 0.0138992955571173 0.9998869198736687 0.5199476458623342
0.7450122276924240 0.6670408023132254 -0.0036535788071973 77.9818532371050850 -0.6669936352361171 0.7448654883317190 -0.0171725026382084 -7.3448758361724522 -0.0087333351751351 0.0152306382557798 0.9998458663789336 0.5325761321163717
0.7204798589591728 0.6934656969939378 -0.0037549869350825 78.6487686285606742 -0.6934078501519180 0.7203228028135302 -0.0179056721335783 -7.9543258118784683 -0.0097121666926500 0.0155044135513738 0.9998326294828360 0.5121764073936504
0.6946473119902976 0.7193223401081376 -0.0063626225730493 79.2887394777392558 -0.7193116679212365 0.6944907837717829 -0.0165310510380817 -8.6369366589462047 -0.0074723715795590 0.0160599588233512 0.9998431083852952 0.5443984485810550
0.6686010737755277 0.7435842250080379 -0.0074232382022258 79.8802581726544219 -0.7436013642299054 0.6684768015414210 -0.0139920304593456 -9.2640367362239413 -0.0054419905948974 0.0148750166435970 0.9998745514404384 0.5463153336168717
0.6411672952588765 0.7673665093429930 -0.0072897070700369 80.4866015216021680 -0.7673883220613137 0.6410727741800247 -0.0118685032353923 -9.9832498584538527 -0.0044342591645207 0.0132037321950018 0.9999029946958777 0.5321459958348412
0.6130719842988479 0.7899787104051502 -0.0087395179780667 81.0278911011697431 -0.7900206984541439 0.6129851774008208 -0.0107920480406232 -10.6710629505345675 -0.0031682932155791 0.0135207024040982 0.9999035716130831 0.5366979491544251
0.5846629402557477 0.8111991050623837 -0.0111918826607403 81.5944844673512506 -0.8112724813038423 0.5846469124852011 -0.0049948774387829 -11.3717420307140689 0.0024914595342615 0.0119999861462162 0.9999248936604588 0.5490664345147767
0.5539340284835526 0.8324296127029914 -0.0147659061059767 82.0864368313210662 -0.8324785451945537 0.5540412814709588 0.0042107263954349 -12.1667233549497240 0.0116860548835853 0.0099598353985176 0.9998821119512501 0.5551375152111635
0.5232821283132204 0.8519766726111236 -0.0176511618446094 82.5668361093325558 -0.8519366056712189 0.5235067446401245 0.0120294735421645 -12.9210280396092934 0.0194893331181043 0.0087428623904185 0.9997718380969899 0.5808718928206605
0.4911520262026832 0.8709215483008237 -0.0162893788185694 83.0539569790605441 -0.8707745161089229 0.4913876012539682 0.0170284300257711 -13.7187784106804624 0.0228348254267508 0.0058208280482466 0.9997223057972462 0.5984698586140905
0.4588253606672834 0.8884386886193066 -0.0124893944186300 83.5054257421405310 -0.8882892419655312 0.4589823329946984 0.0166565484733840 -14.5529297224523990 0.0205307334705710 0.0034517478399609 0.9997832637226979 0.6176825678690602
0.4250900634818033 0.9051297204007283 -0.0062150765349969 83.8763523684104229 -0.9050053532885178 0.4251348129806873 0.0150233588455164 -15.3635166641939858 0.0162403339916886 -0.0007616030300804 0.9998678270214834 0.6382491201728655
0.3909678124025566 0.9204040300831551 -0.0007688119705136 84.2611327654927180 -0.9202838589783868 0.3909300090619000 0.0158539243946558 -16.2597328897035993 0.0148925675760746 -0.0054908488915211 0.9998740230696278 0.6568934129745068
0.3563105668929218 0.9343453350062201 0.0064478579822457 84.6124756969216492 -0.9342503783602867 0.3561480913255969 0.0182966548526075 -17.1038004552934026 0.0147990017942374 -0.0125432052223032 0.9998118110667854 0.6837822815101280
0.3202917323427551 0.9472407162652700 0.0121750417713964 84.9839110522015915 -0.9471960133215483 0.3200166623949833 0.0202249385002905 -17.9831398214422329 0.0152616689992344 -0.0180100316166737 0.9997213212793474 0.6825609542602420
0.2840720570840811 0.9586614374614993 0.0164716334426899 85.2289246688245328 -0.9586989607393469 0.2837463422958413 0.0196039769186631 -18.9056562137929163 0.0141198109518065 -0.0213602799134998 0.9996721309412913 0.7109743407325553
0.2473248753301885 0.9687595108849280 0.0183143690282208 85.4821555621191038 -0.9688341828527985 0.2469861585976495 0.0189252106230480 -19.8310029295764139 0.0138105821331582 -0.0224242621098638 0.9996531499925219 0.7311138717064984
0.2114067645851155 0.9772172958476083 0.0188025685463967 85.6975726519824690 -0.9773057102778998 0.2110830494584343 0.0178183862776150 -20.7509391745025020 0.0134435317481544 -0.0221427850013636 0.9996644279589625 0.7592367668923234
0.1759657042076509 0.9842425025712388 0.0174002033037163 85.8648431155947378 -0.9843048558156676 0.1756809471960301 0.0167378496230405 -21.6780427779951843 0.0134172188028421 -0.0200723920998679 0.9997084961702515 0.7631891284476660
0.1411341864680481 0.9899255863927539 0.0113346731300373 86.0465637932649656 -0.9899011363662933 0.1409583890386450 0.0150490126038666 -22.6141563159282555 0.0132996853618249 -0.0133441359627586 0.9998225104510720 0.7983674274270905
0.1071526332836139 0.9941984055296821 0.0093724928714529 86.1222100708441616 -0.9941065389488722 0.1069772715341814 0.0175514271270618 -23.5912800576041626 0.0164469571496337 -0.0111979380843131 0.9998020322959831 0.8320331189879239
0.0749047762944908 0.9971578037506269 0.0080986978890729 86.2119808102480647 -0.9969295649851982 0.0746968431385732 0.0234909362000466 -24.5418079008821728 0.0228192231834378 -0.0098334146845126 0.9996912458399078 0.8118119087173593
0.0449967282095316 0.9989790611389876 0.0040161992361974 86.2780448128932846 -0.9986653496832715 0.0448798383709845 0.0255601144321317 -25.5236054191517781 0.0253537727454298 -0.0051609605367220 0.9996652193078999 0.8784251093066626
0.0196398058719717 0.9998053761756858 0.0018675640570270 86.2990622688841711 -0.9995136756647436 0.0195887542997289 0.0242629937175708 -26.4868371107474339 0.0242216883074921 -0.0023431763016644 0.9997038658224514 0.8981101630496848
-0.0039841268933036 0.9999918353583326 0.0006752403805364 86.3427431357856108 -0.9997621426984704 -0.0039976890788980 0.0214400678401875 -27.4927049693435102 0.0214425921908112 -0.0005896598188053 0.9997699072993929 0.9128793245435038
-0.0224905453709705 0.9997470078100671 -0.0003094248447220 86.2808803439049541 -0.9995595484988654 -0.0224803319934446 0.0193737884320396 -28.5044554604259055 0.0193619310416405 0.0007450156258230 0.9998122626663748 0.9404740713010002
-0.0396314323837652 0.9992140714864539 -0.0007674051571003 86.2630949059602870 -0.9989891988073962 -0.0396061865100563 0.0212586607359814 -29.4751416652053670 0.0212115589565683 0.0016091406385797 0.9997737146139807 0.9793500972422700
-0.0539558424713256 0.9985395783464527 -0.0027345088953549 86.2060741695004396 -0.9982049090768391 -0.0538660638063644 0.0261802724376317 -30.4450025847969243 0.0259947409702317 0.0041421788587588 0.9996534978662319 0.9907498341542365
-0.0665174470233951 0.9977664140044169 -0.0061328888997155 86.1548104554815097 -0.9973318557565800 -0.0663006888167381 0.0305514018591998 -31.4308993031646402 0.0300765479173740 0.0081487267221619 0.9995143818465952 1.0335453647646677
-0.0754885449709786 0.9970844169229818 -0.0111420423407355 86.0770752477608028 -0.9965892603327735 -0.0750680703992550 0.0342728901014901 -32.4111691441777339 0.0333365530242839 0.0136912503406618 0.9993504009588271 1.0600129376173331
-0.0821697848511942 0.9965242811216084 -0.0136924648099262 85.9972064158805267 -0.9958961541419376 -0.0815795526829544 0.0391870737533203 -33.4178659324081835 0.0379338453469661 0.0168562664641875 0.9991380733702829 1.1033260750304796
-0.0855897245230048 0.9962032093710588 -0.0159237148580057 85.8808144963202977 -0.9954055205279441 -0.0848108328553050 0.0444406608061013 -34.3925639867268345 0.0429214254023508 0.0196542175929862 0.9988851099962588 1.1336984364237550
-0.0888694282019484 0.9959054274688434 -0.0165711879223862 85.8095363807714335 -0.9949681869612977 -0.0879884348126694 0.0479201656316498 -35.4103028421069723 0.0462658801494886 0.0207464425219590 0.9987136994437776 1.1916683016121041
-0.0914551071504490 0.9956646072561187 -0.0169691848248342 85.7027836886108929 -0.9945831268766595 -0.0904838920227808 0.0511572968075603 -36.4180993791275043 0.0494000719467793 0.0215558609646943 0.9985464324455442 1.2393974890654118
-0.0939889271551864 0.9954185894785788 -0.0175474582972608 85.6331551000074285 -0.9941829384277059 -0.0929119365552249 0.0544762056756037 -37.3964318764014223 0.0525962594817338 0.0225655437788436 0.9983608714901117 1.2941791331577299
-0.0955365137574029 0.9952621957977349 -0.0180537019736539 85.5061033927290737 -0.9938483492217293 -0.0943487325491268 0.0579980638954234 -38.3955495043001491 0.0560199365255425 0.0234835747331049 0.9981534393215449 1.3522242054887810
-0.0980665894301651 0.9949888196414817 -0.0194985339445747 85.4006843147575125 -0.9935332827850812 -0.0967589254439887 0.0594081336621992 -39.4101487975637212 0.0572237715974448 0.0251983954921129 0.9980433261280728 1.4222246080604712
-0.1008180675449071 0.9947051147410108 -0.0199361973451096 85.3297378275011340 -0.9933044874853197 -0.0994995648778363 0.0587029107510643 -40.4230379913193758 0.0564084426131117 0.0257210283074738 0.9980764080493885 1.4737529105467575
-0.1027685841382302 0.9944963460885242 -0.0203871462151483 85.2204370108579354 -0.9931318169398503 -0.1014321070284601 0.0583157083942136 -41.4649807000616661 0.0559268477207096 0.0262401463475598 0.9980899971564103 1.5453651520639748
-0.1043738572974842 0.9943470890986396 -0.0194926733391576 85.0969047682490896 -0.9929107807246630 -0.1030622827138901 0.0592144188736418 -42.4682797426446399 0.0568707256291435 0.0255349228090648 0.9980549525369582 1.6092578814830492
-0.1072251288906505 0.9940771234595067 -0.0177043596002935 85.0235144822806319 -0.9924893165129249 -0.1059652258936121 0.0611255062066854 -43.4941073165260690 0.0588874209156012 0.0241255780405124 0.9979730598278292 1.6624993925070726
-0.1093121744339340 0.9938825798962108 -0.0157564558000344 84.8868645057935112 -0.9921026501919412 -0.1081081297451612 0.0636000296000799 -44.5319248249499822 0.0615075605324487 0.0225842790864936 0.9978510762310630 1.7292420433654738
-0.1116648718299549 0.9936569165771009 -0.0132999450257904 84.7853025462850525 -0.9916165710133277 -0.1105399476352089 0.0669140946929441 -45.5398519249119005 0.0650194777814370 0.0206603996886451 0.9976700934646355 1.7940156625213066
-0.1139926182578987 0.9934396583551257 -0.0091284275732739 84.6920143517828308 -0.9910547573669126 -0.1130675217351840 0.0708957222198497 -46.5836864924295213 0.0693984933778781 0.0171283605728978 0.9974419624123327 1.8638763632122721
-0.1164601688278439 0.9931775681047795 -0.0059453586995717 84.5745683536854216 -0.9905764274723080 -0.1157165692726014 0.0732667518863716 -47.6400436498245057 0.0720789179496334 0.0144219904748177 0.9972946584525330 1.9413156725037564
-0.1193511746022620 0.9928453128927848 -0.0036717554233684 84.4754506539979104 -0.9903069960146687 -0.1187797838653251 0.0719959484228813 -48.6963824454762459 0.0710447096233343 0.0122289660942913 0.9973981660414264 2.0359617790284883
-0.1219342574445050 0.9925360030482708 -0.0020783441535558 84.3417259871116727 -0.9902338348294297 -0.1215082954143707 0.0683570516076881 -49.7375100058279642 0.0675942987274761 0.0103931130301500 0.9976587562794621 2.0829109481325014
-0.1244284881714977 0.9922264187936075 -0.0020700674792053 84.2222310411614927 -0.9900652674806888 -0.1240192415486545 0.0662570287146121 -50.7976660759957923 0.0654852461226792 0.0102937638261972 0.9978004414543735 2.1802017596910988
-0.1261127768414874 0.9920139736310418 -0.0019605198495233 84.1008313568389241 -0.9898253787132847 -0.1257027903418579 0.0666672944956816 -51.8559835520936261 0.0658884449082863 0.0103481699358888 0.9977733350849509 2.2480030266678011
-0.1271441964343814 0.9918819283080237 -0.0021432706342721 83.9472142027737362 -0.9895163089465687 -0.1266911480714790 0.0693312867981622 -52.9077484861712790 0.0684969170241539 0.0109358719948124 0.9975913888270584 2.3250849432030329
-0.1279734983352725 0.9917767309164390 -0.0013037394423420 83.8055877602738519 -0.9892423535742784 -0.1275523229703983 0.0716238144731059 -53.9748160413176450 0.0708685375794836 0.0104556643766299 0.9974308645032941 2.4033243637204373
-0.1283407759579551 0.9917300055912961 -0.0004911582217918 83.6817038899708763 -0.9891298135930746 -0.1279684105959285 0.0724313312792349 -55.0500308573061616 0.0717694718375468 0.0097817125004104 0.9973732806791642 2.4880394567680106
-0.1275233165621219 0.9918334359116678 0.0020589173496434 83.5426724683532029 -0.9892787094922058 -0.1273432582553455 0.0714935628035736 -56.1403734180352245 0.0711718952848171 0.0070802531429477 0.9974389361444633 2.5642383822802488
-0.1276709642091063 0.9918035265175309 0.0050881907695114 83.4138085544912968 -0.9892669621354988 -0.1277087025303423 0.0710025698493959 -57.1822014047711278 0.0710704054098393 0.0040313875286763 0.9974631549032148 2.6414441012855376
-0.1271672321263890 0.9918351530375721 0.0095668318815336 83.2789377607522994 -0.9892507790482549 -0.1275260609822448 0.0715541747403614 -58.2604324625003969 0.0721899662400148 -0.0003646495430111 0.9973908340289559 2.7286024074862634
-0.1276566014054221 0.9917221743588802 0.0138174166367008 83.1679966642173838 -0.9891305104761183 -0.1283232458271406 0.0717912099469072 -59.3261839211104558 0.0729700305801691 -0.0045026064987158 0.9973239700176904 2.8085403356952847
-0.1277699330584134 0.9916541717411892 0.0172292737671679 83.0349197022603107 -0.9891362668571241 -0.1286802886179885 0.0710691839628309 -60.4311272475418022 0.0726931206800209 -0.0079615946572689 0.9973225773120317 2.8983846177520038
-0.1276567753949518 0.9916721739469602 0.0170307696559212 82.9055167493180534 -0.9894876551908572 -0.1285145122642295 0.0663189291408324 -61.5592181667963416 0.0679553376907388 -0.0083856756911681 0.9976531223439038 2.9776594761787685
-0.1284186034100983 0.9916412036024997 0.0125054234628807 82.7714639190325840 -0.9899376809871192 -0.1289332834430232 0.0583060561386709 -62.6542775974290365 0.0594310529945812 -0.0048920076029271 0.9982204256583654 3.0458962709123365
-0.1289783741369894 0.9916338257780036 0.0051898533561624 82.6275216354333111 -0.9902255031481896 -0.1290718355071978 0.0528574894761129 -63.7372969732715546 0.0530851384089115 0.0016783479027208 0.9985885795603834 3.0963004627268229
-0.1288417855580712 0.9916639132981678 -0.0015739619981733 82.4714816009625622 -0.9901938220270229 -0.1285640315552985 0.0546578869859112 -64.8293132357453885 0.0539998992010577 0.0086007472007926 0.9985038998591160 3.1797395161765865
-0.1280778791426416 0.9917471784197439 -0.0057957718036358 82.3113159161486010 -0.9900189152883062 -0.1275037852271281 0.0600444179263996 -65.9692064529824336 0.0588098992150865 0.0134282854166618 0.9981788802139023 3.2545472763630268
-0.1270039211880751 0.9918633799730583 -0.0087772131837758 82.1751295666933288 -0.9898281829188693 -0.1261614604891002 0.0657529785392737 -67.0754449320357082 0.0641106255029707 0.0170388190810715 0.9977973272874309 3.3135340800372588
-0.1261792682770684 0.9919795317060470 -0.0074431803227030 81.9990060827336293 -0.9897154736017350 -0.1253744457002486 0.0688805464456386 -68.1809250594710790 0.0673949075995953 0.0160579276872223 0.9975971478447770 3.4412524460399605
-0.1265517845219444 0.9919373697300485 -0.0067007736377267 81.8843492595754157 -0.9897289467880491 -0.1258114678943676 0.0678828876528042 -69.3172170335311080 0.0664925388606127 0.0152226502060974 0.9976707939979864 3.4784545967970968
-0.1258830833321654 0.9920166199616338 -0.0075149884020366 81.7553098193840668 -0.9901045797551120 -0.1251596655116249 0.0634663633507653 -70.4481577463167525 0.0620191138177605 0.0154299659401368 0.9979556832206258 3.5389618941916234
-0.1257220130863628 0.9920561243789621 -0.0043152645001042 81.6119731714793346 -0.9902494478766084 -0.1252276066087861 0.0610252203855696 -71.5793596748835625 0.0600000533798483 0.0119454018445825 0.9981268962257188 3.6225597788683954
-0.1259067622003860 0.9920371787696897 -0.0031181999439133 81.4767671309844133 -0.9901766633732229 -0.1254767218238961 0.0616909036357869 -72.7181689736761001 0.0608084084916451 0.0108548707501926 0.9980904313927220 3.6839101614278462
-0.1254566961750003 0.9920967974559726 -0.0021358516936434 81.3425618907615871 -0.9899490011287501 -0.1250428541037554 0.0660701127725498 -73.8404658699910073 0.0652808742974860 0.0104033223150352 0.9978126970207211 3.7756219887038673
-0.1249951584389031 0.9921548426584352 -0.0022312678570508 81.1943296785542117 -0.9897969528226020 -0.1245424373827113 0.0692183030264832 -74.9894350296315793 0.0683973870109535 0.0108604548795071 0.9975990416845257 3.8521985253513300
-0.1242797783630392 0.9922467973548487 -0.0009109495488051 81.0551169405590173 -0.9899717056689542 -0.1239325768522275 0.0677992505096404 -76.1563444236440574 0.0671606928562839 0.0093278901051272 0.9976985676050911 3.9541180868222785
-0.1242738147982594 0.9922345610311533 -0.0051570195658792 80.8933656763172166 -0.9903771815094370 -0.1237188344954836 0.0620216763438642 -77.3295245939527405 0.0609020303513094 0.0128150648220794 0.9980614794754350 4.0024437928540877
-0.1246508659867811 0.9921904734950086 -0.0044973230367828 80.7417213764581305 -0.9904459606870516 -0.1241596918948842 0.0600097481020539 -78.4855736974489275 0.0589827141410943 0.0119346225042559 0.9981876598206526 4.0796223805504193
-0.1241133507584762 0.9922663323490759 -0.0018444104797930 80.6363912861802561 -0.9903159525744130 -0.1237524304384854 0.0629257501918092 -79.6345106436725416 0.0622108530735400 0.0096364748265307 0.9980165069340187 4.1592156787727035
-0.1237793691200364 0.9923096041456408 -0.0005632943881462 80.4949354971619186 -0.9901636293679713 -0.1234743291964835 0.0658033213928114 -80.7755983275486784 0.0652277154060526 0.0087028472237746 0.9978324536680027 4.2393762431328517
-0.1236979183424862 0.9923197981905060 -0.0004930688484107 80.3619079401516103 -0.9901972546064869 -0.1234008187678355 0.0654342028086562 -81.9463726601419324 0.0648708098262396 0.0085823100958591 0.9978567642632415 4.3189519026688092
-0.1231021947820121 0.9923939880587080 -0.0001486767776839 80.1929471061892656 -0.9904641714027371 -0.1228534680284816 0.0623518288493938 -83.1623027428799304 0.0618593146368502 0.0078229060014482 0.9980542206385140 4.3847515994132262
-0.1226861928703222 0.9924449060107787 -0.0010984590311885 80.0360590773834701 -0.9906046442349583 -0.1223911666320678 0.0610150895318015 -84.3586430180537263 0.0604196731133033 0.0085738476600957 0.9981362393166491 4.4711406510522931
-0.1218007088839554 0.9925522069163164 -0.0021688386100234 79.8967396522421893 -0.9907066023304620 -0.1214403683113112 0.0612589996918437 -85.5658984300554124 0.0605393707780164 0.0096100723183280 0.9981195474971114 4.5544174988734420
-0.1208302956491634 0.9926636908203259 -0.0043401129368585 79.7630239458467685 -0.9908188241327738 -0.1203363108355535 0.0616216685804364 -86.7305010757519028 0.0606473197881317 0.0117460300296705 0.9980901429134836 4.6293618854432514
-0.1198060729400272 0.9927853645453871 -0.0048708142206363 79.6339402816510074 -0.9909466371674401 -0.1192818777186841 0.0616165232258924 -87.9415742811480783 0.0605909826065805 0.0122087506481190 0.9980880117676904 4.6902124926482989
-0.1182354951627256 0.9929784154915343 -0.0037728042020778 79.4590891240934383 -0.9911393951091380 -0.1177832365774960 0.0613987674470923 -89.1355110852906023 0.0605232777228530 0.0109988885462006 0.9981061853853179 4.7893273792755044
-0.1170256422370348 0.9931067021873032 -0.0066390609026558 79.3317954299878352 -0.9913709390979777 -0.1164183026611487 0.0602531320139582 -90.3448401623019777 0.0590648810292870 0.0136329335125209 0.9981610506089883 4.8612725452394061
-0.1157811516276319 0.9932628647526237 -0.0048586449953644 79.2160081210093949 -0.9915621022796698 -0.1152930081495571 0.0592631385816535 -91.5643205778055034 0.0583037070047985 0.0116792026798859 0.9982305715486081 4.9353352072934360
-0.1142052260182886 0.9934399187473928 -0.0058561240838764 79.0599859188321403 -0.9917894988219034 -0.1136701235629234 0.0585891887278533 -92.7657320555592122 0.0575391725410602 0.0124992339110793 0.9982650012771790 5.0086754276246195
-0.1125707128717548 0.9936293707511629 -0.0053393055909467 78.9577958095034660 -0.9919322383038841 -0.1120599477802251 0.0592705889707562 -93.9793542175191305 0.0582946757173591 0.0119683617985830 0.9982276739796719 5.0735001332267808
-0.1117412672115587 0.9937310621673763 -0.0035306211426791 78.8078758864922548 -0.9918909212072233 -0.1113164607434585 0.0613273674164786 -95.2296352886467474 0.0605498937128772 0.0103547888075118 0.9981114610704113 5.1723784515581084
-0.1101737565950724 0.9939086799288938 -0.0026980214480135 78.6967531343914857 -0.9920788590236495 -0.1098053052246886 0.0610109205212266 -96.4535030316938702 0.0603430264078971 0.0093984523469135 0.9981334521282305 5.2282309904103359
-0.1093905654571474 0.9939977739826003 -0.0014592829066522 78.5760686963697026 -0.9922094559000969 -0.1091054730634999 0.0601364396187883 -97.7134001084900916 0.0596162713644508 0.0080262734332925 0.9981890998820685 5.3074604328489690
-0.1090822131210627 0.9940285298583189 0.0028900879435128 78.4364191234217856 -0.9922077211054814 -0.1090575812507961 0.0602518227972733 -98.9361598712481936 0.0602072168371790 0.0037048346030774 0.9981790246450206 5.3991982333426733
-0.1095776350815398 0.9939498170600484 0.0075168514840799 78.3049563095464123 -0.9921755157343525 -0.1098310258749586 0.0593707986515791 -100.1677834560316001 0.0598371779682922 -0.0009523242887733 0.9982076964295757 5.4666993725633866
-0.1099472626173545 0.9939065158876155 0.0078381834050944 78.1644776844262879 -0.9922439549999928 -0.1102166673759128 0.0574823451028210 -101.4184026901810540 0.0579959757993850 -0.0014573636090049 0.9983157530973796 5.5427313220350616
-0.1109726698236262 0.9937666399135194 0.0106269443966799 78.0429253448477596 -0.9922075811057727 -0.1113954218128750 0.0558137617023227 -102.6857474426092693 0.0566496473815012 -0.0043503326453689 0.9983846413369079 5.6201965786051380
-0.1118673951663705 0.9936597716086371 0.0112224857033774 77.9285958720385992 -0.9921293429641747 -0.1123202168785542 0.0553492159820712 -103.9516348941035773 0.0562588013395818 -0.0049423847509015 0.9984039864227343 5.6998796388429476
-0.1140910976686920 0.9933970752122897 0.0120611936566026 77.7915755272401128 -0.9918828397197917 -0.1145864387271507 0.0551215051430146 -105.2094136494260965 0.0561395912182785 -0.0056744179876044 0.9984068045032278 5.7813544126873424
-0.1161812404147378 0.9931353202034661 0.0135703772995367 77.6648680528666375 -0.9917266132816782 -0.1167457518001327 0.0533737196143806 -106.4580372013327434 0.0545916100197238 -0.0072570793698770 0.9984823938930890 5.8694419292788593
-0.1196071484888026 0.9927657358820486 0.0105035084115981 77.5512943958363934 -0.9915000514525453 -0.1199869103631785 0.0503069509223041 -107.7107567238986263 0.0512033006746446 -0.0043971581815489 0.9986785704118960 5.9186471857944651
-0.1234301873409094 0.9922714114475039 0.0127449941925343 77.3608779711535277 -0.9910513416096339 -0.1239157507340656 0.0496198046525671 -108.9762547353020636 0.0508156191218213 -0.0065063618092325 0.9986868578835276 5.9919187662610796
-0.1282095549814666 0.9915625255245826 0.0191329032497975 77.2551288444509652 -0.9901431123537208 -0.1290751540235764 0.0543711474246919 -110.1968179623479216 0.0563819746899827 -0.0119734117569657 0.9983374731727525 6.0832930234274505
-0.1366531238586592 0.9902674119467999 0.0263889479869440 77.0977256148453876 -0.9888304324858018 -0.1379580264982361 0.0564088531584816 -111.4352372559262676 0.0595004162137800 -0.0183857488533843 0.9980589485143085 6.1475408230928323
-0.1451824072625589 0.9891772241605629 0.0212246984301650 76.9113177254081251 -0.9878185698636684 -0.1461305572715013 0.0534820835796118 -112.6467144780380494 0.0560048359871232 -0.0132014936095678 0.9983432169912970 6.2245303599023662
-0.1563175656455282 0.9875682510305174 0.0165459429220951 76.7275074543201470 -0.9862506663282812 -0.1569745135618725 0.0516587384576430 -113.9048900400101729 0.0536138213306758 -0.0082432789919282 0.9985277194518857 6.3060030585674154
-0.1693534345005963 0.9853700055565741 0.0191145591707160 76.4976976536263891 -0.9840831911057261 -0.1701283400095406 0.0513480370488525 -115.1342731455604707 0.0538487437738749 -0.0101143499562104 0.9984978781744801 6.4056502829087618
-0.1833837384666526 0.9828502699061750 0.0193843083795484 76.3020444700021301 -0.9815601582275251 -0.1841538895279422 0.0512542754517757 -116.3286376652934990 0.0539449742455261 -0.0096276641554145 0.9984974951578798 6.4678586686299324
-0.1982900488554009 0.9800223554757858 0.0154025742204403 76.0821689860813279 -0.9787052754291578 -0.1988256223439235 0.0510328888726577 -117.5529252926705226 0.0530757983647935 -0.0049552666169425 0.9985781917109420 6.5187308134977702
-0.2133060766261912 0.9768526425808166 0.0161069040233276 75.8192327430685111 -0.9754987650955511 -0.2138616965573457 0.0516268732606220 -118.7878090648398626 0.0538764973935386 -0.0046999392005677 0.9985365459511810 6.6113156156993487
-0.2287048265491205 0.9733670403865576 0.0158337298906710 75.5316158262730539 -0.9718050011296425 -0.2292356007876442 0.0551912956084927 -119.9469762086678770 0.0573510426457354 -0.0027647822051284 0.9983502460994365 6.6831033115183294
