1.0000000000000000 0.0000000000000000 0.0000000000000000 0.0000000000000000 0.0000000000000000 1.0000000000000000 0.0000000000000000 0.0000000000000000 0.0000000000000000 0.0000000000000000 1.0000000000000000 0.0000000000000000
0.9999418119151924 0.0107758625422633 0.0005035575758406 0.2909594572916919 -0.0107753098872720 0.9999413531697039 -0.0010876203265346 -0.0863007247757105 -0.0005152480909218 0.0010821310510650 0.9999992817556386 0.0057360494580837
0.9998572545599790 0.0168690252926651 0.0009520973988517 0.5406825399348860 -0.0168664168109005 0.9998541486218074 -0.0026843002294241 -0.1092417912630455 -0.0009972400625971 0.0026678585862331 0.9999959440131851 0.0120180917639426
0.9998019010480266 0.0198607763733704 -0.0013069899001579 0.9280725799059601 -0.0198684008849625 0.9997839641550987 -0.0061050523823067 -0.0897900310467952 0.0011854564633778 0.0061298107771169 0.9999805098664725 0.0040908177199805
0.9998427381924684 0.0176354506903764 -0.0018680906654447 1.1863349650699997 -0.0176477451926401 0.9998212575516449 -0.0067830699143520 -0.0941529411003948 0.0017481342633415 0.0068149707845771 0.9999752497936150 0.0101611075961012
0.9999379559515843 0.0105785688449535 -0.0034897175473256 1.5293667291522233 -0.0106155290660736 0.9998858850683868 -0.0107483665575791 -0.0997886237482849 0.0033756169828462 0.0107847448834601 0.9999361452051745 0.0125851034996443
0.9999869456295867 -0.0012722064756421 -0.0049487433852954 1.8465756838738965 0.0012157607746105 0.9999343654036440 -0.0113924014391429 -0.0786624032778472 0.0049629120634048 0.0113862362304232 0.9999228585887793 0.0198150497129243
0.9998401129595873 -0.0171276778312015 -0.0051372336008969 2.1647752937340208 0.0170708658654616 0.9997948010336417 -0.0109060242391185 -0.0537982846225458 0.0053229743154590 0.0108165834814598 0.9999273310927278 0.0256654603540638
0.9993451290148840 -0.0357360014842026 -0.0056790238726347 2.5251848360344615 0.0356973388618438 0.9993397191576994 -0.0067694691071858 -0.0396326407667437 0.0059171878800303 0.0065623099386969 0.9999609607258980 0.0270932542119682
0.9984184448468799 -0.0558426215258813 -0.0064969693438615 2.8607518089992294 0.0558154720266793 0.9984318945024072 -0.0042877876315045 0.0263369922686929 0.0067262227124052 0.0039183748482100 0.9999697016742918 0.0375996321727254
0.9971318185584453 -0.0753747753251027 -0.0068395659963158 3.2130958158078058 0.0753510418596495 0.9971503369486862 -0.0036641525332625 0.0495928655204166 0.0070962602117606 0.0031382746552774 0.9999698967084935 0.0382926629463310
0.9953084348159137 -0.0965174206708669 -0.0067458944061526 3.6015903885097802 0.0964924003124039 0.9953259163397123 -0.0039416930959468 0.0845084764413440 0.0070948055820318 0.0032722728423478 0.9999694775162882 0.0439387260877591
0.9932522740168893 -0.1158230121161579 -0.0059118545836785 3.9813785704945386 0.1157932488597236 0.9932599789208471 -0.0051514845111397 0.1467781338521755 0.0064686690121176 0.0044321708562219 0.9999692556187479 0.0526316031817108
0.9910995500312055 -0.1330115006120241 -0.0054426678090195 4.3930815465152584 0.1329833985780184 0.9911044312019988 -0.0052366166942478 0.2173310127257800 0.0060907824277116 0.0044662239867803 0.9999714771995840 0.0597898504933561
0.9887957729479361 -0.1491882946722284 -0.0050766261518895 4.8268563500104920 0.1491654508122372 0.9888014727682167 -0.0046168967269735 0.3126725054970990 0.0057085623650569 0.0038079107392168 0.9999764557885983 0.0608544324977460
0.9866467014174933 -0.1627949678619194 -0.0051073496861183 5.2098784969014353 0.1627754164674336 0.9866548839686295 -0.0040377883431063 0.3815655782535246 0.0056965231354935 0.0031525195775451 0.9999788053976344 0.0605616213634131
0.9845434567402533 -0.1750385110444584 -0.0059750683085642 5.6672141291957780 0.1750108937847326 0.9845544406704576 -0.0048724134421752 0.4546283948091346 0.0067356400306175 0.0037514007279202 0.9999702786312984 0.0675048825981113
0.9827486810580730 -0.1848038945611173 -0.0072491677909561 6.1033746023262569 0.1847457340732411 0.9827536903798577 -0.0080123521209449 0.5399202187196297 0.0086048602752906 0.0065348756540711 0.9999416241860465 0.0801886798986673
0.9811876103661130 -0.1928418357122695 -0.0091049252143406 6.5492552120280534 0.1927795989518672 0.9812150217025689 -0.0072874833230966 0.6400282322540356 0.0103392210535380 0.0053951445160648 0.9999319941494306 0.0832193275391023
0.9796009240770746 -0.2006346046770015 -0.0113042006990777 7.0286922604110940 0.2005607809186244 0.9796537953937876 -0.0073358249610083 0.7374142418565685 0.0125460234597761 0.0049190015908035 0.9999091962366865 0.0774584858274833
0.9779819276362165 -0.2082514372072403 -0.0135162168549164 7.5090940824699777 0.2081574526398279 0.9780622961270343 -0.0080386444884159 0.8664792354500032 0.0148937613599811 0.0050481477625163 0.9998763383922633 0.0915348638747167
0.9762204659173422 -0.2162746677143901 -0.0147942566273992 8.0229111397005735 0.2161117573203060 0.9762965693428085 -0.0118624212280596 0.9545792851915199 0.0170091232006937 0.0083831255801693 0.9998201903009615 0.1023946619055298
0.9744301081211926 -0.2242050885706432 -0.0147662671637429 8.5291551874309910 0.2239498881477499 0.9744499069713437 -0.0171413652358799 1.0745509677496701 0.0182321689749554 0.0133961585004633 0.9997440327163244 0.1112080427377414
0.9723973835122717 -0.2327218170994823 -0.0168488689354279 9.0309773933235515 0.2324127794692915 0.9724421591281760 -0.0184539179983490 1.2077411851717119 0.0206791798156158 0.0140286491169480 0.9996877355084972 0.1274953340255911
0.9701464645731138 -0.2415483580155324 -0.0216847415545630 9.5667922185843501 0.2412705583043181 0.9703471049674387 -0.0146633412574781 1.3406841674948107 0.0245836321932026 0.0089936989782171 0.9996573204888156 0.1334518359167520
0.9679215358385127 -0.2499515040961105 -0.0255371505870732 10.0999912709049458 0.2497345801472980 0.9682471180201021 -0.0114086775929247 1.4969874115581114 0.0275778885824781 0.0046651951576090 0.9996087714778586 0.1404711112814923
0.9654873609108601 -0.2590663462699229 -0.0268101501624871 10.6781586609409604 0.2587500766406600 0.9658321238913850 -0.0147209475886944 1.6499866837615467 0.0297078063787159 0.0072757604282245 0.9995321453311823 0.1631026864458097
0.9631844948682363 -0.2673424298638478 -0.0283487925653644 11.2362440123644660 0.2669755763661701 0.9635689660801638 -0.0160900351508445 1.8039887716027081 0.0316175658356507 0.0079292371447552 0.9994685871646645 0.1921706442584449
0.9610501494727821 -0.2746008849660670 -0.0312564261264143 11.8063349939348470 0.2742032620731562 0.9615310428579491 -0.0164506744221892 1.9738495342419031 0.0345713937639653 0.0072393091077616 0.9993760108872232 0.2151784997769799
0.9585617374686661 -0.2827261196404455 -0.0350048101567285 12.4159086935508309 0.2823242018781877 0.9591849543723148 -0.0160395866413313 2.1666732457863866 0.0381108973247335 0.0054922289497979 0.9992584224945350 0.2294348628134014
0.9561738226380687 -0.2900591898874332 -0.0399660764092370 12.9883695946380548 0.2895839853115292 0.9569956439845545 -0.0173335756749682 2.3750098321857824 0.0432751239489275 0.0050003756292687 0.9990506793405284 0.2601374415803283
0.9540670501917173 -0.2958752546815721 -0.0470520712146648 13.6070803711809099 0.2953096761250610 0.9552184045410100 -0.0187081483059893 2.5532938412744102 0.0504802825406773 0.0039538959574284 0.9987172311427150 0.2934203626003197
0.9523381848988233 -0.2999700589925694 -0.0554070870160955 14.2245928004651354 0.2993883148615515 0.9539478196492404 -0.0187134793884227 2.7578581166882046 0.0584689533682214 0.0012333265807758 0.9982884655236531 0.3161743379225972
0.9504340215478130 -0.3041470568339800 -0.0645735124000470 14.8427813451283352 0.3035664198127956 0.9526236155637848 -0.0188593698787571 2.9558825048186961 0.0672502746945530 -0.0016777632162946 0.9977347271013960 0.3628541125521018
0.9485618691253690 -0.3077912674216626 -0.0741277015720365 15.4857183312155353 0.3073433559531271 0.9514347943637469 -0.0176605103404236 3.1667268056754745 0.0759634253628401 -0.0060305698720215 0.9970923679550270 0.4033237964195772
0.9465123412468148 -0.3120364903416124 -0.0821438772079934 16.1359882656711520 0.3117323035442903 0.9500208585368886 -0.0168326846285345 3.4070782729523055 0.0832908085832018 -0.0096745563268836 0.9964783209711260 0.4576040395893832
0.9442716031640549 -0.3168559113546042 -0.0891822342040664 16.8117621243816906 0.3167229734725019 0.9483828828496182 -0.0160145431587726 3.6474768294930073 0.0896532070409229 -0.0131239840555588 0.9958865716083267 0.5167609059604943
0.9420645374961605 -0.3213705354798469 -0.0961009163199900 17.4824186172708487 0.3214948993307863 0.9467985645135912 -0.0146119108706069 3.8762454607221888 0.0956840472410780 -0.0171305913616381 0.9952643397324993 0.5804384422047165
0.9397807218942857 -0.3259713507173126 -0.1027369128764633 18.1597400895525851 0.3264221111475598 0.9451364834067304 -0.0128698518845146 4.1117017693160571 0.1012956075544512 -0.0214407612992165 0.9946253031393705 0.6546149938465148
0.9376352548553721 -0.3307015214334940 -0.1071290463593961 18.8504838003892736 0.3316401022726609 0.9433586197477998 -0.0094528890877355 4.3769876400707712 0.1041871941117542 -0.0266649258221043 0.9942001862371689 0.7205250185741283
0.9357043009256960 -0.3354575923014845 -0.1092046931063205 19.5316300845143758 0.3365457715605175 0.9416253831428508 -0.0088646187631160 4.6229255491884409 0.1058036146541820 -0.0284577157967819 0.9939797550945084 0.7999185356807547
0.9336883528347941 -0.3411342740692986 -0.1088736278253902 20.2604629919642143 0.3423011874028869 0.9395530140134885 -0.0083684503191027 4.9138526138600227 0.1051473103946202 -0.0294540474872683 0.9940203731329631 0.8914701558195629
0.9315113989233624 -0.3474106566048088 -0.1076677730486518 20.9845768013754501 0.3486015260577183 0.9372354462060090 -0.0081666642672094 5.1720818835810070 0.1037472395106027 -0.0299258091359104 0.9941533866770714 0.9745561823554781
0.9291517373096084 -0.3542507225964740 -0.1057519484189890 21.7198650001550497 0.3553548959813772 0.9346895671679949 -0.0088493462680052 5.4576010779972579 0.1019801302048642 -0.0293570871712864 0.9943531638589060 1.0571713471533712
0.9265674051162915 -0.3618379482008517 -0.1026944157092288 22.4259172890922969 0.3629348157768463 0.9317761600064612 -0.0084561894870064 5.7603772938817865 0.0987479785772284 -0.0294361492965927 0.9946770077977574 1.1375893766487384
0.9234960343386603 -0.3707308028425992 -0.0985583400045362 23.2084534315060402 0.3720756742066909 0.9281886609645564 -0.0050499822237456 6.0672613181871702 0.0933529175998500 -0.0320075222487702 0.9951184609357271 1.2150716184367085
0.9206221565904610 -0.3789596546859524 -0.0940448027008005 23.9382635743735506 0.3803889564002856 0.9248219543444275 -0.0029316567424075 6.3971050604694257 0.0880856778564509 -0.0330746562016501 0.9955636496345737 1.3001496776354158
0.9174848475326862 -0.3871066205622551 -0.0914878071919623 24.6984952393869364 0.3887651278854016 0.9213368352640823 0.0003336552301097 6.7264213656932714 0.0841619265949324 -0.0358733926808639 0.9958061406766850 1.3704981800116833
0.9137301016566334 -0.3962430890921609 -0.0899372874466449 25.4479863998929403 0.3979274863230832 0.9174164571769523 0.0008716246220365 7.0418219672307067 0.0821645723846416 -0.0365849483748599 0.9959470490931021 1.4469462477962682
0.9097085235235939 -0.4053416748493791 -0.0901583543484631 26.2212047270100399 0.4071339999134644 0.9133669727943754 0.0016368026459640 7.3947044921445286 0.0816841988574654 -0.0381955447498647 0.9959260976690365 1.5215650756254322
0.9058764170473786 -0.4139466652100862 -0.0896441598703034 26.9876580402109383 0.4157709547238678 0.9094674711230053 0.0018526135940943 7.7523994817275810 0.0807615641589930 -0.0389496768994865 0.9959721343612071 1.5948752100672350
0.9023173940266032 -0.4219324964145369 -0.0882965962335845 27.7491569552084840 0.4237542295616488 0.9057747861566554 0.0020951590580852 8.1335331976037715 0.0790928148800722 -0.0393065545712412 0.9960920245650422 1.6610528388398786
0.8986818637048191 -0.4300694274656778 -0.0860883000609092 28.5383255963344205 0.4318512230847043 0.9019418857517471 0.0023142702580838 8.5148901308027103 0.0766513468132037 -0.0392571303832380 0.9962848231032105 1.7339483551173609
0.8949946910977428 -0.4384396185711469 -0.0821900466847620 29.3285556638758216 0.4401266451571246 0.8979316382541981 0.0027035615152188 8.8965520027753797 0.0726156947883213 -0.0385937027158488 0.9966130076318942 1.8070235290798720
0.8917064798101748 -0.4459822111238424 -0.0771972876831481 30.1264428770168955 0.4476046720356114 0.8942216328079360 0.0042105807439898 9.3035007187807022 0.0671536405300486 -0.0383084687686339 0.9970069457050756 1.8644873465138911
0.8880610979859807 -0.4540171793722488 -0.0722210985709968 30.9452634589357309 0.4554050635942377 0.8902788712918305 0.0031240012920341 9.7213193763628034 0.0628785678642784 -0.0356641580050839 0.9973837543980379 1.9365564367016479
0.8845701714190958 -0.4610791553617379 -0.0702966878771540 31.7623914321451863 0.4623884228174813 0.8866734268202667 0.0026796669881192 10.1607180656765514 0.0610946665426181 -0.0348747281238366 0.9975225285968908 2.0029693491919023
0.8814443838432224 -0.4671882003515664 -0.0692169317689438 32.5891942621398059 0.4684507412527850 0.8834866401791496 0.0022933915222217 10.5974421194695889 0.0600807890340853 -0.0344462200716211 0.9975989959456751 2.0647972106304309
0.8784415892682559 -0.4730375810894814 -0.0676448159201673 33.4112102988446864 0.4742870533670236 0.8803659029375974 0.0027691069489958 11.0422308754483449 0.0582422977936746 -0.0345155591274605 0.9977056233808806 2.1154667565080758
0.8756217878555874 -0.4785348920234077 -0.0655045170101287 34.2531348648227407 0.4796303420090621 0.8774699029859068 0.0011420937673550 11.5206912835664443 0.0569317104683745 -0.0324179960831766 0.9978516191664452 2.1760168876318886
0.8728565302465384 -0.4836425701635090 -0.0648948528899559 35.0699053447054538 0.4846838434187407 0.8746893461136251 0.0003460117868500 11.9870852044229359 0.0565954904105564 -0.0317555053644918 0.9978920474401198 2.2347093353336027
0.8711268676684332 -0.4866677333790196 -0.0655171558747137 35.9243592534439813 0.4877173444202942 0.8730015985348594 0.0000301197017804 12.4792166943011438 0.0571819235230871 -0.0319800913586529 0.9978514425398662 2.2936657494200503
0.8693992288040129 -0.4897108481911931 -0.0657895593453083 36.7810975752097846 0.4907537134611623 0.8712982653260708 -0.0003543499111018 12.9677040068689688 0.0574958579296559 -0.0319783990162449 0.9978334572048037 2.3474222742087281
0.8688242737574923 -0.4907982137304623 -0.0652801250669275 37.6673191961474103 0.4918558786963544 0.8706766173867915 0.0001500924115082 13.4701247726076900 0.0567642133883964 -0.0322388172066266 0.9978669664557066 2.4120336771861473
0.8686386752730327 -0.4913693418814112 -0.0634272944318109 38.5502235837747804 0.4923568326793346 0.8703934422755031 -0.0000704114631817 13.9682895310424833 0.0552412991690503 -0.0311676996717638 0.9979864595089887 2.4677413811066673
0.8685551229463473 -0.4917119619962255 -0.0618978580685806 39.4468090742956079 0.4925698056281488 0.8702714722689410 -0.0015972283173347 14.4895992309894304 0.0546533163413101 -0.0291017350801034 0.9980812111387651 2.5293521058073951
0.8681392451489999 -0.4924578629998239 -0.0618021375178192 40.3439284060615719 0.4932497754796156 0.8698833074622685 -0.0027731548484214 15.0063202718732054 0.0551263097026597 -0.0280764058980348 0.9980845682658435 2.5915227177662801
0.8668423855057806 -0.4947463676599209 -0.0617277115885725 41.2644885828963055 0.4954635585764567 0.8686187353737530 -0.0041658949165885 15.5206901279006200 0.0556789081556167 -0.0269726573591933 0.9980843325799589 2.6508056502448203
0.8652780248246315 -0.4977830728719865 -0.0592110810381554 42.1708949002238143 0.4983655962351053 0.8669492882885120 -0.0055375107467500 16.0372175788150066 0.0540894836804011 -0.0247172793439125 0.9982301257009941 2.7176702093598841
0.8634704998365041 -0.5013144128994509 -0.0557005864545122 43.1224154631904213 0.5018517871502073 0.8649397885118211 -0.0048934633205166 16.5865706625239540 0.0506308171595200 -0.0237280776382136 0.9984355255525287 2.7779593922537811
0.8608850540748024 -0.5062492776228659 -0.0508782131855170 44.0301494628957215 0.5067008936701564 0.8621099327128144 -0.0045462371002110 17.1192863130066826 0.0461641421937984 -0.0218662485175902 0.9986945174332729 2.8456562136671679
0.8571755668769451 -0.5127908574787421 -0.0479122534995416 44.9213342235963680 0.5131179973429736 0.8582961138071373 -0.0061401812922576 17.6682733127975418 0.0442715298123307 -0.0193214261839555 0.9988326757461902 2.9015080320817508
0.8518084970594314 -0.5216216816069064 -0.0483022319871027 45.8340138408649693 0.5218235308467247 0.8530023968930174 -0.0093334639563552 18.2366133841287947 0.0460704568244126 -0.0172549173382663 0.9987891573478557 2.9559047456217904
0.8458335101024155 -0.5310213984081406 -0.0508128686504704 46.7260277301492764 0.5311476217931353 0.8471928268794058 -0.0121044598217987 18.7870050405525717 0.0494760250153906 -0.0167507766012187 0.9986348353787446 3.0254981114410628
0.8395050618582018 -0.5409938640086884 -0.0505657020064546 47.6318368951163720 0.5410983706609631 0.8408621305500621 -0.0127840007376886 19.3745033357050858 0.0494348498784791 -0.0166287856369318 0.9986389132743292 3.0763561235388601
0.8341882352332318 -0.5495115586583849 -0.0465514242456543 48.4987442691313717 0.5496894339069064 0.8353087637766348 -0.0100396916812783 19.9663429366676901 0.0444017392629081 -0.0172138333552626 0.9988654411339127 3.1267855023727633
0.8290176338304867 -0.5575401351180261 -0.0433446713065671 49.3701263378414978 0.5578308715296246 0.8299315298360468 -0.0061947197272078 20.5660203016595133 0.0394269142414256 -0.0190434638806146 0.9990409725916285 3.1897166714369178
0.8248543600777216 -0.5635185774843450 -0.0454103236147121 50.2732247270893282 0.5638853416584588 0.8258347458265606 -0.0055040029345337 21.1652330557263184 0.0406030309643957 -0.0210662150278724 0.9989532563943639 3.2462226291516121
0.8211797060085412 -0.5685067634871567 -0.0496381940554243 51.1514347262543794 0.5688826206391905 0.8223838579841706 -0.0075732464477602 21.8034257123292079 0.0451270913577735 -0.0220193096265445 0.9987385521892892 3.2916758957162680
0.8179536909376679 -0.5725059709032592 -0.0564683341489959 52.0017406711207215 0.5729376961997579 0.8195399842022018 -0.0098290674618180 22.3992645097036167 0.0519052574866945 -0.0243131152666944 0.9983560069791079 3.3639969376089454
0.8147855693111036 -0.5768046280162927 -0.0584884359627350 52.8748078913579889 0.5772571471210198 0.8164942987351048 -0.0105473328747488 23.0393545412229308 0.0538392249208899 -0.0251690530623529 0.9982323660490389 3.4143559967076933
0.8119026137518104 -0.5812094948474896 -0.0548604491606147 53.7329178869771837 0.5816271636828437 0.8133981060784078 -0.0096624786835278 23.6556366076947739 0.0502393098004826 -0.0240633357451778 0.9984472783395155 3.4811189789696342
0.8088622427152439 -0.5859408965682233 -0.0491440539484938 54.6146576071474001 0.5863111075309089 0.8100462395490288 -0.0080234019191732 24.3016623380481143 0.0445101954112196 -0.0223238778285520 0.9987594740392458 3.5388904634755418
0.8057917502878571 -0.5903481829518487 -0.0467833095610230 55.4776096124306832 0.5907286383756103 0.8068424339697057 -0.0067054118992575 24.9572150781053388 0.0417052870860444 -0.0222330751649841 0.9988825553576250 3.5976412650465845
0.8027204597202388 -0.5944219416830666 -0.0479835262591402 56.3349132337368346 0.5948646494980480 0.8038034170095437 -0.0060096240602993 25.5798608750133667 0.0421415747699725 -0.0237196553413945 0.9988300484198462 3.6537146465252577
0.7989922231624875 -0.5993112446300151 -0.0493706328285153 57.1949414782400254 0.5997523232260398 0.8001552551992532 -0.0069798540089270 26.2295122459285253 0.0436872763036751 -0.0240333026660996 0.9987561375291398 3.7033349554486130
0.7952114519926218 -0.6041505448990944 -0.0513893541301459 58.0438818188375762 0.6045621647687495 0.7965084784935699 -0.0088787734503016 26.8704226035968041 0.0462961720870050 -0.0240075568516610 0.9986392249777217 3.7673981526638580
0.7910079022385906 -0.6096373457729118 -0.0514665448137271 58.8826853933209762 0.6100200056032066 0.7923262147430542 -0.0097345875519974 27.5194297971198623 0.0467128607555579 -0.0236954862769841 0.9986272740968620 3.8204468285481861
0.7864763027344681 -0.6155655171952576 -0.0503400365241847 59.7505094562117733 0.6159172242033055 0.7877468714032638 -0.0100418884710440 28.2148451128258344 0.0458366465485479 -0.0231075882450903 0.9986816515780587 3.8856653998877202
0.7818102657353768 -0.6215237356007589 -0.0498091806362792 60.5815336046263795 0.6218624596976473 0.7830591700565618 -0.0102672980438275 28.8938292394529377 0.0453849050849682 -0.0229473805739719 0.9987059768096023 3.9330410022027595
0.7764854716109024 -0.6281803560681289 -0.0495958932504818 61.4186172919944227 0.6284558027879574 0.7777560752679704 -0.0117809730458481 29.5736028804753914 0.0459740831266738 -0.0220210724961767 0.9986998828711156 3.9979697750399499
0.7707814664707218 -0.6351221994012065 -0.0501569812988967 62.2579563420631956 0.6353643035902626 0.7721028952852443 -0.0130123332036869 30.2866875374475093 0.0469907721633130 -0.0218382902242198 0.9986565758115141 4.0575748743694007
0.7652288317562177 -0.6417856379222439 -0.0503590111673463 63.0930596566784274 0.6419693188151964 0.7665917283640022 -0.0145779183645900 30.9663818860873690 0.0479607000466749 -0.0211734966557355 0.9986247815322843 4.1149704367201645
0.7594151922444988 -0.6486039068168983 -0.0510052727676983 63.9353114719401106 0.6487707270673939 0.7608267488918449 -0.0154661524339737 31.6702982076369679 0.0488375827482907 -0.0213454967738415 0.9985786199788086 4.1755447879741103
0.7534173213469172 -0.6555754868406134 -0.0508244129147495 64.7582488430315237 0.6556327530061623 0.7548684585726461 -0.0178690637056940 32.4099334277127724 0.0500802663730629 -0.0198592876470977 0.9985477332677456 4.2478722568785887
0.7474080929800164 -0.6624286290721377 -0.0506897813526881 65.5812723349531126 0.6624540803071735 0.7488687549724945 -0.0187130785901994 33.1386215796518329 0.0503560724476404 -0.0195933461040806 0.9985391162874361 4.3027901682479515
0.7412514909248271 -0.6694648015552118 -0.0486117956915984 66.3950203934934819 0.6694432549384435 0.7426168085639058 -0.0191312324689601 33.9035352933327232 0.0489076233233944 -0.0183617841453401 0.9986345123536723 4.3638289533629235
0.7349088011953838 -0.6765396390105708 -0.0469379459820147 67.2183312302553020 0.6764599749491153 0.7362083664700196 -0.0199785743081881 34.6473146781879677 0.0480724059872845 -0.0170692116687331 0.9986979952896680 4.4346911361579746
0.7286046042762933 -0.6833329629168891 -0.0468123105455343 68.0078509776065090 0.6832059041529638 0.7299190106974991 -0.0211643651668408 35.4062743435816571 0.0486315037595728 -0.0165619930446061 0.9986794667101517 4.4949332508772608
0.7217697291247986 -0.6904991108087543 -0.0475335259730923 68.8169923047443319 0.6903145112038450 0.7231488929743771 -0.0228375614138099 36.1666719961024867 0.0501431325358866 -0.0163296222323940 0.9986085367636488 4.5703526517941198
0.7158607004609021 -0.6965384804741727 -0.0487606681081924 69.6240469546865341 0.6964116788349902 0.7172945751209335 -0.0223442628947560 36.9667616258965879 0.0505394016373075 -0.0179621190512195 0.9985605295430682 4.6160684534434537
0.7104210534149118 -0.7021506404834289 -0.0478163667958749 70.4394681648710588 0.7020116195400378 0.7118108180047337 -0.0224732152173468 37.7827526487568903 0.0498157896215681 -0.0176021998665651 0.9986032994458997 4.6866500692907387
0.7057171343567668 -0.7068434932389570 -0.0483280699078901 71.2216842580357650 0.7067381318519858 0.7071277709856829 -0.0221704417453722 38.5793529665684503 0.0498451528399563 -0.0185092292267467 0.9985854340875362 4.7437677160964613
0.7007933129953443 -0.7116529750550242 -0.0493839605169776 72.0537865653803067 0.7115706876598005 0.7022602928707953 -0.0223077905760178 39.3986825925186466 0.0505558001060999 -0.0195070282810563 0.9985307140610519 4.8200803517421482
0.6956636012346332 -0.7165884529216598 -0.0505286360057692 72.8269723644329758 0.7164153504768119 0.6972368447547940 -0.0246946941176871 40.2207674382304603 0.0529263593915930 -0.0190202906318905 0.9984172619831001 4.8885560386469544
0.6900098861762711 -0.7219050064767264 -0.0523404108012829 73.6074054210216957 0.7216628360890268 0.6917242683579105 -0.0268381737951003 41.0622007340578534 0.0555797443944452 -0.0192535240553824 0.9982685980358678 4.9545026273529178
0.6850978269459282 -0.7264743939278426 -0.0536276279648930 74.4097119037638066 0.7262386252211881 0.6868970224637331 -0.0273850281595001 41.9141610852607798 0.0567311797057475 -0.0201850315241706 0.9981854225300840 5.0166422353347278
0.6803259025851860 -0.7310564704477301 -0.0520874580696626 75.2053914825566210 0.7308185686651859 0.6820342243473290 -0.0270838792108194 42.7752311652591573 0.0553252742046606 -0.0196406169822698 0.9982751926191169 5.0961380254095143
0.6753589000966667 -0.7357632070198926 -0.0504267712234625 75.9804168096265187 0.7354809576488709 0.6769861520572495 -0.0275229151548039 43.6238846521010828 0.0543885741320780 -0.0185000842841704 0.9983484511358537 5.1673172229376956
0.6703691860932200 -0.7403273634214386 -0.0502050725143870 76.7576231569692879 0.7400166688558104 0.6719982885352535 -0.0281714398148200 44.4797724943859834 0.0545938105673478 -0.0182673253420261 0.9983415350833527 5.2413516899339552
0.6655086494642353 -0.7447462061355584 -0.0495108668373120 77.5224972544560131 0.7443833762204001 0.6671184641042051 -0.0290919930215347 45.3453275132964819 0.0546957648726855 -0.0174940932299724 0.9983498034291652 5.3103938900532954
0.6610963068452806 -0.7487314965573492 -0.0485058670525833 78.3283586003436199 0.7483133565233905 0.6626683004800495 -0.0299640449135314 46.2515477204526775 0.0545783246740665 -0.0164884687547142 0.9983733454344106 5.3825353866665484
0.6573843073334129 -0.7520665371413389 -0.0473476101192466 79.1034489845565503 0.7515919653040795 0.6589087234770261 -0.0308027890981855 47.1444355065737923 0.0543635002747281 -0.0153368131667280 0.9984034214683805 5.4547540429597090
0.6531170699676038 -0.7558982523990417 -0.0453423084657912 79.8684889198473513 0.7552452075741879 0.6545749072194946 -0.0337100470900317 48.0495328009823481 0.0551613030407573 -0.0122279539852279 0.9984025780155923 5.5293269807875234
0.6492357006569434 -0.7592458795902219 -0.0451519580722502 80.6529701300179909 0.7583502471823429 0.6507342471424870 -0.0380767933836396 48.9586539419094748 0.0582915739276915 -0.0095201849336608 0.9982542053444410 5.6119355431674292
0.6444003423370059 -0.7634443380116632 -0.0435997884614482 81.4300920752570647 0.7623146285147032 0.6458439870476158 -0.0419756065701147 49.8529857596135386 0.0602047003849336 -0.0061876613007231 0.9981668732727950 5.6826298158801869
0.6378887692255558 -0.7691586281224254 -0.0386383602231541 82.1974005083059183 0.7677695224429970 0.6390578755263077 -0.0462059751055513 50.7885233863695262 0.0602318728212738 -0.0001910827855647 0.9981843942798400 5.7637793716062253
0.6299183881388062 -0.7758727960581374 -0.0349889785723465 82.9561912328914275 0.7742948174237229 0.6308755698407007 -0.0496341725924264 51.7055846791466891 0.0605834960642913 0.0041736932205070 0.9981544070380740 5.8503569235025674
0.6211827389439680 -0.7830060856981029 -0.0321476997280554 83.7133977837572161 0.7813746726797470 0.6219798443854911 -0.0509381396678198 52.6393129420450094 0.0598800946282503 0.0065224947631506 0.9981842672219275 5.9298869371474803
0.6123052824899744 -0.7901218859401309 -0.0281006475598615 84.4566679461752159 0.7885570492477920 0.6128874222049125 -0.0504657089976233 53.6097201281986457 0.0570965946137603 0.0087414564820901 0.9983303891107811 6.0004335799066553
0.6035874489638653 -0.7968024426782164 -0.0280723849240008 85.2072505319295317 0.7952744835879212 0.6041893530624090 -0.0499371745295335 54.5776394008901420 0.0567510987317317 0.0078162003592283 0.9983577614285801 6.0936505582758818
0.5941439011499191 -0.8037918032834087 -0.0301953920451627 85.9155719045844535 0.8021737244443349 0.5948773867911501 -0.0513635132719388 55.5734044127656759 0.0592481268687837 0.0062953680542303 0.9982234358116435 6.1572342525691068
0.5840651694094472 -0.8111672635572651 -0.0295896673812345 86.6078223446951796 0.8094212277291764 0.5847671579205942 -0.0537089109819190 56.5443776861347303 0.0608699760481842 0.0074189992916346 0.9981181315182107 6.2471822684447114
0.5741622021040592 -0.8181494967311436 -0.0311314418810649 87.3405767503939074 0.8163575376414729 0.5749759124655079 -0.0544340961200604 57.5480530735555860 0.0624350575475743 0.0058396132605831 0.9980319446320333 6.3213432975586663
0.5639706030095140 -0.8253812304433559 -0.0261339505796017 88.0544297917270029 0.8235134263604273 0.5644816047173415 -0.0564460321000860 58.5721289954767741 0.0613416297891914 0.0103122435748380 0.9980635561362107 6.4081121567729733
0.5538428765565327 -0.8322677053845359 -0.0242597333362174 88.7428215325645624 0.8304443971139061 0.5542658859808050 -0.0561376071812324 59.6012360247014428 0.0601678601057593 0.0109450542197152 0.9981282655041992 6.4974814179209712
0.5435709892975935 -0.8390472680913507 -0.0230274076369252 89.4218744277093407 0.8371961770217361 0.5439336503613932 -0.0569099743869195 60.6434822418871633 0.0602755404308060 0.0116561534380437 0.9981137176258039 6.5801550730441845
0.5332456650967735 -0.8456182930875651 -0.0240574946985844 90.0729752164519084 0.8437067873538571 0.5336844057297283 -0.0577911070489241 61.6961155657040763 0.0617083270599120 0.0105193857510573 0.9980387892736872 6.6653072126733974
0.5231080289359289 -0.8519009214334391 -0.0249561640406687 90.7153894793142968 0.8499286726832310 0.5236168180704883 -0.0587084251590704 62.7703199737219748 0.0630812286951382 0.0094998891885433 0.9979631810301005 6.7448495632752499
0.5128086108099940 -0.8581030601502653 -0.0262005122063388 91.3730753739277475 0.8560890495378688 0.5134155190994180 -0.0592962394189025 63.8313083743450491 0.0643340340758511 0.0079776505705343 0.9978965322872415 6.8355414048396224
0.5035322206190156 -0.8635704890243883 -0.0264823202280691 91.9967223127863605 0.8615495227190737 0.5041776957888284 -0.0594749608793804 64.9302613641089152 0.0647126162430426 0.0071317287698369 0.9978784574003661 6.9296486367208416
0.4946941625953253 -0.8686656373764599 -0.0264139344941056 92.6229772263757951 0.8667696680065207 0.4953669916151493 -0.0576358069434502 66.0039914582277163 0.0631508362413035 0.0056173000191941 0.9979881852118884 7.0111484421219803
0.4864830008905651 -0.8733928260519053 -0.0227873044824717 93.2280794645600253 0.8716122716747488 0.4869586478794107 -0.0562434273621401 67.1167889966564388 0.0602190809502654 0.0074997770981931 0.9981570095095174 7.1083596994543257
0.4789666427416953 -0.8775458425717962 -0.0224554965588664 93.8407204652516782 0.8757523053608468 0.4794352072971733 -0.0565666125826758 68.2352667411623912 0.0604057513479577 0.0074280676405445 0.9981462663433732 7.1921445021069577
0.4711245186335008 -0.8817783476069385 -0.0225529074384948 94.4446761389010163 0.8798332093076724 0.4715963171518701 -0.0590799242395792 69.3662922659412544 0.0627312660617804 0.0079912039374457 0.9979984613805355 7.2874652448779003
0.4646653932231655 -0.8852334003817509 -0.0211636289261510 95.0439373708764919 0.8830886687864020 0.4650324722037821 -0.0624435974067726 70.4832551105903633 0.0651189327447979 0.0103260178482030 0.9978240816664915 7.3705197642410152
0.4587421525050869 -0.8883577285825103 -0.0193954526300085 95.6182121455563561 0.8859854504025449 0.4589625778887537 -0.0662052397677807 71.6336405279470370 0.0677157233587541 0.0131870453640278 0.9976175031767275 7.4616696541015095
0.4530463606336503 -0.8912515484606165 -0.0204859093807868 96.2127361785775861 0.8886833051134089 0.4533233451320405 -0.0688471348060663 72.7672477362653609 0.0706468564715535 0.0129854582071712 0.9974168634757673 7.5661950968083387
0.4485806298445523 -0.8935461177273843 -0.0187284281931035 96.7677014946904990 0.8909511084615892 0.4487363188716930 -0.0695833202466516 73.8781267792761298 0.0705800315906030 0.0145276157645293 0.9974003246043525 7.6650711728264822
0.4444805807902060 -0.8956905529001106 -0.0132456312003503 97.3179083929978077 0.8932695151351305 0.4442903538876773 -0.0683787596597904 74.9996090294950335 0.0671311152197707 0.0185611122473019 0.9975715004356795 7.7644506021479680
0.4410650964823075 -0.8974347677299568 -0.0085098962702969 97.8722198344584342 0.8952383253260907 0.4406150780341088 -0.0663829336225266 76.1461991835086991 0.0633239412259643 0.0216608097372789 0.9977579304566494 7.8621662141165496
0.4375635312693497 -0.8991692430213860 -0.0057296166926254 98.4389794176064896 0.8970558536484332 0.4369558617262193 -0.0660331003223228 77.2838532667241225 0.0618785224304653 0.0237538903644174 0.9978009827387312 7.9628035233252641
0.4346579901545877 -0.9005720535102720 -0.0065121448898069 98.9773252352146642 0.8985297752952220 0.4341391040638614 -0.0645560317131211 78.4082214901871026 0.0609645347943546 0.0222084389122530 0.9978928352976529 8.0554636629323912
0.4326589652534707 -0.9015539114864578 -0.0026008593318879 99.5218907344666945 0.8996028363361407 0.4319089159934347 -0.0645710859545272 79.5356080747193772 0.0593376494459194 0.0255975188025010 0.9979097205606271 8.1433883062339980
0.4299849831416466 -0.9028358976937892 0.0005060712673537 100.0584130803547680 0.9010079395579861 0.4290786114694420 -0.0638454229598962 80.6568404308048059 0.0574247953949368 0.0279085473449501 0.9979596714591950 8.2279723899017991
0.4278403688722177 -0.9038523447002662 0.0018861980585415 100.6062654899981226 0.9020390230165904 0.4268479765538440 -0.0642371066219860 81.7791991336507635 0.0572557396123748 0.0291846516463771 0.9979328817058387 8.3239588246083329
0.4258584090938953 -0.9047788949507662 0.0044459707249012 101.1043553103787502 0.9030041700451659 0.4247042620336968 -0.0648826532399372 82.8917307972006512 0.0568162325841616 0.0316455535910351 0.9978829964744661 8.4050733300938152
0.4237430325942360 -0.9057458252917044 0.0081450779302255 101.6397854946107202 0.9041490240407631 0.4224219890405672 -0.0638295033753707 83.9861864819110338 0.0543726461925085 0.0344116715906129 0.9979275786370292 8.4896561319384514
0.4218654328903452 -0.9065779939178984 0.0120788027569202 102.1160130238353361 0.9051262424268072 0.4203409293202781 -0.0637180383289826 85.0692839321011007 0.0526881561887526 0.0378132791749656 0.9978948412109694 8.5673710292934810
0.4202901447235537 -0.9072855341138053 0.0137533209110271 102.6424221964731771 0.9058498462064255 0.4186460080936908 -0.0645877390455253 86.1537377091175074 0.0528417484196894 0.0396040338228925 0.9978172528719402 8.6576839293132206
0.4192939492435984 -0.9077473767445505 0.0136851796149565 103.1330151876940562 0.9062639718840988 0.4176228298818280 -0.0653971346952670 87.2272329657573380 0.0536488340279995 0.0398230081093918 0.9977654687513271 8.7313238022084363
0.4188638010950089 -0.9079347243144262 0.0144101532374907 103.6176945344258797 0.9063873665635469 0.4170850257795605 -0.0670971162156914 88.2907067417650921 0.0549095425790406 0.0411657339853244 0.9976423830607890 8.8125968827671262
0.4192727416437879 -0.9077681071429318 0.0129395428296497 104.0876515105987465 0.9061391392728602 0.4175581183615305 -0.0675061335599842 89.3183445223839669 0.0558769039258778 0.0400285078977094 0.9976349483469097 8.8974893296916395
0.4212933812286279 -0.9068584367011990 0.0109390455162930 104.5465212719487624 0.9051559335317895 0.4196884037975889 -0.0674861445781782 90.3680534460382034 0.0566093890193556 0.0383330079916717 0.9976602415517849 8.9721596911172430
0.4250989366895787 -0.9051117138356155 0.0079799437933213 105.0206844952395500 0.9033294659542550 0.4236705009034532 -0.0670759465309116 91.3834474742730407 0.0573303581376417 0.0357224319129034 0.9977159605288660 9.0545842536664924
0.4297389098614101 -0.9029231028774002 0.0073715426726702 105.4776064690251616 0.9010529320909707 0.4282908724388582 -0.0683413648958417 92.4129810191064820 0.0585498328041318 0.0360110937880230 0.9976347619258255 9.1437208394710350
0.4358634707216615 -0.9000001409931129 0.0047729553574441 105.9935987378955673 0.8981183249778755 0.4345959784315901 -0.0671551179734193 93.4250724717417143 0.0583653084409078 0.0335571414674391 0.9977311306294557 9.2143523680679866
0.4425848312325589 -0.8967194999613450 0.0035784845846622 106.4709297639849552 0.8948773194771591 0.4414124141226269 -0.0659519805904944 94.4067502298462813 0.0575608395371522 0.0323916508920098 0.9978163812567262 9.2862574091167716
0.4506365514874361 -0.8927014132933706 0.0032992677263501 106.9535969431428697 0.8908936045515343 0.4494823443760780 -0.0653774231930214 95.4187737250468189 0.0568795554895248 0.0324007530499465 0.9978551535013037 9.3698884980491499
0.4594908722496751 -0.8881802755161461 0.0019840623214886 107.4491949658056740 0.8863794014494624 0.4584146531197669 -0.0647113783748776 96.4156042139594263 0.0565658466331552 0.0314929196669107 0.9979020498052541 9.4426991352774721
0.4687493221306432 -0.8833305651232943 0.0010889081798570 107.9661141252674526 0.8815394700945995 0.4677196697011187 -0.0642376310273760 97.3802386148235541 0.0562337591433761 0.0310712615392137 0.9979340364167195 9.5152785402913977
0.4783869165666246 -0.8781490609027851 -0.0004299923653290 108.4882697006958523 0.8762843640022600 0.4774028701647305 -0.0649015636455124 98.3484322473246948 0.0571985267557860 0.0306712633263511 0.9978915783505407 9.5950737327934092
0.4888169522614808 -0.8723732636420448 -0.0047828928824138 109.0100119861807144 0.8703411408507168 0.4880388308809939 -0.0657601558315185 99.3073462066632118 0.0597016392109135 0.0279819305059561 0.9978239954223840 9.6758554098267240
0.5000607047931012 -0.8659495340462204 -0.0084080917549970 109.5480837937825100 0.8638164513494959 0.4994694149149328 -0.0659654602235035 100.2920766396154164 0.0613223442131068 0.0257236865489440 0.9977864811925149 9.7545433539031929
0.5120161145510584 -0.8589104645131157 -0.0105977540026992 110.0908051644508845 0.8568548053199702 0.5115794272490890 -0.0639244258133803 101.1907751551780876 0.0603269511919322 0.0236495996870626 0.9978984694820049 9.8259825589982821
0.5250100083131326 -0.8510277844255796 -0.0107796709937534 110.6476436789752711 0.8490638355024114 0.5245891347116141 -0.0624246985131204 102.1213195299975638 0.0587800511481446 0.0236209626859077 0.9979914607394256 9.9147693923514471
0.5369094909902741 -0.8435559711379490 -0.0118963037148782 111.2287546517032411 0.8417290451936446 0.5365886889558256 -0.0597058905139483 103.0387123966447547 0.0567486824689365 0.0220431949177070 0.9981451220117542 9.9758448544059704
0.5489285392653320 -0.8358002151753037 -0.0107451892931200 111.8167247595115725 0.8339918879107442 0.5485114714288131 -0.0599391075181409 103.9576997140733710 0.0559909785510282 0.0239408860302733 0.9981442001519539 10.0660869645513262
0.5599535016993362 -0.8284298780047777 -0.0124905229530485 112.4084921132723451 0.8266122447711349 0.5596214864110487 -0.0594641803232330 104.8504918576335001 0.0562518686718663 0.0229723567810903 0.9981522920350608 10.1357093593669418
0.5714374751746927 -0.8205338497974499 -0.0135430167447435 112.9914659644028347 0.8186305651389734 0.5711124915545143 -0.0606178176004388 105.7131051768250671 0.0574735572782626 0.0235525651887589 0.9980691693899835 10.2071497969499347
0.5822677977232018 -0.8128982414555903 -0.0126752030745647 113.6060632996127140 0.8109331346015851 0.5818292440689914 -0.0621464556620386 106.5555282060592504 0.0578935483436639 0.0259071377136694 0.9979865516507048 10.2741644090573754
