1.0000000000000000 0.0000000000000000 0.0000000000000000 0.0000000000000000 0.0000000000000000 1.0000000000000000 0.0000000000000000 0.0000000000000000 0.0000000000000000 0.0000000000000000 1.0000000000000000 0.0000000000000000
0.9999979717276942 0.0019983748765023 -0.0002510743923994 1.2037830769355409 -0.0019983433900717 0.9999979954227715 0.0001255951200296 0.0061354739347476 0.0002513248752339 -0.0001250931324360 0.9999999605937568 0.0198006867632022
0.9999941517430725 0.0034182996451382 -0.0001081997638466 2.3906970040974449 -0.0034182714195235 0.9999941238970120 0.0002599845182612 0.0105421383814353 0.0001090878330402 -0.0002596131416446 0.9999999603504299 0.0298431151573354
0.9999897174029533 0.0045344459562117 0.0000623556878045 3.5850082906614213 -0.0045344597411927 0.9999896944789110 0.0002227348869184 0.0051537399309006 -0.0000613450658893 -0.0002230153459813 0.9999999732504689 0.0447609782855509
0.9999843052749235 0.0056020312685211 0.0000803087482332 4.7841853521172464 -0.0056020411749618 0.9999843007976101 0.0001236648247032 0.0085310694691096 -0.0000796147132351 -0.0001241127767321 0.9999999891287580 0.0637642790333026
0.9999797541431814 0.0063632376436630 0.0000225927572364 5.9817479233625050 -0.0063632413990753 0.9999797398843033 0.0001702345972295 0.0040051132889750 -0.0000215090563072 -0.0001703749138524 0.9999999852548745 0.0737770164254292
0.9999737202433704 0.0072302383575072 -0.0005314846445074 7.1973181583490540 -0.0072302333609213 0.9999738614570679 0.0000113219890480 0.0043505639131661 0.0005315526129527 -0.0000074789335014 0.9999998586979326 0.0927580227622199
0.9999686200448793 0.0078834532622325 -0.0007810827113794 8.3966102849681050 -0.0078833559622766 0.9999689177291229 0.0001275712302565 -0.0076460239608295 0.0007820641353863 -0.0001214096740272 0.9999996868176405 0.1085467094065366
0.9999667139088969 0.0081585185104229 0.0000982341972846 9.6113324881638942 -0.0081585400347267 0.9999666941940568 0.0002207421831292 -0.0085924780029748 -0.0000964299963284 -0.0002215362831161 0.9999999708114651 0.1274362046722680
0.9999745375860662 0.0071013179912865 0.0007038908435263 10.8257291614941362 -0.0071013547883685 0.9999747838225773 0.0000497911594898 -0.0170945967110686 -0.0007035195112333 -0.0000547884702988 0.9999997510292294 0.1428227987694068
0.9999868334995566 0.0051024279579143 0.0005459454773186 12.0006849505979982 -0.0051017689949013 0.9999862638733957 -0.0012016728548455 -0.0065941163839190 -0.0005520694273132 0.0011988717453103 0.9999991289625635 0.1629026965198288
0.9999952226829452 0.0030770099956648 0.0002943140729724 13.1835729332725951 -0.0030765666056388 0.9999941494030873 -0.0014952917832372 -0.0112533051494155 -0.0002989133788228 0.0014943791629058 0.9999988387401805 0.1734145580664585
0.9999985232482475 0.0017003431521626 0.0002496687587705 14.3925636897885862 -0.0016999697268023 0.9999974474488850 -0.0014883543403637 -0.0101439534695755 -0.0002521988345888 0.0014879277131022 0.9999988612327858 0.1905992143782819
0.9999994783696443 0.0009835856033585 0.0002753539542252 15.5670650512890774 -0.0009834793869762 0.9999994420345655 -0.0003856149025658 -0.0055639390518807 -0.0002757330858538 0.0003853438964792 0.9999998877406671 0.2062027726035107
0.9999996909106046 0.0007494869846721 0.0002375877840715 16.7755676057140413 -0.0007494309321794 0.9999996913463838 -0.0002359245959665 0.0028920755625131 -0.0002377645331532 0.0002357464674102 0.9999999439458134 0.2308434633801711
0.9999996720974239 0.0005484479109245 0.0005958271005233 17.9859895900743076 -0.0005480316994885 0.9999996058914308 -0.0006984828126176 0.0033157681696845 -0.0005962099471421 0.0006981560514448 0.9999995785558246 0.2505421148017308
0.9999995306574975 -0.0003472029474967 0.0009045080973070 19.1759069116659440 0.0003480061506725 0.9999995451790905 -0.0008879939927536 0.0062436127193914 -0.0009041993717862 0.0008883083503615 0.9999991966655627 0.2639909264260712
0.9999998071756975 -0.0006041906461766 0.0001435347725719 20.3737998623402703 0.0006043347710897 0.9999993111711366 -0.0010061991535901 0.0116666267192386 -0.0001429267375842 0.0010062857026244 0.9999994834803828 0.2770145685450098
0.9999990037732950 -0.0012622206204182 -0.0006318635318362 21.5735013417788331 0.0012616185714649 0.9999987507128858 -0.0009523083785566 0.0134965008721976 0.0006330647657296 0.0009515102590752 0.9999993469284014 0.2977420144912875
0.9999977381148006 -0.0021152762629022 -0.0002221972418814 22.7733815987200892 0.0021150959991423 0.9999974364224744 -0.0008084042266806 0.0254400755031905 0.0002239066705331 0.0008079324296657 0.9999996485554342 0.3149982381543599
0.9999963304812240 -0.0026594214273381 -0.0005162380829029 23.9874408207107734 0.0026589228350248 0.9999960002987283 -0.0009641140509080 0.0295361314498792 0.0005188000036702 0.0009627378758464 0.9999994019909905 0.3292899619627727
0.9999930466653940 -0.0036004837521906 -0.0009711527240164 25.1530429655631913 0.0036001630848453 0.9999934643662078 -0.0003317388013293 0.0401434972052428 0.0009723407970820 0.0003282401864517 0.9999994734057385 0.3530338844877017
0.9999908670207885 -0.0042393494171243 -0.0005420253971652 26.3625109983692418 0.0042392207317737 0.9999909860590966 -0.0002383445884508 0.0444592523431884 0.0005430309373724 0.0002360446463538 0.9999998247001476 0.3693549879819184
0.9999847398664021 -0.0054161264683261 0.0010888564657783 27.5665113926833527 0.0054174074280641 0.9999846331369440 -0.0011769395608275 0.0526747924629882 -0.0010824652799631 0.0011828203796783 0.9999987146016074 0.3903299812853759
0.9999805165425707 -0.0060566964070428 0.0015109480091322 28.7777051822137722 0.0060595914736872 0.9999797993884240 -0.0019188971466308 0.0609368173093581 -0.0014992953096049 0.0019280154875532 0.9999970174304793 0.4106004134844803
0.9999761395437261 -0.0068711256987532 0.0007127235497121 29.9817962504793840 0.0068724272636333 0.9999746915663145 -0.0018401006386532 0.0822063615747923 -0.0007000619490089 0.0018449548737669 0.9999980530254953 0.4256539238958265
0.9999703379585978 -0.0077021557345911 -0.0000000877691343 31.1512756739698276 0.0077021372710827 0.9999679656645075 -0.0021782392531113 0.0976957812827472 0.0000168649042774 0.0021781739660784 0.9999976276340602 0.4414010723873983
0.9999654145425959 -0.0083160396954666 -0.0001149018616762 32.3643930071276955 0.0083157666319250 0.9999629997222388 -0.0022016384410927 0.1003525604130157 0.0001332065229466 0.0022006067993530 0.9999975697899155 0.4535321612023188
0.9999602618675786 -0.0089139224331371 0.0001291223442545 33.5581788046378833 0.0089141846956832 0.9999578537482949 -0.0021972797534534 0.1137594182055896 -0.0001095305209455 0.0021983434580846 0.9999975776416187 0.4737011653838599
0.9999517766557546 -0.0098169332858615 0.0002686705431509 34.7653034639866050 0.0098174619033627 0.9999497214944514 -0.0020425290561129 0.1225115676039988 -0.0002486056633192 0.0020450682213530 0.9999978779433455 0.4957656217524876
0.9999517815164128 -0.0098081946098829 0.0004836947868409 35.9419584412344335 0.0098095613517375 0.9999476531427587 -0.0029092061418339 0.1560124716943313 -0.0004551354069396 0.0029138106980123 0.9999956512700330 0.5137476026570994
0.9999444530923396 -0.0105366512698504 0.0002640262853886 37.1444884817689882 0.0105372574866899 0.9999415755218075 -0.0024107566497769 0.1623491714513058 -0.0002386095576755 0.0024134048526523 0.9999970592669242 0.5330390354153157
0.9999452813921751 -0.0104293708771887 0.0008139070155300 38.3545381441297479 0.0104317035025348 0.9999413354630714 -0.0029163666375502 0.1819908382652571 -0.0007834433987749 0.0029246974946926 0.9999954161699970 0.5535212327107624
0.9999411522766497 -0.0106789422346636 0.0019110668211148 39.5541077610810419 0.0106844649359774 0.9999387044743421 -0.0029033606745139 0.1959600825997757 -0.0018799448603399 0.0029236085447887 0.9999939591419534 0.5668754063516045
0.9999388789692834 -0.0106784421381340 0.0028651700046338 40.7734726002160173 0.0106865891284525 0.9999388541416074 -0.0028433766491354 0.2142012152958848 -0.0028346319783297 0.0028738217536466 0.9999918529718508 0.5777874353635569
0.9999419241215207 -0.0104951782522499 0.0024494116853739 41.9622603077910057 0.0105010776455168 0.9999419623092954 -0.0024081904655698 0.2336835765894846 -0.0024239951389746 0.0024337720700869 0.9999941004831364 0.5925681032603518
0.9999434217309638 -0.0103136208018309 0.0026043354099927 43.1513956664034950 0.0103185101921686 0.9999450123434127 -0.0018709989166928 0.2458683567271249 -0.0025848954303441 0.0018977659202845 0.9999948583868449 0.6054934436351722
0.9999464235115924 -0.0095827662382950 0.0039141662710428 44.3767756882980109 0.0095818788396382 0.9999540626320832 0.0002454047560845 0.2757452335105738 -0.0039163381209580 -0.0002078865411921 0.9999923095098824 0.6133121525192002
0.9999375381801479 -0.0084854139891162 0.0072744407110629 45.5714468494619709 0.0084834621496466 0.9999639700465438 0.0002991299220768 0.2937782453962846 -0.0072767168545281 -0.0002373987954454 0.9999734961655888 0.6322641785074079
0.9999323662118158 -0.0065489413565026 0.0096111585747072 46.7608911114404506 0.0065403033491719 0.9999781796174921 0.0009299037516863 0.3129268517172579 -0.0096170387406877 -0.0008669809661574 0.9999533793681905 0.6348259893447783
0.9999019392717492 -0.0043098826794582 0.0133242917967351 47.9724648216752243 0.0042919416360227 0.9999898445387837 0.0013747931815849 0.3142100168630792 -0.0133300816797277 -0.0013174712856314 0.9999102825713032 0.6399310046572172
0.9998884305678623 -0.0032942037186212 0.0145696478474093 49.1573950419895311 0.0032767842326500 0.9999938879634784 0.0012193116003828 0.3316994356480479 -0.0145735754579976 -0.0011714339701383 0.9998931136080614 0.6435250419598904
0.9999095387795319 -0.0021639270925834 0.0132752279544162 50.3801720156198201 0.0021552640544338 0.9999974550750897 0.0006668434594768 0.3306901660383544 -0.0132766371705864 -0.0006381715143790 0.9999116579191178 0.6476447498547939
0.9999313775499251 -0.0005411291286028 0.0117024514686175 51.5872024954811508 0.0005297346705874 0.9999993826612557 0.0009767590728341 0.3563062146875356 -0.0117029727970267 -0.0009704928509596 0.9999310469084047 0.6454256970586808
0.9999377538875234 0.0002664365504704 0.0111542530874710 52.7665023645379776 -0.0002754216996715 0.9999996388574671 0.0008040073523808 0.3676036042475401 -0.0111540348422502 -0.0008070294293926 0.9999374661498778 0.6359032400954531
0.9999392253804865 0.0005830899670939 0.0110093392882047 53.9747373394705861 -0.0005914980016944 0.9999995359017746 0.0007604777113575 0.3700349199117384 -0.0110088907518662 -0.0007669434958029 0.9999391062070169 0.6508639533524194
0.9999497963765229 -0.0003203603766917 0.0100150933984404 55.1977348106374421 0.0003150951052433 0.9999998113311271 0.0005273071066129 0.3765656995046909 -0.0100152604372073 -0.0005241249269771 0.9999497086611085 0.6585596354406953
0.9999502715240864 -0.0020786484968885 0.0097536505643932 56.3893141522916892 0.0020740344072188 0.9999977324691961 0.0004831539544271 0.3812295336439632 -0.0097546327549312 -0.0004629005210508 0.9999523152945464 0.6535267544364980
0.9999328175547247 -0.0034390441621087 0.0110694784123100 57.5943414304275123 0.0034390858080337 0.9999940862102861 0.0000152728501561 0.3828117184007789 -0.0110694654737486 0.0000227970620214 0.9999387313302848 0.6603891573582548
0.9999242446628356 -0.0045769959467324 0.0114261123555391 58.7990532983879390 0.0045809596695387 0.9999894559076701 -0.0003207522222651 0.3933742100840719 -0.0114245237959343 0.0003730704834527 0.9999346684031165 0.6644122815920510
0.9999235773553323 -0.0051516936097973 0.0112383051153454 60.0469922265711702 0.0051522313893183 0.9999867269891525 -0.0000189006131538 0.4128341793939242 -0.0112380585790317 0.0000768015170969 0.9999368480763678 0.6649040570464426
0.9999184035323442 -0.0062230419670346 0.0111561653808424 61.2340552495729042 0.0062176119821413 0.9999805345620417 0.0005213427403091 0.4258046357625742 -0.0111591925589495 -0.0004519354930364 0.9999376321429965 0.6685590604680282
0.9999248706409961 -0.0062191590496963 0.0105629131541292 62.4357036355686859 0.0062179633292460 0.9999806576155165 0.0001460372400597 0.4307556746282100 -0.0105636170710248 -0.0000803464617331 0.9999442002126033 0.6711523694491401
0.9999316800205645 -0.0059850514538584 0.0100406399370757 63.6453389781018828 0.0059860178276394 0.9999820814437750 -0.0000661962435854 0.4412128907116790 -0.0100400638353805 0.0001262951707237 0.9999495893132370 0.6869268113294139
0.9999192939447004 -0.0065765468210731 0.0108698955396199 64.8399750492187366 0.0065812675343762 0.9999782637898962 -0.0003985792088961 0.4427676820237907 -0.0108670379944575 0.0004700847317574 0.9999408415029221 0.6930479627650153
0.9999013508080492 -0.0066243963132381 0.0123857186195945 66.0425431554975688 0.0066421776183259 0.9999769673975042 -0.0013950451524568 0.4571335842789723 -0.0123761920122962 0.0014771756753818 0.9999223208946277 0.6890082000267800
0.9999128742652069 -0.0068776681067118 0.0112668345202378 67.2272322882879934 0.0068811512208203 0.9999762880368565 -0.0002704106250344 0.4744305274097008 -0.0112647075669414 0.0003479158574237 0.9999364906422744 0.7069767789980099
0.9999278053003083 -0.0069370097247237 0.0098113242423110 68.4398862846133653 0.0069214763693338 0.9999747400871848 0.0016162773388521 0.4883308581798274 -0.0098222885407335 -0.0015482518033000 0.9999505615600084 0.7138474355600122
0.9999264398192311 -0.0068070898565467 0.0100388484460334 69.6323236117209774 0.0067857169402629 0.9999746405567924 0.0021615478066695 0.5000432437112645 -0.0100533077165756 -0.0020932680188611 0.9999472732264222 0.7062643234392878
0.9999252724682242 -0.0068144630193270 0.0101495109786626 70.8283430014720068 0.0067826944765956 0.9999720005551176 0.0031611962028709 0.5204478074749288 -0.0101707686526106 -0.0030921189424261 0.9999434955363533 0.7185959977324782
0.9999271660238928 -0.0064356947320905 0.0102100186455100 72.0238218434367070 0.0063943880838374 0.9999712600214542 0.0040731967959494 0.5396257646654926 -0.0102359390609557 -0.0040076133072687 0.9999395804683000 0.7162432016905275
0.9999170960824467 -0.0060400662708977 0.0113718319320197 73.2139207985983802 0.0059677302280693 0.9999618133126621 0.0063842080462454 0.5493512731992742 -0.0114099587191158 -0.0063158147452187 0.9999149580469991 0.7333571602265799
0.9999201921960563 -0.0038684802149500 0.0120268075326906 74.3842161715597570 0.0037804168415766 0.9999659423484273 0.0073363881934978 0.5784379401006036 -0.0120547786004459 -0.0072903363467202 0.9999007617303058 0.7234929992850273
0.9999408097622040 -0.0008663466750942 0.0108455712411260 75.5822491139136616 0.0007939366855648 0.9999773801693175 0.0066789830249593 0.5793877177146927 -0.0108511122308775 -0.0066699769974816 0.9999188790948024 0.7299270463710572
0.9999808728162033 0.0011665276122201 0.0060739785210573 76.7516140989794451 -0.0011893727581067 0.9999922280107512 0.0037588975160376 0.5912276023743066 -0.0060695464564176 -0.0037660498435002 0.9999744884117743 0.7610064662111079
0.9999795410077760 0.0041743172849441 0.0048469207835856 77.9320779174548619 -0.0041992952948945 0.9999778973155071 0.0051546871372898 0.5804820497224110 -0.0048252963540091 -0.0051749353292269 0.9999749679664158 0.7522304827638608
0.9999427190132191 0.0070283470264348 0.0080722382600131 79.0976079708221249 -0.0070652540110607 0.9999646768943783 0.0045527079063924 0.5722221205321399 -0.0080399551124123 -0.0046094795365358 0.9999570549879593 0.7625619244444889
0.9998988547139683 0.0102419058218647 0.0098683183385261 80.2730660884358969 -0.0102792895563233 0.9999401537542020 0.0037450121815785 0.5587151671610022 -0.0098293716946557 -0.0038460726928859 0.9999442940368876 0.7807491553676229
0.9998641822449708 0.0142723813382515 0.0082411282317006 81.4712276340707717 -0.0143089681337692 0.9998879502399471 0.0043977716975599 0.5528341588066455 -0.0081774381405535 -0.0045150964433345 0.9999563707530268 0.7681275392920603
0.9998272438966388 0.0177387494759828 0.0055514979131355 82.6218195450199460 -0.0177613817062845 0.9998340338946257 0.0040543786064159 0.5433100496937878 -0.0054786569462679 -0.0041522804612432 0.9999763711633571 0.7901204938682739
0.9997715510477104 0.0212725125390712 0.0020798860378446 83.7918091690821001 -0.0212799693401846 0.9997669610446129 0.0036313232437102 0.5288361200523697 -0.0020021539741398 -0.0036747535828362 0.9999912437444486 0.8055857406938161
0.9996982064956129 0.0245354903690450 0.0012270459670768 84.9458779602348386 -0.0245391950088721 0.9996940584829644 0.0031011839958054 0.5056602055386904 -0.0011505814927105 -0.0031303587988905 0.9999944384925442 0.8250295876608474
0.9996022040879475 0.0280948159771741 0.0024728319243248 86.1156885488430390 -0.0281020342142808 0.9996007529553890 0.0029343421816333 0.4667224625701442 -0.0023894048498801 -0.0030026665196525 0.9999926373420132 0.8464835350819503
0.9994850822319724 0.0319383398236177 0.0030842900412229 87.2769218396843627 -0.0319501953246178 0.9994819533972333 0.0038742550212231 0.4416495575220428 -0.0029589549618139 -0.0039708037677296 0.9999877385763148 0.8557759462283923
0.9993704862523282 0.0354466765381010 0.0014711662681023 88.4380561744417975 -0.0354518841193340 0.9993646123449272 0.0036790630685863 0.4060746067030453 -0.0013398209486616 -0.0037289026638631 0.9999921500515636 0.8736388469049643
0.9992423060899408 0.0389131622943641 -0.0007612623132923 89.5901919931722546 -0.0389102899708154 0.9992366450667232 0.0034808749168225 0.3728855147220431 0.0008961330505146 -0.0034486165417423 0.9999936519746032 0.8895868154528001
0.9991147420032149 0.0420573742808238 -0.0009537192731143 90.7285153454799485 -0.0420538452888801 0.9991093564500629 0.0034594725551919 0.3277381937778196 0.0010983661812632 -0.0034163024666872 0.9999935612138650 0.9006350850847096
0.9989912058353104 0.0449057052636501 -0.0002197691665268 91.8848958936973190 -0.0449049896809832 0.9989879246071087 0.0025823227785311 0.2767337011772975 0.0003355077691495 -0.0025698490142257 0.9999966416496512 0.9227859070073046
0.9988545372615434 0.0478406777974331 0.0009396488227666 93.0484217841050878 -0.0478424279290876 0.9988530155709112 0.0019378789299065 0.2284192250837330 -0.0008458616187020 -0.0019806142428826 0.9999976808399822 0.9432688581986403
0.9987283149217115 0.0503409714891464 0.0027458264999023 94.1937364863956503 -0.0503429815667845 0.9987317648699514 0.0006678672911179 0.1718823316782359 -0.0027087230580134 -0.0008052510671196 0.9999960071870857 0.9567254320449382
0.9985906979582634 0.0529437963976664 0.0036840703346637 95.3613779393589454 -0.0529425778101412 0.9985974667651448 -0.0004275804633318 0.1057104239304615 -0.0037015410365741 0.0002319336929608 0.9999931223767075 0.9709465442033873
0.9984671264397221 0.0553093399470272 0.0020674462092629 96.4950718660313953 -0.0553060094071994 0.9984681129299869 -0.0016348655851873 0.0591123840777482 -0.0021547024515658 0.0015180173434588 0.9999965264343122 0.9843537945476537
0.9983545235621764 0.0573199811453155 -0.0016324963830223 97.6612920289229720 -0.0573249624693521 0.9983504813774631 -0.0031882614816202 -0.0045368354247063 0.0014470524618245 0.0032765980663627 0.9999935849515657 1.0024957560119265
0.9982309963483249 0.0592777890035014 -0.0045849384169126 98.8416956220725211 -0.0592907985555344 0.9982369501538940 -0.0027554589634136 -0.0689696453601182 0.0044135174269012 0.0030224292065120 0.9999856927904589 1.0103413027294001
0.9981296826904242 0.0609052487334083 -0.0052618636465394 100.0078483546218848 -0.0609196887203171 0.9981392090019642 -0.0026288741226827 -0.1393323170582648 0.0050919601857022 0.0029445083893423 0.9999827007562743 1.0277184474090801
0.9980784948283098 0.0617719093471965 -0.0048527700189975 101.1874357541504423 -0.0617839407320764 0.9980867344586537 -0.0023696339962409 -0.2097282544782561 0.0046971085649383 0.0026649039875022 0.9999854176226104 1.0490689502666364
0.9981429263429517 0.0608226797100074 -0.0033615806435219 102.3623784201296161 -0.0608312576432127 0.9981449052670009 -0.0025112114755132 -0.2681942797263187 0.0032026059817163 0.0027110371490492 0.9999911967575026 1.0660288621398861
0.9982238318681809 0.0595514689046106 -0.0016745273090876 103.5576125803324743 -0.0595563561855344 0.9982203210303384 -0.0030382758251614 -0.3353314125206163 0.0014906133997257 0.0031326080813275 0.9999939824010450 1.0918965551559283
0.9983257080008636 0.0578343388956362 -0.0009848802358749 104.7446346246924946 -0.0578369733217672 0.9983218355469455 -0.0028977900466700 -0.4030613105266180 0.0008156356732650 0.0029499007919071 0.9999953164009151 1.1044682272117010
0.9984757747310687 0.0551889691362671 -0.0005522326214789 105.9313621407174679 -0.0551902790364580 0.9984721102804651 -0.0027346100183762 -0.4702225979384694 0.0004004685630299 0.0027609197291580 0.9999961084660176 1.1196269088048498
0.9986270093551332 0.0523819359002777 -0.0004785162087913 107.1330633442973692 -0.0523828784378043 0.9986245775121637 -0.0022332118624701 -0.5344435863624299 0.0003608780862053 0.0022552117398706 0.9999973918901065 1.1324995825913258
0.9988236615034823 0.0484827270421069 -0.0008475844132122 108.3323586876977771 -0.0484838423111283 0.9988230561542288 -0.0013488993571912 -0.5841813972356814 0.0007811885346113 0.0013884067439849 0.9999987310347882 1.1425174524117723
0.9990016027046136 0.0446707796566326 -0.0005650119307825 109.5286221519008336 -0.0446714280135779 0.9990010220221959 -0.0011922742284169 -0.6339206523145033 0.0005111876769586 0.0012163237548447 0.9999991296214624 1.1608949295907289
0.9991695849892558 0.0407434439862196 0.0003349694616383 110.7644688860293769 -0.0407431829161596 0.9991693684925151 -0.0007524042323984 -0.6711871515112368 -0.0003653467651471 0.0007381317025828 0.9999996608416079 1.1717221335692447
0.9993418403168239 0.0362556601746575 0.0011888218887818 111.9702274263834454 -0.0362551631678924 0.9993424699177070 -0.0004369925015107 -0.7221290271071614 -0.0012038836542611 0.0003936039591090 0.9999991978697135 1.1934998594426616
0.9994794941607424 0.0322152684534635 0.0017079902393393 113.1874486698773978 -0.0322148995791304 0.9994809358720577 -0.0002430502466209 -0.7473813113777812 -0.0017149336118178 0.0001879010035059 0.9999985118468526 1.2032820591550035
0.9996298695516399 0.0271274521090865 0.0020555394037853 114.4106403958052169 -0.0271283295639018 0.9996318790327313 0.0004001956561737 -0.7730795810059576 -0.0020439264281346 -0.0004558108819535 0.9999978072981942 1.2247893473731297
0.9997550531296285 0.0220383755733085 0.0020356187912788 115.6338824734913686 -0.0220403142675472 0.9997566456331771 0.0009349113785247 -0.7979169589691895 -0.0020145194864691 -0.0009795480527971 0.9999974910952781 1.2346597885072221
0.9998475955755071 0.0173617855652695 0.0018313994274246 116.8613598878569491 -0.0173641138938590 0.9998484344612129 0.0012631920451330 -0.8065178863794841 -0.0018091905809683 -0.0012948001573193 0.9999975251579347 1.2459092695153127
0.9999195319399753 0.0126235373112534 0.0012553687474738 118.0826299782888498 -0.0126261386762428 0.9999181105973605 0.0020863176970615 -0.8139663560052023 -0.0012289292367849 -0.0021020002750192 0.9999970356594937 1.2615697149059204
0.9999566185684724 0.0092374745641756 0.0011958447987699 119.3150651783595180 -0.0092415623930579 0.9999513125462650 0.0034591995514887 -0.8237463438967408 -0.0011638323082623 -0.0034701009607805 0.9999933019244081 1.2789329120631625
0.9999756524599763 0.0068826118276352 0.0011507135502691 120.5474412392660071 -0.0068898497275019 0.9999557266886900 0.0064089494635460 -0.8290652468641927 -0.0011065522929894 -0.0064167216648332 0.9999788003878377 1.2857208922838890
0.9999817900724576 0.0059146618709388 0.0011984566892043 121.7807866294781576 -0.0059233693897247 0.9999550964303491 0.0073972169120625 -0.8297820633898738 -0.0011546508374000 -0.0074041811109463 0.9999719220475743 1.3094790703501864
0.9999866061209002 0.0050304006259069 0.0012176404832592 123.0138460127051587 -0.0050415991158204 0.9999433395351455 0.0093754998616625 -0.8331520427650552 -0.0011704089708111 -0.0093815131425347 0.9999553076782970 1.3211742241198416
0.9999901789024341 0.0039638806515748 0.0019823594168985 124.2448035022017478 -0.0039847982025436 0.9999352234170996 0.0106616299448075 -0.8297880423136154 -0.0019399695777769 -0.0106694245381409 0.9999411982202064 1.3326592546132114
0.9999921040856601 0.0031986857114752 0.0023580025558966 125.5101068792196486 -0.0032244900413472 0.9999340574064073 0.0110219554858972 -0.8379442075376086 -0.0023225912915672 -0.0110294718132397 0.9999364761429664 1.3556005172433316
0.9999889467786244 0.0021767747610475 0.0041674899180784 126.7475655048807681 -0.0022369439923747 0.9998925418061690 0.0144879578261928 -0.8212403203058644 -0.0041355050662038 -0.0144971201291232 0.9998863590957771 1.3693753752021878
0.9999736371839851 0.0015374913066659 0.0070965525090489 128.0135829738056827 -0.0016492485452148 0.9998742981004564 0.0157692097885695 -0.8169506667970411 -0.0070714154359553 -0.0157804980466947 0.9998504743035983 1.3567322128257924
0.9999715836297850 0.0010960560028135 0.0074585919702439 129.2666992422219323 -0.0012035899572634 0.9998951825890283 0.0144282780146673 -0.8072004301398269 -0.0074419959792158 -0.0144368451017684 0.9998680883993413 1.3878571468921916
0.9999812104828342 0.0005290675169586 0.0061072718007444 130.5132044194291439 -0.0006198494521499 0.9998892097705881 0.0148722550746504 -0.8035203779117410 -0.0060987267476366 -0.0148757612212382 0.9998707502773277 1.3929334352015399
0.9999786889696374 0.0000413797299870 0.0065283914008877 131.7912116239332079 -0.0001241870051956 0.9999195435464945 0.0126842820592185 -0.8070939732947220 -0.0065273412775018 -0.0126848224854752 0.9998982393695666 1.3966857236429016
0.9999628113529663 -0.0011096592272146 0.0085524597322341 133.0298461701537747 0.0010332185659908 0.9999595295441245 0.0089370987064065 -0.7961606829619065 -0.0085620307443339 -0.0089279297876170 0.9999234889226477 1.4096518297336846
0.9999481270945555 -0.0012462210448339 0.0101089095949149 134.3010137841717437 0.0011817003822052 0.9999789109563912 0.0063860180610774 -0.7995265834447096 -0.0101166547977800 -0.0063737410974344 0.9999285118047817 1.4111765396339226
0.9999347664248770 -0.0013546700312287 0.0113414180741748 135.5733826726100517 0.0013093361970888 0.9999911281169076 0.0040036640964940 -0.8030006819422504 -0.0113467410982061 -0.0039885531939606 0.9999276688390362 1.4125600720879392
0.9999485722955742 -0.0014685109751593 0.0100347515942608 136.8311269344826258 0.0014609133199064 0.9999986406942859 0.0007644225613232 -0.8022153551099911 -0.0100358605168866 -0.0007497233465597 0.9999493584270102 1.4262864196284519
0.9999611892651702 -0.0010099918469713 0.0087521357310904 138.0900003729093442 0.0010239847193465 0.9999982045721746 -0.0015944615773819 -0.8023685136172740 -0.0087505096240689 0.0016033617484068 0.9999604281232447 1.4248794984593744
0.9999618136332415 -0.0008326627464189 0.0086993073327180 139.3664123654601497 0.0008609812696488 0.9999943415092445 -0.0032520240998330 -0.7953509922475307 -0.0086965502684495 0.0032593898575204 0.9999568722655918 1.4399273380713067
0.9999616679606366 -0.0006631898947697 0.0087305663358737 140.6439354274357925 0.0006911352067213 0.9999946468103810 -0.0031982311841778 -0.7852369569097981 -0.0087283985648941 0.0032041425912235 0.9999567733301012 1.4358862846470282
0.9999459665969801 0.0000469677879940 0.0103952720242429 141.9393477743084873 -0.0000153567236776 0.9999953761319097 -0.0030409667823819 -0.7896242939651165 -0.0103953667853594 0.0030406428312782 0.9999413437000044 1.4460706310371494
0.9999265942209185 0.0007668068305896 0.0120920708333698 143.1883375619507603 -0.0007483830483475 0.9999985524516387 -0.0015280763855452 -0.7621605599247013 -0.0120932250689226 0.0015189147150765 0.9999257206440489 1.4358124696775476
0.9999384636211924 0.0015104320761888 0.0109903396595618 144.4725054178912842 -0.0014931171430909 0.9999976315567849 -0.0015835030842108 -0.7630800143491558 -0.0109927054034175 0.0015669957766111 0.9999383505757491 1.4551089919330926
0.9999561576898045 0.0021152326330271 0.0091218687313019 145.7528238534566754 -0.0021111013878460 0.9999976646697811 -0.0004624996369301 -0.7626362896772872 -0.0091228257230510 0.0004432221701392 0.9999582879325191 1.4501441087329339
0.9999733285031243 0.0021913294279368 0.0069670910515831 147.0413215917982654 -0.0021856519033714 0.9999972732754924 -0.0008224155503629 -0.7474749782846036 -0.0069688742376427 0.0008071659794913 0.9999753913346775 1.4590515190379287
0.9999912929593960 0.0031064990446604 0.0027863361392481 148.2802480967589247 -0.0031019951479434 0.9999938777437439 -0.0016192903174570 -0.7542628780786328 -0.0027913494044084 0.0016106330170460 0.9999948071014103 1.4834526379904112
0.9999950874912010 0.0030565627431476 -0.0006945629290411 149.5644491405913641 -0.0030575119233218 0.9999943878122619 -0.0013696586502543 -0.7486141072355503 0.0006903725834223 0.0013717755562312 0.9999988208080645 1.4877253673574979
0.9999929042148744 0.0033865299989404 -0.0016501316515002 150.8194984491930484 -0.0033891391509391 0.9999930071330823 -0.0015809556447867 -0.7473054898054635 0.0016447661586311 0.0015865369524494 0.9999973888189818 1.5075811784830204
0.9999926539892544 0.0034831751658661 -0.0015998307070499 152.1142745061011112 -0.0034868091172327 0.9999913347881846 -0.0022743154409663 -0.7399377986990306 0.0015918950051146 0.0022798770381160 0.9999961340080189 1.5296239128517342
0.9999951591197648 0.0029168167608608 -0.0010834745128087 153.3752243389703551 -0.0029183022095317 0.9999948006010109 -0.0013719632496701 -0.7487493760021504 0.0010794671139905 0.0013751185142250 0.9999984718987432 1.5504355583672127
0.9999944779368296 0.0033213638744947 -0.0001124182402261 154.6305455213188509 -0.0033214907520606 0.9999938249866595 -0.0011479058037450 -0.7299255544337842 0.0001086049331741 0.0011482728610819 0.9999993348369812 1.5718826762301379
0.9999964017881988 0.0026452034497370 0.0004464407739715 155.9052021322210919 -0.0026448738022328 0.9999962304551484 -0.0007373724051526 -0.7408645639154599 -0.0004483895911228 0.0007361889724232 0.9999996284862167 1.5869333398316661
0.9999972921470470 0.0023056994796325 0.0003153545356373 157.1720104349536484 -0.0023055697782517 0.9999972576955574 -0.0004110345030655 -0.7372960093413575 -0.0003163013928790 0.0004103063181577 0.9999998658010680 1.6098470094140340
0.9999985077100587 0.0016745775341353 0.0004246972308015 158.4413200603367500 -0.0016745727723433 0.9999985978351279 -0.0000115675497606 -0.7346456101349625 -0.0004247160060649 0.0000108563460793 0.9999999097492229 1.6215071285425349
0.9999985063594510 0.0009526273609318 0.0014421442293640 159.6992446990840051 -0.0009522625365281 0.9999995144315144 -0.0002536391078845 -0.7386228246646673 -0.0014423851526582 0.0002522654291169 0.9999989279430377 1.6459828548887550
0.9999978617588746 0.0005263888599068 0.0019998481059626 160.9664756397651502 -0.0005270576799969 0.9999998053527479 0.0003339231473882 -0.7386577407976344 -0.0019996719432729 -0.0003349764686830 0.9999979445493299 1.6565548202119473
0.9999992241273881 -0.0004096430046656 0.0011764086154616 162.2413943870299988 0.0004088952010656 0.9999997142581476 0.0006358367225578 -0.7287061551054932 -0.0011766687453779 -0.0006353552013921 0.9999991058868162 1.6771615521676797
0.9999996612762665 -0.0007843061146530 0.0002496222560095 163.5050048915816205 0.0007839896237526 0.9999988919827262 0.0012654618089324 -0.7198370787017779 -0.0002506144888584 -0.0012652656790318 0.9999991681472238 1.6932625896981279
0.9999992289651749 -0.0012208036975671 -0.0002273925847844 164.7669613504299662 0.0012211939973663 0.9999977678088107 0.0017242571202839 -0.7080340593642391 0.0002252870977327 -0.0017245334812812 0.9999984876138541 1.7018007857099353
0.9999971653042218 -0.0022832165195528 -0.0006755041419542 166.0315120309643078 0.0022844308394970 0.9999957664045163 0.0018023730978111 -0.7050171365662956 0.0006713860741116 -0.0018039111311258 0.9999981475709695 1.7250961440200512
0.9999955824363717 -0.0024500211597989 -0.0016830044736454 167.2849248461234879 0.0024537712195990 0.9999945035862061 0.0022297542867236 -0.6938106271938055 0.0016775322779728 -0.0022338741445820 0.9999960978382678 1.7483690393449249
0.9999920200593116 -0.0036755523280884 -0.0015652899989531 168.5681689526768707 0.0036792831007163 0.9999903818714272 0.0023872663240504 -0.6874537579649387 0.0015565004214975 -0.0023930064188476 0.9999959254050574 1.7691633596322704
0.9999901350620638 -0.0044241323347209 -0.0003960197474020 169.8363067026800479 0.0044250688710705 0.9999873386806658 0.0023960892816349 -0.6828137732029895 0.0003854141172017 -0.0023978180590194 0.9999970509579086 1.7888425663911744
0.9999887720602834 -0.0047357880445128 0.0001675260103421 171.0950641836013801 0.0047353545247454 0.9999856634331745 0.0024998691243307 -0.6694183608221206 -0.0001793624589061 -0.0024990477608998 0.9999968612897728 1.8097963083173110
0.9999822169295948 -0.0059448367173787 0.0004740685357584 172.3644393827081558 0.0059434106052766 0.9999779718188923 0.0029549530202243 -0.6670305464480625 -0.0004916248061036 -0.0029520828881236 0.9999955217458084 1.8262228622294936
0.9999814105059921 -0.0060699820096867 0.0005778934579064 173.6291425879173289 0.0060681065089258 0.9999764890469900 0.0031936556876952 -0.6410056711013776 -0.0005972653036500 -0.0031900896001985 0.9999947332873808 1.8422088737658733
0.9999776212178656 -0.0066900557899051 0.0000147304761183 174.8894815718149403 0.0066899551432256 0.9999707437956386 0.0037089153372651 -0.6154554551689755 -0.0000395428956868 -0.0037087337900324 0.9999931218413625 1.8586480583095168
0.9999742013492852 -0.0071665765827267 -0.0004866373835891 176.1608352406338156 0.0071687410174491 0.9999637144428527 0.0046020593083684 -0.6119102933039529 0.0004536387152088 -0.0046054291588201 0.9999892920597596 1.8762373729077055
0.9999728989811031 -0.0073551257143473 -0.0003216038785140 177.4221274039438470 0.0073565489946079 0.9999620150178739 0.0046743671532592 -0.5904171652763056 0.0002872111043492 -0.0046766063678358 0.9999890233710877 1.8923538972974099
0.9999675580413359 -0.0079872426022941 -0.0010425068152268 178.6969604404312406 0.0079918683558124 0.9999578892161241 0.0045110790967571 -0.5915016258329004 0.0010064318313037 -0.0045192643257429 0.9999892816150197 1.9105582447951648
0.9999685386622326 -0.0076453536828359 -0.0021142972315580 179.9501578821146097 0.0076537605486360 0.9999627208317684 0.0039971109805592 -0.5719266258836098 0.0020836590851599 -0.0040131675508395 0.9999897763732516 1.9306283078026298
0.9999646930565408 -0.0080995370219427 -0.0022383342843315 181.2189912032698658 0.0081023511065527 0.9999663928536838 0.0012510274729699 -0.5600338074546709 0.0022281263169709 -0.0012691190732791 0.9999967123895426 1.9715907058589197
0.9999659917300453 -0.0081994563014067 0.0008856069716700 182.4691881150599500 0.0081983909279879 0.9999656726144170 0.0011999912451568 -0.5346860300618840 -0.0008954158468747 -0.0011926898833683 0.9999988878600332 1.9800140010742022
0.9999494761626035 -0.0085470503345321 0.0052908461245464 183.7411742444767526 0.0085532537356529 0.9999627578738393 -0.0011509630224161 -0.5290101806175063 -0.0052808117433018 0.0011961588207270 0.9999853410082606 1.9885164346484365
0.9999482897942783 -0.0087255920391815 0.0052231964412368 184.9900124924780584 0.0087260236810759 0.9999619257391839 -0.0000598556621902 -0.5054837164408225 -0.0052224752958037 0.0001054303028787 0.9999863572250554 2.0085993383935383
0.9999634439846850 -0.0083173464074256 0.0019830388364382 186.2522297923100894 0.0083131223184524 0.9999631791695602 0.0021289204833598 -0.4928517323684786 -0.0020006727884354 -0.0021123574141004 0.9999957676183179 2.0215233934442729
0.9999636572598004 -0.0085235752017451 0.0001811777704707 187.4985101642642178 0.0085230043522000 0.9999593350378466 0.0029473153003990 -0.4835971265035819 -0.0002062920664897 -0.0029456640079585 0.9999956402440641 2.0374355474371009
0.9999644498118048 -0.0084284906749335 0.0002442488835672 188.7494070210413497 0.0084278791153117 0.9999615923314163 0.0024051435790664 -0.4540207741507356 -0.0002645112327650 -0.0024029995756948 0.9999970778091539 2.0592012445906569
0.9999633673663447 -0.0084760817404165 0.0011916222935456 189.9983538800948963 0.0084731259273365 0.9999610665680743 0.0024640383639081 -0.4459919484430293 -0.0012124612901842 -0.0024538513339423 0.9999962542686101 2.0762002843240057
0.9999579871742105 -0.0086139465288592 0.0031342960452993 191.2547253284186297 0.0086073867078183 0.9999607497917153 0.0021004213988161 -0.4275057143140301 -0.0031522659411442 -0.0020733550560591 0.9999928821837922 2.0904865587007211
0.9999640773978401 -0.0075428279393782 0.0038664790912804 192.4875013687334331 0.0075368591686976 0.9999703869081550 0.0015559757793948 -0.4110224626243117 -0.0038781010504618 -0.0015267787763062 0.9999913146016872 2.1110338338622139
0.9999706635295404 -0.0066891931785915 0.0037318594440346 193.7216931694388506 0.0066834903539329 0.9999764816652167 0.0015385295393523 -0.4013829571647782 -0.0037420631982145 -0.0015135425577295 0.9999918530427868 2.1203883515604747
0.9999842870402388 -0.0049830507709115 0.0025680493842370 194.9547006225737675 0.0049811034155944 0.9999873022686473 0.0007641401940032 -0.3936585455784073 -0.0025718245252186 -0.0007513364675398 0.9999964105996201 2.1462471235738838
0.9999936925482232 -0.0033053933848493 0.0012997070212187 196.1736468945801164 0.0033040808955765 0.9999940307612940 0.0010106884860104 -0.3776387470025501 -0.0013030399859931 -0.0010063877740029 0.9999986446343031 2.1511013076818379
0.9999968559716866 -0.0024213123898821 0.0006521449626589 197.3991114061556686 0.0024210631018678 0.9999969959630411 0.0003827771548861 -0.3740622758675460 -0.0006530698266590 -0.0003811970673177 0.9999997140942578 2.1831046293923313
0.9999987988519464 -0.0009779403455553 0.0012024671908229 198.6211365976477055 0.0009771340812859 0.9999992975420533 0.0006709130996221 -0.3617910903603725 -0.0012031224591287 -0.0006697373220824 0.9999990519736845 2.1994812939723412
0.9999956201582738 0.0001267647946830 0.0029569570433351 199.8437369615388661 -0.0001265511654339 0.9999999893691093 -0.0000724333063996 -0.3577902734338437 -0.0029569661938932 0.0000720587827932 0.9999956255696621 2.2151636193684445
0.9999933611877804 0.0013407936246299 0.0033881931499769 201.0451927476835863 -0.0013422639070534 0.9999990059781642 0.0004317062513238 -0.3522377661135315 -0.0033876109530494 -0.0004362512346824 0.9999941668714328 2.2338349591786217
0.9999908997389954 0.0026905852310453 0.0033107688395636 202.2566033622979091 -0.0026922138430131 0.9999962571302611 0.0004875552197928 -0.3517094472243216 -0.0033094446389135 -0.0004964640806139 0.9999944005341223 2.2485065641503574
0.9999877785873819 0.0035368462109441 0.0034544745987518 203.4534799560107672 -0.0035409617955255 0.9999930274852228 0.0011859892500317 -0.3466698942087165 -0.0034502558507915 -0.0011982069181456 0.9999933299951282 2.2708314824951370
0.9999813081795565 0.0048629084107566 0.0037061318502407 204.6559112227224659 -0.0048670631406496 0.9999875365543474 0.0011128487555364 -0.3430502410417315 -0.0037006739774946 -0.0011308659320900 0.9999925130491507 2.2845087493124221
0.9999774455854921 0.0055774647842880 0.0037416850340757 205.8220908890344560 -0.0055821914842435 0.9999836331740776 0.0012540024741214 -0.3515020719561388 -0.0037346296399293 -0.0012748609931638 0.9999922136051363 2.2995699481992942
0.9999713516494384 0.0065639648277556 0.0037696480120992 206.9845954633948963 -0.0065687894193973 0.9999776201985718 0.0012689001396754 -0.3422450159665288 -0.0037612346322385 -0.0012936258117561 0.9999920897918645 2.3110532824417569
