1.0000000000000000 0.0000000000000000 -0.0000000000000000 0.0000000000000000 -0.0000000000000000 1.0000000000000000 0.0000000000000000 -0.0000000000000000 0.0000000000000000 -0.0000000000000000 1.0000000000000000 0.0000000000000000
0.9999994194011782 0.0006181045617673 0.0008826913713926 0.8616237162726836 -0.0006194503357228 0.9999986450724658 0.0015251670446441 0.0337940694968832 -0.0008817474627020 -0.0015257129426002 0.9999984473595090 0.0146398136641503
0.9999990884095549 0.0006040852656588 0.0012075848007614 1.6015981200323881 -0.0006100605179754 0.9999875434095435 0.0049538724156630 0.0252392740292119 -0.0012045771970379 -0.0049546045995693 0.9999870003590238 0.0223911914819761
0.9999988733288216 0.0010165159781229 0.0011045525580943 2.3668388359261217 -0.0010229856459294 0.9999822329814781 0.0058725822041888 0.0339438891759142 -0.0010985633598451 -0.0058737055291318 0.9999821462115719 0.0405864780917776
0.9999985917205303 0.0014277901804165 0.0008820272994482 3.0860130876904428 -0.0014342065151209 0.9999722001230857 0.0073172421490191 0.0457003107279413 -0.0008715552927097 -0.0073184968535966 0.9999728396287449 0.0445816841259493
0.9999982106569627 0.0016345923904836 0.0009522555275853 3.8198128037461623 -0.0016417857537499 0.9999697500204576 0.0076028667989227 0.0530858038731174 -0.0009397991336597 -0.0076044165943451 0.9999706443820479 0.0649186914684946
0.9999961941211705 0.0023074988397613 0.0015123466133069 4.5169165856489704 -0.0023188397496780 0.9999688812294628 0.0075405274955918 0.0539827389076383 -0.0014948997924924 -0.0075440056867001 0.9999704261890996 0.0787927499924646
0.9999900962761802 0.0026284632798427 0.0035914524001436 5.2015958079686211 -0.0026589024185521 0.9999603638428070 0.0084971160572079 0.0566295081458087 -0.0035689756912307 -0.0085065812255901 0.9999574493389045 0.0958383680516776
0.9999606121270520 0.0040257580735075 0.0079099599509087 5.8615024800633222 -0.0040922571041717 0.9999562711463130 0.0084088778653685 0.0642631267407528 -0.0078757619494717 -0.0084409162473583 0.9999333594328276 0.0995996786821864
0.9999229644258073 0.0047899882857694 0.0114508177056454 6.4916060781898688 -0.0048805430230476 0.9999569369275382 0.0078933256803258 0.0550290269580273 -0.0114125156607082 -0.0079486038219112 0.9999032824146425 0.1101803725666372
0.9998899840154100 0.0059548151726163 0.0135852877011546 7.1016981443931728 -0.0060503279798717 0.9999571932385963 0.0070003729703776 0.0453349487640587 -0.0135430202318074 -0.0070817982637457 0.9998832105482882 0.1214461255768430
0.9998770327489723 0.0073046650179084 0.0138766440498685 7.6613527148348570 -0.0074015069883125 0.9999485237545032 0.0069402835310820 0.0504237143143980 -0.0138252332860088 -0.0070421381814043 0.9998796283625452 0.1258070204207937
0.9998950250943812 0.0081749342292354 0.0119628275024932 8.2347457327526996 -0.0082740532392517 0.9999316565164736 0.0082596815444062 0.0611781452979306 -0.0118944875678090 -0.0083577955567633 0.9998943286262457 0.1310042130016944
0.9999161227988996 0.0093723497887740 0.0089390394479942 8.7558660984862833 -0.0094480275015707 0.9999195643105317 0.0084616597287895 0.0456710374441972 -0.0088590147954212 -0.0085454062789970 0.9999242440747106 0.1367684843622786
0.9999144318616435 0.0108483487650142 0.0073104229617181 9.2506705138400314 -0.0108949699972024 0.9999203708964822 0.0063680055748673 0.0550898971497161 -0.0072407584938776 -0.0064471075153199 0.9999530020061539 0.1306526178411737
0.9999049161640743 0.0127493953598738 0.0052546692449002 9.7284561417088877 -0.0127672386146412 0.9999127954587443 0.0033762547350826 0.0341766622082356 -0.0052111658074261 -0.0034430213239220 0.9999804944873127 0.1543074452714246
0.9998841224365673 0.0146665950574264 0.0040783193446599 10.1703309459482778 -0.0146740526868951 0.9998907015878349 0.0018047315394649 0.0297868925204160 -0.0040514043241546 -0.0018643678845089 0.9999900550782460 0.1859988357577786
0.9998531546022679 0.0169763221684053 0.0023395977277811 10.5711989904446675 -0.0169876505127639 0.9998436420285917 0.0049103182236698 0.0255796958082152 -0.0022558727689120 -0.0049493414345773 0.9999852074192970 0.1707372547295509
0.9997983327992256 0.0200333431434358 0.0013996050822506 10.9595969445075223 -0.0200455536064562 0.9997554789213792 0.0093358527888111 0.0159115719673099 -0.0012122345068514 -0.0093620259122165 0.9999554404863845 0.1706077719773418
0.9997343188560640 0.0229437087845820 0.0022086033165905 11.3069061200703604 -0.0229643329442883 0.9996880961325909 0.0098157966166616 0.0288470876846061 -0.0019827036656131 -0.0098639078464919 0.9999493848231371 0.1644953138873452
0.9996457937951342 0.0264627936372080 0.0028297527472441 11.6306554467398566 -0.0264802036281896 0.9996294669764993 0.0063029808891883 -0.0041172413720031 -0.0026619097478331 -0.0063756807632126 0.9999761321808136 0.1800333896546314
0.9995679837249952 0.0292569922307701 0.0028061214436131 11.9261718858512502 -0.0292605203242532 0.9995710691960956 0.0012245719775008 -0.0256893367762829 -0.0027690905188547 -0.0013061515160098 0.9999953130419740 0.1995638933225208
0.9995033707923684 0.0312611882891967 0.0039686120295118 12.1774257477382335 -0.0312534839526658 0.9995095120597748 -0.0019887289536978 -0.0322538885065029 -0.0040288355034496 0.0018637083404346 0.9999901474893180 0.2097043757678157
0.9994197545679080 0.0336872531422448 0.0050322117555746 12.4117996627461071 -0.0336705791438741 0.9994273297412026 -0.0033622412890112 -0.0354840641742287 -0.0051425946309944 0.0031908528796769 0.9999816859214781 0.2060376751244221
0.9993440202586849 0.0359653708147878 0.0042451472723592 12.6070393312607916 -0.0359556155964489 0.9993506191863349 -0.0023523687995899 -0.0425379541578699 -0.0043269943713397 0.0021981888098380 0.9999882224734783 0.2076702344255552
0.9992684184227912 0.0381293577165035 0.0029631103490153 12.7962862294757151 -0.0381264913283291 0.9992724025519099 -0.0010179180343066 -0.0553696502371615 -0.0029997669583431 0.0009042003431990 0.9999950918979228 0.2186215667157451
0.9991742480600673 0.0405736548028824 0.0021448891662850 12.9796535347982687 -0.0405755373930315 0.9991761193589036 0.0008415866852175 -0.0598945338811135 -0.0021089757859709 -0.0009279217739500 0.9999973455876349 0.2181601740133471
0.9990979301346884 0.0424299328377324 0.0017397700902028 13.1447317138587572 -0.0424357688097403 0.9990931806727842 0.0034672552062964 -0.0662723754724433 -0.0015910770275256 -0.0035379559811894 0.9999924756423758 0.2199465017032630
0.9990457871226754 0.0436735520804810 0.0003688917285203 13.2927855826350090 -0.0436748068599318 0.9990346855722646 0.0047125650419019 -0.0595377748640720 -0.0001627211772223 -0.0047241795266491 0.9999888277623998 0.2163109154957032
0.9989637920091070 0.0454904824527325 -0.0013993787919060 13.4435558095814720 -0.0454841202069136 0.9989558743371185 0.0042843828454107 -0.0738407444760732 0.0015928163072473 -0.0042162938204842 0.9999898428497315 0.2274245317757450
0.9988850998777460 0.0471333669741234 -0.0026463106219977 13.5876867916312598 -0.0471251790558805 0.9988842565923537 0.0030756187819945 -0.0740948968676202 0.0027883222870909 -0.0029474819123393 0.9999917687707233 0.2342211982178754
0.9988178605438741 0.0484645309938106 -0.0037510923886158 13.7274574870349522 -0.0484562697456732 0.9988227418133128 0.0022628209984298 -0.0932732844173920 0.0038563429428042 -0.0020783820838217 0.9999904044274731 0.2413854099508859
0.9987420119050123 0.0498943789865110 -0.0049944570754614 13.8581974969618180 -0.0498814287518926 0.9987515380606315 0.0026848253560899 -0.0858464005500136 0.0051221793797242 -0.0024323172229908 0.9999839234264363 0.2394069101013149
0.9986560835500067 0.0513289157269622 -0.0071672309057587 13.9803897017600764 -0.0513038989702826 0.9986764839806165 0.0036318445121452 -0.0983992642368342 0.0073441636017376 -0.0032592567262758 0.9999677197322837 0.2370422976855911
0.9985979570405378 0.0521169876979866 -0.0092703715002281 14.1066846337011214 -0.0520836514097009 0.9986354882397006 0.0038019579281807 -0.0970761394538138 0.0094558685638649 -0.0033137926221790 0.9999498014041306 0.2366855904573301
0.9985356002728984 0.0528657676261640 -0.0114832748351166 14.2318195205729818 -0.0528347573826916 0.9985988000377453 0.0029874697466810 -0.1115241397214676 0.0116251193522693 -0.0023763788569271 0.9999296022338642 0.2419076710299007
0.9985459094017187 0.0522459899891846 -0.0132824450740242 14.3649496960981171 -0.0522229867255427 0.9986332970756924 0.0020730724048668 -0.1169447399684078 0.0133726016376111 -0.0013764090169898 0.9999096354289521 0.2522946279747696
0.9986210455838378 0.0504684425337518 -0.0144548824021518 14.4875425706824075 -0.0504490770864817 0.9987251852387771 0.0017014672764284 -0.1191137669421413 0.0145223255081573 -0.0009698855540314 0.9998940750818794 0.2540241602754628
0.9987510940398713 0.0474958475371753 -0.0155047289845900 14.6039618264261897 -0.0474757738328785 0.9988710096676275 0.0016604049336618 -0.1321479695154970 0.0155660866350395 -0.0009222322374315 0.9998784158259296 0.2545175196058665
0.9989174990293119 0.0434162274786227 -0.0166991414314946 14.7342468900973813 -0.0433849450310412 0.9990559385221813 0.0022311988295235 -0.1315126541389381 0.0167802466512892 -0.0015042922215538 0.9998580701415747 0.2553521986561583
0.9991194540550220 0.0379420419756533 -0.0179086007134140 14.8580898615715888 -0.0379040816208713 0.9992783676672796 0.0024544874608387 -0.1294656086433145 0.0179888055543733 -0.0017735171087013 0.9998366154086337 0.2538737915771755
0.9993306619055109 0.0314402344155226 -0.0187013324495970 14.9759822012541601 -0.0314038347635120 0.9995042747639771 0.0022369377913206 -0.1392283146661365 0.0187623915756866 -0.0016481469695373 0.9998226124037840 0.2588249259629247
0.9995184677013944 0.0241009911814326 -0.0195441793874573 15.1116070852308368 -0.0240598537135313 0.9997077875585249 0.0023372920491276 -0.1269671224144135 0.0195947993901463 -0.0018659364705014 0.9998062622918242 0.2609223122596395
0.9996570398869969 0.0160242028295500 -0.0207129796998001 15.2377431342566627 -0.0159847960473018 0.9998700991004443 0.0020666930574538 -0.1203668431030218 0.0207434061738437 -0.0017348915081361 0.9997833271523195 0.2584894702919632
0.9997385576551714 0.0060742369579974 -0.0220435927864665 15.3874837985290505 -0.0060503851475919 0.9999810366417933 0.0011485627410946 -0.1126165661376783 0.0220501514081708 -0.0010148902317635 0.9997563507278632 0.2629567683849081
0.9996910387184723 -0.0069386081348458 -0.0238680293097872 15.5258900418349537 0.0069278811062993 0.9999758603795412 -0.0005320916963723 -0.1214638240323559 0.0238711451203915 0.0003665724313400 0.9997149764084230 0.2668337885664556
0.9994106217611261 -0.0227128570807575 -0.0257397597943072 15.6802992589679544 0.0226904302211209 0.9997418625082721 -0.0011630670108069 -0.1121319427898534 0.0257595319720680 0.0005783353008992 0.9996680009087315 0.2765985690662529
0.9987487015298313 -0.0420845135833811 -0.0270171225138104 15.8655349703981514 0.0420733293823078 0.9991140423246937 -0.0009825397182822 -0.0762199933442539 0.0270345361928748 -0.0001553900266498 0.9996344880538965 0.2755742162436118
0.9976074753051587 -0.0636243493630851 -0.0270419559830874 16.0625927010120790 0.0636401432723139 0.9979728730809917 -0.0002770536953709 -0.0513591605175427 0.0270047658672781 -0.0014445631155643 0.9996342610464383 0.2808089671312511
0.9958463925897686 -0.0872304683676109 -0.0260922930060129 16.2550735097427186 0.0872617111639177 0.9961854196299620 0.0000590035720849 -0.0088646689423682 0.0259876149480746 -0.0023356166303057 0.9996595364244103 0.2864745392378323
0.9931748067683439 -0.1139510114136121 -0.0248791116898811 16.5018617757265780 0.1140126237845543 0.9934787274759848 0.0010675534927018 0.0229033291129719 0.0245952194221645 -0.0038968000350213 0.9996898969835909 0.2985210902164446
0.9893326330879069 -0.1437920959081549 -0.0233403997756917 16.7011938651220468 0.1438742459710165 0.9895942108472016 0.0018706159348957 0.0633721323159340 0.0228285447109660 -0.0052087438067562 0.9997258256813890 0.3007115057210353
0.9839940748215572 -0.1770128640852660 -0.0205452345909917 16.9885083507500028 0.1770893167215125 0.9841928547618508 0.0019489840497858 0.1302031777240517 0.0198754778351510 -0.0055561303125129 0.9997870247191523 0.3104554285710483
0.9768141684137672 -0.2134002944770857 -0.0171579341184617 17.2503651840951306 0.2134743724531607 0.9769452384848015 0.0025871427489509 0.2172051772983109 0.0162102650147867 -0.0061899369114154 0.9998494446611365 0.3139356965753743
0.9673391861553321 -0.2531850213716150 -0.0123387147383569 17.4836847645147024 0.2532469215145587 0.9673945311520364 0.0037172356033210 0.3054227279912825 0.0109952567836613 -0.0067205691861993 0.9999169656916892 0.3358915824951807
0.9556069865255928 -0.2944828503604572 -0.0097538785647576 17.7940424748705439 0.2945599465315474 0.9556019354854067 0.0077057638087646 0.4149669857612661 0.0070516099443626 -0.0102367836806817 0.9999227385438675 0.3228781225780245
0.9417080440743958 -0.3363580381857829 -0.0070164003154886 18.0791847014726201 0.3364193051055780 0.9416453601443845 0.0112279504288355 0.5491420851541157 0.0028303494229051 -0.0129339037557822 0.9999123477864349 0.3309552465747281
0.9252486466573983 -0.3793471758718625 -0.0032652743675360 18.3409102299754956 0.3793555352704779 0.9251533301376919 0.0134422317636673 0.6891712959797192 -0.0020783932020231 -0.0136761066528899 0.9999043176166991 0.3321188740299730
0.9061493477747504 -0.4229507130564453 0.0024604577701770 18.6628389861220292 0.4228606809535971 0.9060505012332661 0.0161658194474422 0.8570946647330537 -0.0090666438583695 -0.0136082159003895 0.9998662972763678 0.3440802010412138
0.8845213409131917 -0.4664532267481696 0.0065867082332629 18.9678950964895670 0.4662512219435833 0.8844228310428108 0.0201507807872319 1.0404350096272277 -0.0152248318626147 -0.0147527348800255 0.9997752553990896 0.3463197135058196
0.8600500462140321 -0.5101499254960681 0.0078084264482218 19.2115706567666784 0.5098447461916104 0.8599129705323986 0.0246580187962977 1.2472086157341751 -0.0192938536340861 -0.0172260450046528 0.9996654493306469 0.3420909676792037
0.8324474826685722 -0.5540407468158339 0.0083689585081043 19.5273787621486825 0.5536544480662056 0.8322855476071442 0.0277041401379177 1.4935581695207121 -0.0223145857067215 -0.0184287306136135 0.9995811328515101 0.3440898675133799
0.8021559304126735 -0.5970852812112174 0.0059186370643454 19.7895305858176691 0.5966582246834112 0.8018909129947358 0.0311436442008478 1.7210338827170204 -0.0233415128348177 -0.0214506554070145 0.9994973952748409 0.3288901735664858
0.7688479098452738 -0.6394069153251735 0.0056292238275063 20.1093075648034194 0.6389089342444939 0.7685454830834296 0.0336632466441197 2.0314284402642935 -0.0258508272424427 -0.0222853554246816 0.9994173791086870 0.3382112335130908
0.7323309955678153 -0.6809293579341515 0.0051499935957682 20.3786492840602733 0.6803299878546509 0.7319668899994309 0.0370888065358187 2.3243675593618480 -0.0290244820167904 -0.0236575875343376 0.9992987030891776 0.3153218005253304
0.6936459942337315 -0.7202902536694475 0.0060979629632510 20.6191390928198111 0.7196228169415284 0.6933249065857420 0.0379944107075200 2.6155070855579927 -0.0315948733284001 -0.0219664375053227 0.9992593455168118 0.3083165196688509
0.6535719351179891 -0.7568376196430874 0.0063673478868725 20.9229808768350871 0.7561622658744332 0.6533048041473312 0.0375694097060363 2.9826102097132630 -0.0325937615774836 -0.0197395635970664 0.9992737344367796 0.3024721249498942
0.6111343163495810 -0.7914773288473737 0.0088591929969045 21.1911856922911497 0.7907913865095172 0.6110105784188242 0.0362637019986840 3.3653576090919048 -0.0341149586293982 -0.0151562192158931 0.9993029863944140 0.2896745402860904
0.5664462484201996 -0.8240072267521832 0.0122775368400115 21.4271910420522431 0.8232812160758916 0.5664849695414007 0.0360945777129959 3.7266883915158298 -0.0366972329649343 -0.0103377726737767 0.9992729574790177 0.2968854437014793
0.5205067961610275 -0.8537733485168917 0.0119893499588996 21.6779038395320711 0.8530214681945454 0.5205670943099709 0.0369360950953973 4.1909439753253643 -0.0377763146615054 -0.0089983156161655 0.9992457057033904 0.2687611546466972
0.4710070394188078 -0.8820687427127848 0.0103490070546307 21.8781199782166667 0.8813579379628226 0.4710532683080229 0.0362905443091069 4.6089094040660292 -0.0368856883879231 -0.0079719223162975 0.9992876935331146 0.2456658809255560
0.4195409801860259 -0.9076576126887298 0.0119592672327475 22.0712694741345210 0.9069892927155204 0.4196937161747402 0.0350372302392275 5.1296496131598506 -0.0368210380618012 -0.0038526265887434 0.9993144492222751 0.2343194942500151
0.3659055111534589 -0.9305408563148422 0.0143830329334988 22.2581149445447295 0.9299284645588669 0.3661866693769424 0.0337694236523240 5.6159435080035767 -0.0366907033281491 0.0010187735086869 0.9993261501581072 0.2262092021245618
0.3118638120063464 -0.9500223371392648 0.0140897727916140 22.4264070019247974 0.9494815475280548 0.3121641840514441 0.0322228660926746 6.1088536801570301 -0.0350107649816527 0.0033288334210688 0.9993813912633426 0.2258702842604464
0.2588350114646628 -0.9658290101272916 0.0133701173003090 22.5360594878102951 0.9651426960474708 0.2591572750809652 0.0365661460756837 6.6963908898990843 -0.0387816078355084 0.0034394722189730 0.9992417910218466 0.1645611612905072
0.2074354151643721 -0.9781342444230477 0.0149649063658241 22.6440958910406636 0.9772658789703051 0.2078883197964932 0.0416395039906565 7.2774859064232729 -0.0438400540143543 0.0059871845757650 0.9990206220518545 0.1348449670271995
0.1585041040824701 -0.9871893657804819 0.0182648591273994 22.7371489824418269 0.9863101784133798 0.1591608937153787 0.0431282027203681 7.8532188879358582 -0.0454827543930746 0.0111788193317615 0.9989025743540594 0.1471449426932088
0.1141104520834867 -0.9932952633027984 0.0185290211702297 22.7907467465993498 0.9924206804155175 0.1148265222610434 0.0437728553904753 8.4945068194662845 -0.0456069929824762 0.0133936434796006 0.9988696674268559 0.1222075477864159
0.0733856060143815 -0.9971643368009685 0.0166684805002443 22.8401080363836471 0.9963409895154992 0.0740387046857562 0.0426954660324937 9.1254591278538566 -0.0438085087760178 0.0134742577064722 0.9989490772497270 0.1103150194902986
0.0382002982103529 -0.9992024688910145 0.0116259786143529 22.8270917261673176 0.9985359505541577 0.0386155450198146 0.0378786897044728 9.7793711652103283 -0.0382974237716479 0.0101619803642769 0.9992147124054623 0.0767740266519338
0.0093394539926449 -0.9999243679570490 0.0080020600357291 22.8252157807924441 0.9992706825981253 0.0096290557946438 0.0369511053201416 10.4489418910594303 -0.0370253629151131 0.0076511208459794 0.9992850358385261 0.0311337769165412
-0.0120737530627886 -0.9999105800130809 0.0057494751833171 22.7990713195816603 0.9990905277370296 -0.0118282973129642 0.0409659464533734 11.1744146471136130 -0.0408942767771156 0.0062388589165727 0.9991440010160176 0.0070011911643442
-0.0251422900661782 -0.9996656133164049 0.0060437408088538 22.7736505865704437 0.9985852702619212 -0.0248308465031479 0.0470200710108270 11.9050329557496717 -0.0468542769248898 0.0072173828132888 0.9988756609904820 -0.0270763537111186
-0.0332631687455758 -0.9994270104601700 0.0062619779344022 22.7496991949587049 0.9981985442476894 -0.0329079575940228 0.0501670468413676 12.6477074743023454 -0.0499322327439633 0.0079194122027830 0.9987212098696838 -0.0351517843585087
-0.0371664401162279 -0.9992883481467010 0.0064383994381341 22.7111120863043361 0.9981978438849923 -0.0368205822398868 0.0473846935926415 13.4100851173608024 -0.0471139065716232 0.0081879168140525 0.9988559645042956 -0.0720490746636306
-0.0370285377659350 -0.9992262072445403 0.0132617550349810 22.6843089658636075 0.9984198758435413 -0.0364308151853840 0.0427848948286165 14.2008180625466505 -0.0422686516402418 0.0148250619094661 0.9989962855926424 -0.1429187181000704
-0.0335079445576365 -0.9991160084931840 0.0253854136103778 22.6983615335753015 0.9986178004414914 -0.0324405349156058 0.0413533594256455 15.0030702967749470 -0.0404932870105604 0.0267359919777995 0.9988220464327183 -0.1149530419527565
-0.0277475565290284 -0.9992469104628257 0.0271235144693029 22.6574896669777388 0.9987805121955629 -0.0266057221904739 0.0415887485396336 15.8340401691146866 -0.0408357877974447 0.0282444238252691 0.9987665848223701 -0.1591544764085292
-0.0223098525845591 -0.9994224919013891 0.0256310975042716 22.6368801679745779 0.9989627535060547 -0.0212670015669723 0.0402632804420141 16.6836204647837363 -0.0396949314806957 0.0265027795894814 0.9988603080955686 -0.2389333392045636
-0.0191692178002887 -0.9993816594326267 0.0294760899478635 22.6269373833202927 0.9992266047261852 -0.0181372197500358 0.0348888759795893 17.5558641437830296 -0.0343326884514649 0.0301220857416673 0.9989564186961643 -0.2132435119636846
-0.0167050968390048 -0.9994892753648151 0.0272420294823426 22.6170905534631821 0.9995893521500815 -0.0160599325428574 0.0237319538786856 18.4301337592546446 -0.0232823282293817 0.0276272871892305 0.9993471199712256 -0.2260996967660598
-0.0153505334023616 -0.9996783906008897 0.0201860469106464 22.5858260167656049 0.9997715161398888 -0.0150453606559122 0.0151839598946502 19.3232753266428219 -0.0148753702344446 0.0204145166082708 0.9996809345346338 -0.2785186127921778
-0.0163728051585772 -0.9997643932001448 0.0142509417368148 22.5506679539420745 0.9997958922724410 -0.0162012669740585 0.0120703249164815 20.2461932308062842 -0.0118365977541448 0.0144456580875396 0.9998255937492421 -0.2701234491502316
-0.0202108603790039 -0.9997832505997030 0.0049972935707224 22.5190959175936172 0.9996390690064688 -0.0201189578615621 0.0178033494164669 21.1903599835243135 -0.0176989502123864 0.0053553109019238 0.9998290192860594 -0.2887723742857133
-0.0240068171602621 -0.9997116851772173 -0.0004682413501480 22.4691962296418488 0.9993744074594383 -0.0240108800664538 0.0259667355193347 22.1633730076635089 -0.0259704918114857 0.0001554302500094 0.9996626978118704 -0.3412216352329389
-0.0288415600829530 -0.9995813085932037 -0.0023177409433076 22.4417008103466280 0.9989631808462380 -0.0289052778731838 0.0351716963571686 23.1479666155082882 -0.0352239652161458 -0.0013009312713994 0.9993785968552052 -0.3320956702162021
-0.0309838420303004 -0.9995115881077539 -0.0040726860126434 22.4079757982639656 0.9984981692373116 -0.0311361018521230 0.0450771471057325 24.1685514793197456 -0.0451819384575189 -0.0026699063224022 0.9989752069182951 -0.3955714882851798
-0.0317132405825220 -0.9994946621040497 -0.0021658248467677 22.3703227607197448 0.9980902981554773 -0.0317834577170044 0.0529676178760391 25.1836104035367647 -0.0530096887339077 -0.0004819139582770 0.9985938817453625 -0.4174179523241784
-0.0336410161661398 -0.9994335326958689 -0.0009464430071662 22.3460949005524689 0.9979333417364294 -0.0336423639207231 0.0547470254953539 26.2053677869568382 -0.0547478536754896 0.0008972585368328 0.9984998084351571 -0.4353040003630184
-0.0348248572036156 -0.9993910365100170 -0.0021875703834493 22.2896919603551602 0.9980661123525493 -0.0348912978773153 0.0514454342571400 27.2120892064939532 -0.0514904330358276 -0.0003917599663239 0.9986734109957628 -0.5048776642968984
-0.0375974233871985 -0.9992815885429245 -0.0047687056706138 22.2563896711670459 0.9981926610572585 -0.0377794768456809 0.0467345968282143 28.2522295182784760 -0.0468811813638779 -0.0030029865793684 0.9988959589995002 -0.5409067943130578
-0.0421142999699284 -0.9990995669107172 -0.0051420945985675 22.1949796504329449 0.9982668984100840 -0.0422898256219315 0.0409239561574668 29.2734500108249023 -0.0411045651571032 -0.0034096990606715 0.9991490322647373 -0.5582949547314856
-0.0477456732454631 -0.9988491188931857 -0.0045594267890539 22.1449506897541291 0.9981778333821142 -0.0478812031864888 0.0367206117324198 30.3137565315891067 -0.0368966615146468 -0.0027978684246126 0.9993151696543749 -0.5915243207302580
-0.0545191696654406 -0.9984912768295937 -0.0065444812016538 22.0900905118302155 0.9979214122008999 -0.0547112432167323 0.0340519446822251 31.3361309184173606 -0.0343586264270366 -0.0046743941733081 0.9993986365956079 -0.6217914708576606
-0.0610211031904346 -0.9981169247018719 -0.0062473665732487 22.0045000868673242 0.9974543632463678 -0.0612095638693309 0.0365811772870901 32.4134716543513832 -0.0368946907590447 -0.0039992392532233 0.9993111566870401 -0.6475211005801588
-0.0674325925152881 -0.9976898449989299 -0.0082352081138535 21.9395670409376109 0.9968491885613494 -0.0677167203137432 0.0413054603476272 33.4678306631874136 -0.0417676996164049 -0.0054239262496508 0.9991126264304702 -0.6702103322078115
-0.0733734212381094 -0.9972431662402997 -0.0110638349064492 21.8467684357156067 0.9962712957413383 -0.0737977492857733 0.0446922530449007 34.5290667189378198 -0.0453855300474748 -0.0077433576293727 0.9989395347441873 -0.7214748197412344
-0.0775782462498222 -0.9968792062383381 -0.0146104030890007 21.7580704296575291 0.9958637072020976 -0.0781778012177237 0.0463001951881127 35.5887320170893489 -0.0472979110162086 -0.0109580822402110 0.9988207186713337 -0.7535299780533251
-0.0802870045438757 -0.9965853888796129 -0.0192758806035708 21.6667875796980525 0.9955373885126705 -0.0811347014140309 0.0481919941466318 36.6505812801493676 -0.0495913800447683 -0.0153206689843318 0.9986520776161876 -0.7886097249385116
-0.0811959390109311 -0.9964257157771000 -0.0233026270241581 21.5585692059747736 0.9954013084206456 -0.0822604048229436 0.0490862607338602 37.7192038503008931 -0.0508276960190033 -0.0192098603966641 0.9985226720415218 -0.8455695789758062
-0.0832524624735567 -0.9962298080871744 -0.0243966590065291 21.4638163900114449 0.9952346750273108 -0.0843665662492976 0.0488899184145997 38.8090938123217200 -0.0507638563879101 -0.0202101948999684 0.9985061736948515 -0.8788302744830594
-0.0847405835305859 -0.9960914652565136 -0.0249163870982035 21.3603586159713537 0.9951326320444662 -0.0858684301979453 0.0483493261131267 39.8948717709890062 -0.0502998821385165 -0.0206979597659370 0.9985196624595727 -0.9137003643658933
-0.0853656606512667 -0.9960099724819634 -0.0260161238091211 21.2616144031344128 0.9951008144343866 -0.0865365520447943 0.0478099808849521 40.9646808678158791 -0.0498705633975961 -0.0218073353869139 0.9985175847373591 -0.9530920633217028
-0.0866110113817302 -0.9958582060336520 -0.0276580220346766 21.1585014851688840 0.9950175201506737 -0.0878473525330139 0.0471484596370299 42.0511282007163629 -0.0493828644434287 -0.0234366407229627 0.9985049106393943 -0.9984032826029893
-0.0872882246919233 -0.9956699457839939 -0.0319706880224885 21.0445827321380428 0.9950497747508620 -0.0886744308434397 0.0448641402776335 43.1408064486402694 -0.0475048586819442 -0.0278963147582432 0.9984813889224563 -1.0327912175186602
-0.0870682016288895 -0.9954956257795760 -0.0375178266806881 20.9385624290079910 0.9952760421512623 -0.0885492423525960 0.0398074314481670 44.2281430585454061 -0.0429502990074614 -0.0338746325812151 0.9985027696920311 -1.0691774328215644
-0.0865635920717296 -0.9954667266376975 -0.0394048307300909 20.8266860614426328 0.9953709212396094 -0.0880776162792536 0.0384585837125636 45.3160933419541223 -0.0417549240000614 -0.0358933095129506 0.9984829476029907 -1.1107186721515494
-0.0843424525690435 -0.9956456024665522 -0.0397011962496717 20.7182672125380378 0.9953849336162229 -0.0860167844244994 0.0425434686773048 46.4349935234660407 -0.0457731867414348 -0.0359297521044260 0.9983054984769183 -1.1546416040605478
-0.0827156873909010 -0.9957770582583675 -0.0398266908713706 20.6287033476384316 0.9953385618792118 -0.0845358661550426 0.0464201957087704 47.5348265403597381 -0.0495909497355574 -0.0358013628194468 0.9981277473973938 -1.2048349448403350
-0.0811307560343504 -0.9959939946645229 -0.0376000401263206 20.5306058740595283 0.9954916418760753 -0.0828341315593477 0.0462049521554183 48.6471832538744948 -0.0491344215410186 -0.0336818829790571 0.9982240927661556 -1.2312810446022360
-0.0790503141604006 -0.9961643785534001 -0.0375177122498180 20.4445671191294984 0.9957074599465555 -0.0807196926037150 0.0452878066673634 49.7543992332400862 -0.0481425179848405 -0.0337766506225815 0.9982692201178995 -1.2558953082175606
-0.0744523085752407 -0.9963867131155552 -0.0408701807507291 20.3453841105442521 0.9960302203010946 -0.0763059101747710 0.0458389388986326 50.8670456905129171 -0.0487919460031051 -0.0372951203132516 0.9981124285400168 -1.3085950104056712
-0.0683361666268971 -0.9965959776361114 -0.0461153520019573 20.2415913751915220 0.9964299226476533 -0.0704756438935703 0.0464821779844560 52.0021093672460921 -0.0495739607367912 -0.0427743027682527 0.9978540882511615 -1.3602986137959789
-0.0628550150939731 -0.9968104863380128 -0.0491741944937671 20.1572253162044746 0.9967897682158683 -0.0651494577729965 0.0465371478717824 53.1269460372101747 -0.0495923891105482 -0.0460912407997328 0.9977054637837005 -1.3992389092372344
-0.0569060132003674 -0.9971009295785147 -0.0505117995650749 20.0823249645688549 0.9971952647400926 -0.0592292716090050 0.0457547523717938 54.2525718338366048 -0.0486138832184497 -0.0477664067973445 0.9976748271556688 -1.4418857581050850
-0.0512751789892540 -0.9974504885708094 -0.0496324376741060 20.0198222175957135 0.9975371087454058 -0.0535346442847429 0.0453184127829188 55.3736419433793117 -0.0478599278674439 -0.0471864886504612 0.9977388749534434 -1.4765533586680208
-0.0458451836193419 -0.9978207774110653 -0.0474543497024929 19.9622257862326684 0.9978220277189528 -0.0479971917698194 0.0452489843095849 56.4959613673557897 -0.0474280522238337 -0.0452765474499641 0.9978479914863108 -1.5156607212935402
-0.0401381191472256 -0.9981057618014292 -0.0466242388689931 19.9131135501645566 0.9980501394772846 -0.0422807333965993 0.0459157780378326 57.6497107714221286 -0.0478001096305954 -0.0446903551366007 0.9978566638937015 -1.5551758371779194
-0.0349855575509397 -0.9984099811699824 -0.0441986454883594 19.8593541137175507 0.9981779884420477 -0.0370844873901162 0.0475966824978373 58.7839489194969929 -0.0491600869876926 -0.0424529185706719 0.9978882881125494 -1.5854910950659518
-0.0293677912687824 -0.9985157417811121 -0.0458677037937230 19.8167327849384982 0.9983304024567830 -0.0315838832518103 0.0483618222280113 59.9332222551328400 -0.0497387209975385 -0.0443708432875858 0.9977761712425676 -1.6441590305646219
-0.0236578287181199 -0.9987110986662280 -0.0449048832671942 19.7873415560762638 0.9984932429967175 -0.0258295737650842 0.0484156669789099 61.0942251932531590 -0.0495131379559278 -0.0436918129631892 0.9978173553560526 -1.6843842736537886
-0.0190609802286501 -0.9988121941960375 -0.0448428339650818 19.7567796965120657 0.9987898340034183 -0.0210560405149489 0.0444467169682652 62.2284069046987938 -0.0453381354286571 -0.0439413686988664 0.9980048144135995 -1.7144961108239667
-0.0148530248630261 -0.9989062570916131 -0.0443359582691343 19.7327569667360905 0.9991050196269308 -0.0165830800826761 0.0389122244447899 63.3911178307744407 -0.0396048912217731 -0.0437183142195080 0.9982585644977537 -1.7356552253391944
-0.0114459896181263 -0.9989450253719094 -0.0444727512795985 19.7137109282552210 0.9991918238165651 -0.0131400040215350 0.0379873599035335 64.5290150726011120 -0.0385316563333098 -0.0440020065341266 0.9982881021434555 -1.7825989497772941
-0.0083710272755404 -0.9990318803721053 -0.0431882843202617 19.7003725179546691 0.9991369096214143 -0.0101135783087496 0.0402883527332987 65.7110719357715567 -0.0406861368837356 -0.0428137540279802 0.9982542866081315 -1.8274264301234668
-0.0054939335870794 -0.9990708132984583 -0.0427472421203786 19.6807588385480727 0.9991495424894570 -0.0072312764868638 0.0405943393033988 66.8898276602434834 -0.0408657367099836 -0.0424878648031181 0.9982608741744926 -1.8502649487962355
-0.0048039718287691 -0.9989877123334632 -0.0447266415173533 19.6760092628905419 0.9991835908599995 -0.0065894742544816 0.0398588833908608 68.0344852996955751 -0.0401132597875704 -0.0444986453254811 0.9982037852830513 -1.8867718209792275
-0.0034792381544817 -0.9989464259825593 -0.0457595117820922 19.6532646749324655 0.9991515571408589 -0.0053505357077845 0.0408354947397088 69.2165735206821608 -0.0410373094252226 -0.0455786110397274 0.9981174928087514 -1.9236089122747635
-0.0028521129648662 -0.9989364554652019 -0.0460198152348998 19.6383629929950487 0.9991568163922732 -0.0047315751442674 0.0407831883686371 70.3726959829970582 -0.0409575598454452 -0.0458646938207684 0.9981076636076059 -1.9523162894630568
-0.0013469343275330 -0.9989108073635079 -0.0466410195032491 19.6234846243967169 0.9992284634168630 -0.0031751550621482 0.0391458335957566 71.5403692223787004 -0.0392512887112342 -0.0465523073833775 0.9981443878576841 -1.9893822333497313
-0.0001307338765688 -0.9989653855818781 -0.0454768217656336 19.6214644543214511 0.9992837367296339 -0.0018514266486316 0.0377966364512030 72.7285328324724247 -0.0378417285058860 -0.0454393070877454 0.9982501054120017 -2.0182508286618366
-0.0004774272739045 -0.9991109779498253 -0.0421547838725615 19.6348203202118903 0.9992941661619392 -0.0020601057584593 0.0375090047719114 73.9079815023335698 -0.0375625017525915 -0.0421071217777729 0.9984067551642859 -2.0407100050411313
-0.0004955667342061 -0.9992147111214684 -0.0396196351832320 19.6207125511943126 0.9992802970529293 -0.0019975722129830 0.0378800425958516 75.0876259268936082 -0.0379294389020133 -0.0395723487260279 0.9984965632794557 -2.0723609218742647
-0.0001257235639716 -0.9992390254572773 -0.0390045407199820 19.6231779283644130 0.9991707211270427 -0.0017136621135470 0.0406808727122056 76.2802426366859407 -0.0407167562073840 -0.0389670805341107 0.9984105930921389 -2.1011342410287517
-0.0001505940999293 -0.9991695302409567 -0.0407458851846805 19.6026003899669377 0.9990115718199004 -0.0019614997867539 0.0444075656675589 77.4563895452204889 -0.0444506095723001 -0.0406989232861591 0.9981822183108645 -2.1509059397909014
0.0008789718774804 -0.9990719731341193 -0.0430629760506188 19.5967752527908843 0.9989977631426479 -0.0010498574844762 0.0447478159830000 78.6363215654834278 -0.0447514987952888 -0.0430591488206614 0.9980697435842925 -2.1764631220026209
0.0010881882662473 -0.9990200686389891 -0.0442461105957034 19.5858880670762581 0.9990904007214277 -0.0008000121743501 0.0426348585879957 79.8101878428189053 -0.0426284767801373 -0.0442522591182745 0.9981104901414144 -2.2098826296004463
0.0013172690117187 -0.9990065914159716 -0.0445431825287905 19.5794528518943487 0.9991782718438909 -0.0004895582907654 0.0405282791114579 80.9835608508058584 -0.0405098244553967 -0.0445599667877157 0.9981850346917002 -2.2432707757830825
0.0015295209070311 -0.9990918588051622 -0.0425807260981006 19.5744434624047514 0.9992104380905574 -0.0001635679404191 0.0397300095193251 82.1604599877283874 -0.0397008939026787 -0.0426078738588935 0.9983027637488303 -2.2721157855228089
0.0012704670359283 -0.9991590471506805 -0.0409827330769364 19.5811686753138403 0.9991593344630333 -0.0004109664851051 0.0409933587540356 83.3311141216420879 -0.0409757278019508 -0.0410003610166169 0.9983185664544196 -2.2941810445454562
0.0013846643529587 -0.9991722450365432 -0.0406559645472084 19.5718974988665977 0.9990504228075774 -0.0003882388845411 0.0435672119669103 84.5082820973957070 -0.0435469332172864 -0.0406776845359068 0.9982229162808107 -2.3267031139218997
0.0024543194753396 -0.9991782732750987 -0.0404568230451384 19.5800620447634159 0.9989252084762790 0.0005770814049937 0.0463475441385534 85.6885288567498407 -0.0462861122426167 -0.0405270920748662 0.9981057812784270 -2.3644697865612847
0.0025010765775577 -0.9991220963133708 -0.0418184322318357 19.5614991765613340 0.9989146559337206 0.0005511633206285 0.0465747397181176 86.8496452492086775 -0.0465108027964429 -0.0418895318351666 0.9980390835763201 -2.4026208883639129
0.0029308102501413 -0.9991411091259899 -0.0413334538329959 19.5477036062030152 0.9989971868635106 0.0010787125666634 0.0447599934985558 88.0228591369417614 -0.0446769626325458 -0.0414231871502575 0.9981423187983990 -2.4341359221730947
0.0029203110908385 -0.9991877512413876 -0.0401909138028968 19.5473969651677955 0.9990660084467193 0.0011825420477003 0.0431938926313123 89.1752175632389168 -0.0431112810001354 -0.0402795154325940 0.9982579717122437 -2.4639154315105491
0.0027910980237386 -0.9992432750879310 -0.0387954502921065 19.5492764731187840 0.9990341881913924 0.0010850857056613 0.0439262269467438 90.3358294034098606 -0.0438508904879633 -0.0388805835933155 0.9982812227137481 -2.4924918872027804
0.0032195445315274 -0.9993369141816282 -0.0362679815670951 19.5596703347599572 0.9988975504877611 0.0015153445325242 0.0469189445799792 91.5192951192880173 -0.0468328748056418 -0.0363790555799541 0.9982400744072288 -2.5331405267742233
0.0034557156768862 -0.9994163976593110 -0.0339841451098444 19.5507391335206187 0.9987895947199720 0.0017820975983889 0.0491545481849300 92.6641057651103068 -0.0490652984121701 -0.0341128746639191 0.9982128571972455 -2.5725083803167790
0.0034581008187869 -0.9993892209656500 -0.0347739350145921 19.5544228384889784 0.9987115354491457 0.0016909813273837 0.0507189268711503 93.8325423317459411 -0.0506291467391833 -0.0349045211945732 0.9981073909658418 -2.6078342675478874
0.0042121332123017 -0.9993050747042469 -0.0370354641410289 19.5492362984674521 0.9986126928612911 0.0022595042921989 0.0526078349361996 95.0128102832728558 -0.0524875946307574 -0.0372056757860028 0.9979282489734340 -2.6577616550434651
0.0042065686258037 -0.9992356281209331 -0.0388646918701370 19.5412014438007873 0.9986592120625435 0.0021925178000277 0.0517201220833485 96.1496184674288656 -0.0515953771477282 -0.0390301468029631 0.9979050880206608 -2.7118738695960181
0.0052977109078847 -0.9991058303366070 -0.0419460849965246 19.5412681500033045 0.9988020013796369 0.0032461875819160 0.0488264713676386 97.3232425604693105 -0.0486466473579455 -0.0421545021745270 0.9979261002936287 -2.7384672594368702
0.0052798086558801 -0.9990268994469756 -0.0437878727722630 19.5335571896658919 0.9989042877268580 0.0032327994399055 0.0466880388180971 98.4485987571582939 -0.0465010492511308 -0.0439863977741295 0.9979493219745179 -2.7753990495868774
0.0055858499422062 -0.9990168068756260 -0.0439797437515519 19.5346382481705554 0.9989539771644624 0.0035786352493813 0.0455866743364248 99.6093423626762160 -0.0453844663704061 -0.0441883802574942 0.9979918022020484 -2.8095562429578771
0.0058759580414142 -0.9990969386234863 -0.0420806410392382 19.5316171299229957 0.9989608613499297 0.0039628150756802 0.0454036737245167 100.7650127123510515 -0.0451959136217197 -0.0423037035004459 0.9980820237145064 -2.8469931379135711
0.0050916659721266 -0.9990941609136244 -0.0422484622907091 19.5386720884695180 0.9988512469155109 0.0030682660122486 0.0478202078519883 101.9344645229695772 -0.0476472609176810 -0.0424434137644377 0.9979620710002275 -2.8832205152699952
0.0058310811685516 -0.9991892063835409 -0.0398362691405199 19.5462470515676436 0.9987473782483053 0.0038394902736300 0.0498892048100149 103.1009242768390806 -0.0496958039933219 -0.0400772773659699 0.9979599886289973 -2.9196476433378380
0.0052829200495363 -0.9990291657843545 -0.0437357596020404 19.5307446819687449 0.9987918984426175 0.0031347816108269 0.0490399505469272 104.2549826744081685 -0.0488552388300666 -0.0439419965007245 0.9978387978939220 -2.9696021849288932
0.0052286684417698 -0.9988249373303079 -0.0481809671284523 19.5212888732773742 0.9987615553178310 0.0028322633482099 0.0496722649315887 105.4050874029431384 -0.0494774357200693 -0.0483810174700093 0.9976027568642406 -3.0208579345328599
0.0052197559114180 -0.9986871794074419 -0.0509575493468215 19.5194407117913258 0.9987883925780943 0.0027131229270030 0.0491364001047097 106.5811217348161932 -0.0489336387313713 -0.0511522888167431 0.9974913244481458 -3.0790565909319709
