1.0000000000000000 -0.0000000000000481 -0.0000000000000179 0.0000000000000550 0.0000000000000481 1.0000000000000000 -0.0000000000000030 -0.0000000000000470 0.0000000000000179 0.0000000000000030 1.0000000000000000 -0.0000000000000217
0.9999999991683018 -0.0000398875584793 -0.0000085075785783 -0.0019683008527274 0.0000398874657765 0.9999999991451295 -0.0000108963807226 -0.0008347942603098 0.0000085080132010 0.0000108960413677 0.9999999999044450 0.0005815622427569
0.9999999998395023 -0.0000145317848849 0.0000104796363412 -0.0046129020720247 0.0000145320888948 0.9999999994736165 -0.0000290100907571 -0.0025973914597046 -0.0000104792147673 0.0000290102430435 0.9999999995242960 0.0002412992688044
0.9999999991545215 -0.0000264656310847 -0.0000314726427027 -0.0031593020575088 0.0000264652401033 0.9999999995726270 -0.0000124232494842 -0.0042507759197636 0.0000314729714784 0.0000124224165426 0.9999999994275678 0.0007256824892350
0.9999999986677177 0.0000506212126187 -0.0000101023507032 -0.0027309422701881 -0.0000506210975828 0.9999999986539205 0.0000113869814129 -0.0043961093455853 0.0000101029271125 -0.0000113864700056 0.9999999998841396 0.0000440333524090
0.9999999994246402 -0.0000330089645205 0.0000078184307270 -0.0056668475434937 0.0000330092868222 0.9999999986053696 -0.0000412267849560 -0.0016281572384313 -0.0000078170698626 0.0000412270430131 0.9999999991196121 0.0002918374114524
0.9999999998011413 0.0000029643037372 -0.0000197213151825 -0.0032654736419723 -0.0000029643053591 0.9999999999956031 -0.0000000822118175 -0.0063967493672222 0.0000197213149388 0.0000000822702775 0.9999999998055314 0.0006141038917213
0.9999999987265101 -0.0000459694229352 -0.0000208276700898 -0.0054183995260661 0.0000459690443778 0.9999999987782434 -0.0000181758106488 -0.0044170124250242 0.0000208285055959 0.0000181748531976 0.9999999996179241 0.0010561801269634
0.9999999995366768 -0.0000231713145459 0.0000197417463080 -0.0042356161410588 0.0000231716630431 0.9999999995757270 -0.0000176527627899 -0.0004075583146198 -0.0000197413372619 0.0000176532202308 0.9999999996493217 0.0001886157044297
0.9999999983925887 -0.0000489155608080 -0.0000286721226088 -0.0027320227880478 0.0000489149756580 0.9999999985954057 -0.0000204086714373 0.0003198342291340 0.0000286731208702 0.0000204072689084 0.9999999993806977 0.0005471562386635
0.9999999999499914 -0.0000045497878605 0.0000089059828131 -0.0037959018776967 0.0000045498418812 0.9999999999712534 -0.0000060656527173 -0.0045395856273111 -0.0000089059552154 0.0000060656932378 0.9999999999419457 -0.0000703988845887
0.9999999998999392 0.0000065618736243 0.0000125324938194 -0.0031297722444547 -0.0000065616660152 0.9999999998412622 -0.0000165656318358 -0.0015103464727956 -0.0000125326025190 0.0000165655496001 0.9999999997842582 0.0001752288713684
0.9999999983012190 -0.0000581131962284 -0.0000045186635900 -0.0043203679239262 0.0000581131330857 0.9999999982138148 -0.0000139726232047 -0.0021451444734359 0.0000045194755757 0.0000139723605872 0.9999999998921737 0.0007195533000398
0.9999999993339040 -0.0000321488432062 -0.0000172813115999 -0.0035562239017283 0.0000321487430139 0.9999999994664209 -0.0000057979717785 -0.0021409389246232 0.0000172814979888 0.0000057974162021 0.9999999998338699 0.0013895012660745
0.9999999988516228 -0.0000279760637942 0.0000389113646958 -0.0048239873625590 0.0000279768596819 0.9999999993994755 -0.0000204534697540 -0.0017196741813553 -0.0000389107924648 0.0000204545583483 0.9999999990337807 0.0005148414580288
0.9999999998904264 -0.0000018233258539 0.0000146909042180 -0.0021259585218756 0.0000018236105350 0.9999999998105826 -0.0000193780570126 -0.0015414588426771 -0.0000146908688827 0.0000193780838009 0.9999999997043342 -0.0000573419525256
0.9999999997252819 -0.0000215957947469 0.0000091136119935 -0.0045676177274101 0.0000215960042076 0.9999999995026786 -0.0000229838087472 -0.0017170200064188 -0.0000091131156353 0.0000229840055585 0.9999999996943433 0.0004368589330863
0.9999999999595628 0.0000089890098948 0.0000002687291080 -0.0036779482134778 -0.0000089890066124 0.9999999998850333 -0.0000122119229742 -0.0023069216701781 -0.0000002688388810 0.0000122119205581 0.9999999999253983 0.0003485224760443
0.9999999990649300 -0.0000260136052639 -0.0000345460909018 -0.0035478373739842 0.0000260128207725 0.9999999994038218 -0.0000227087994501 -0.0019609735852818 0.0000345466816189 0.0000227079007876 0.9999999991454390 0.0011016850230011
0.9999999995425578 -0.0000279365802109 -0.0000115944807038 -0.0029532319051174 0.0000279364023324 0.9999999994920974 -0.0000153415326246 -0.0029185334003954 0.0000115949092878 0.0000153412087095 0.9999999998151027 0.0001520949442302
0.9999999998250937 0.0000186318007365 0.0000016335759082 -0.0017124799428068 -0.0000186317712795 0.9999999996638811 -0.0000180303904318 -0.0046521419395574 -0.0000016339118463 0.0000180303599922 0.9999999998361182 0.0004500513769975
0.9999999991453676 -0.0000376028326002 0.0000171840550559 -0.0053746421165796 0.0000376030969765 0.9999999991746558 -0.0000153849122068 -0.0015330371770058 -0.0000171834765255 0.0000153855583674 0.9999999997340063 -0.0000728125148761
0.9999999999336548 0.0000004717021768 -0.0000115094663509 -0.0026527500040370 -0.0000004718837442 0.9999999998754556 -0.0000157754884615 -0.0015481792154365 0.0000115094589081 0.0000157754938916 0.9999999998093331 0.0002988920835842
0.9999999998263730 -0.0000149467547777 -0.0000111287236373 -0.0034000030629844 0.0000149465825795 0.9999999997685893 -0.0000154732348129 -0.0049594830373144 0.0000111289549093 0.0000154730684738 0.9999999998183653 0.0001729246466387
0.9999999999384646 0.0000101941969015 -0.0000043759880785 -0.0035529534767571 -0.0000101942964267 0.9999999996893920 -0.0000227440598154 -0.0031631513682775 0.0000043757562197 0.0000227441044241 0.9999999997317792 0.0001983818062124
0.9999999986093379 -0.0000499579806811 -0.0000168974683719 -0.0039320773297292 0.0000499575927657 0.9999999984886153 -0.0000229566590096 0.0006971845268574 0.0000168986152147 0.0000229558148208 0.9999999995937336 0.0005030309775539
0.9999999984562334 -0.0000549637777340 -0.0000081557508663 -0.0041341803763958 0.0000549635280503 0.9999999980209733 -0.0000306115005862 -0.0000098396288539 0.0000081574333739 0.0000306110522701 0.9999999994982098 -0.0001575897750330
0.9999999999613843 0.0000087170248493 -0.0000011157169898 -0.0032311482069176 -0.0000087170390336 0.9999999998811872 -0.0000127137316730 -0.0039522984208330 0.0000011156061638 0.0000127137413983 0.9999999999185581 0.0003792974379596
0.9999999986340601 -0.0000521902717129 -0.0000028382109895 -0.0023659589391921 0.0000521902218202 0.9999999984836296 -0.0000175761599522 -0.0026093150482212 0.0000028391282898 0.0000175760118014 0.9999999998415116 0.0002751990153214
0.9999999993166412 -0.0000114336138379 -0.0000351566493167 -0.0030982536276249 0.0000114333311884 0.9999999999023194 -0.0000080399081300 -0.0048799060895043 0.0000351567412384 0.0000080395061669 0.9999999993496850 0.0009389185970698
0.9999999994568936 -0.0000328927617893 -0.0000020685957210 -0.0026946779993852 0.0000328927354037 0.9999999993777009 -0.0000127540638944 -0.0010031291399026 0.0000020690152361 0.0000127539958457 0.9999999999165274 0.0003643981774618
0.9999999991384938 -0.0000364356049047 -0.0000198861511640 -0.0018731104377425 0.0000364352829170 0.9999999992051498 -0.0000161916778162 0.0003242158439236 0.0000198867411017 0.0000161909532448 0.9999999996711852 0.0002617544098785
0.9999999995230840 -0.0000303263224235 -0.0000058434717532 -0.0030463215659051 0.0000303262732356 0.9999999995047316 -0.0000084174816637 -0.0010975135541797 0.0000058437270215 0.0000084173044489 0.9999999999474999 0.0006757905138648
0.9999999994202090 -0.0000248646639964 -0.0000232665093340 -0.0031008243987224 0.0000248643066677 0.9999999995729454 -0.0000153582351536 -0.0029840306386157 0.0000232668912014 0.0000153576566391 0.9999999996113971 0.0007101382173038
0.9999999991015365 -0.0000419377492401 -0.0000061767480124 -0.0016277164254900 0.0000419376955865 0.9999999990828893 -0.0000086862553747 -0.0010749927258683 0.0000061771122888 0.0000086859963283 0.9999999999431983 0.0006362519134552
0.9999999998573383 -0.0000159175670942 -0.0000056528239667 -0.0015318480773429 0.0000159174818778 0.9999999997596930 -0.0000150747423822 -0.0036334371439995 0.0000056530639185 0.0000150746524013 0.9999999998703989 0.0002858316102369
0.9999999992730338 -0.0000276528263551 -0.0000262536393572 -0.0034719179908154 0.0000276522918500 0.9999999994104224 -0.0000203594204240 -0.0013994831711708 0.0000262542023373 0.0000203586944359 0.9999999994481202 0.0004366546495683
0.9999999984998060 -0.0000546929780604 -0.0000030109867072 -0.0020912096565985 0.0000546929681961 0.9999999984989733 -0.0000032760836918 -0.0017469095510905 0.0000030111658814 0.0000032759190071 0.9999999999901006 0.0000617016552115
0.9999999997258197 -0.0000218078717501 -0.0000085309654169 -0.0027077997319782 0.0000218076390366 0.9999999993901733 -0.0000272778357990 -0.0018455335288215 0.0000085315602832 0.0000272776497513 0.9999999995915712 0.0007433623243030
0.9999999999190510 0.0000127065787588 -0.0000006639710749 -0.0039319005601924 -0.0000127065806609 0.9999999999151680 -0.0000028647676907 -0.0045828883878547 0.0000006639346734 0.0000028647761273 0.9999999999956761 0.0001381673674359
0.9999999997762056 -0.0000181018226434 0.0000109504695375 -0.0043456761473638 0.0000181021363336 0.9999999994258350 -0.0000286468634287 -0.0020535773865560 -0.0000109499509708 0.0000286470616492 0.9999999995297222 -0.0003028639047253
0.9999999997913184 0.0000002315740213 0.0000204281592753 -0.0041310348951617 -0.0000002310851425 0.9999999997136123 -0.0000239316127706 -0.0024463498358288 -0.0000204281648114 0.0000239316080449 0.9999999995049841 -0.0002628505449079
0.9999999997551705 -0.0000213929725997 -0.0000056568221362 -0.0023670941038795 0.0000213928951499 0.9999999996774488 -0.0000136911100936 -0.0037115434848071 0.0000056571150279 0.0000136909890744 0.9999999998902769 0.0002055088569365
0.9999999988475144 -0.0000339733174499 -0.0000339232198153 0.0018413183522456 0.0000339727674045 0.9999999992914645 -0.0000162148665700 -0.0028898211943924 0.0000339237706640 0.0000162137140856 0.9999999992931466 0.0007524136928726
0.9999999874749783 -0.0000149692601940 -0.0001575625732680 0.0246545098769963 0.0000149729957439 0.9999999996068889 0.0000237072048368 -0.0124593458184542 0.0001575622183267 -0.0000237095637236 0.9999999873060019 0.0025584600427566
0.9999999898128422 -0.0000994123537589 -0.0001024280206977 0.0302735377311280 0.0000994155411494 0.9999999945742432 0.0000311137232626 -0.0102000615842292 0.0001024249270535 -0.0000311239058828 0.9999999942702184 0.0020835529544052
0.9999999890833667 -0.0001325158707660 -0.0000653667382765 0.0244500740313045 0.0001325145895617 0.9999999910277796 -0.0000196041897357 -0.0023252997460638 0.0000653693355563 0.0000195955274752 0.9999999976714327 0.0005873398167779
0.9999999953440608 -0.0000824492381381 -0.0000501398196368 0.0128576540708731 0.0000824498252602 0.9999999965324775 0.0000117077439711 -0.0085810756186629 0.0000501388541684 -0.0000117118779360 0.9999999986744637 0.0004205814908660
0.9999999991219107 -0.0000368986632920 -0.0000198662324282 -0.0009473528190682 0.0000368983677737 0.9999999992086140 -0.0000148755661832 -0.0116998600417834 0.0000198667813010 0.0000148748331386 0.9999999996920251 0.0005473427598369
0.9999999972048935 0.0000686495912844 0.0000296217237159 -0.0123748297829424 -0.0000686512729463 0.9999999960318603 0.0000567739571122 -0.0199677409272020 -0.0000296178260894 -0.0000567759905226 0.9999999979496357 0.0000132207184885
0.9999999964768110 -0.0000191465167149 0.0000817299752718 -0.0284681943721756 0.0000191433456928 0.9999999990640706 0.0000387993702497 -0.0232037127410321 -0.0000817307180681 -0.0000387978055278 0.9999999959074100 0.0002247873164492
0.9999999965265677 -0.0000810001171104 0.0000196429549176 -0.0371360005612756 0.0000809983715648 0.9999999927726292 0.0000888482148254 -0.0306727947659682 -0.0000196501514914 -0.0000888466234694 0.9999999958600745 0.0008795712863006
0.9999999530700019 -0.0003053132306412 0.0000253737089750 -0.0519181094455472 0.0003053117335303 0.9999999516527335 0.0000589853893280 -0.0225677754358790 -0.0000253917167680 -0.0000589776396687 0.9999999979384494 0.0022603529940437
0.9999999114832301 -0.0003958836226319 0.0001425120670574 -0.0789962766021889 0.0003958738805437 0.9999999193039200 0.0000683814616785 -0.0140288680678213 -0.0001425391266580 -0.0000683250388206 0.9999999875071431 0.0018840706338963
0.9999999609641412 -0.0002118844479952 0.0001821447136491 -0.1177913588120738 0.0002118750535067 0.9999999762234685 0.0000515948070106 -0.0064823142837843 -0.0001821556414555 -0.0000515562130756 0.9999999820806394 0.0014678323089987
0.9999999423366863 -0.0001524502454849 0.0003034560044402 -0.1852359096202983 0.0001524053917762 0.9999999774598530 0.0001478272303357 -0.0025157557590287 -0.0003034785338978 -0.0001477809734802 0.9999999430307801 0.0014542380245903
0.9999993042803398 -0.0010483456197225 0.0005407497554963 -0.2860066986945293 0.0010482824166462 0.9999994436896962 0.0001171506429016 0.0040666733446687 -0.0005408722690350 -0.0001165837029371 0.9999998469327027 0.0041752667912662
0.9999995962193459 -0.0005401413817078 0.0007181980457981 -0.3460409706690311 0.0005400366171953 0.9999998435138511 0.0001460572676132 -0.0077709417373150 -0.0007182768249844 -0.0001456693553950 0.9999997314293847 0.0052262289908033
0.9999993154871615 -0.0007483435645012 0.0008994482297138 -0.4355103131959373 0.0007482646342125 0.9999997161702806 0.0000880874303978 -0.0062092478178920 -0.0008995138940853 -0.0000874143448002 0.9999995916166600 0.0070088968504299
0.9999993099657477 -0.0005274934051362 0.0010496755384223 -0.4987234573903815 0.0005273629331677 0.9999998531852746 0.0001245703252423 -0.0091078892831557 -0.0010497410943396 -0.0001240166793137 0.9999994413315930 0.0079960247573112
0.9999986925623349 -0.0006884614091473 0.0014631795887327 -0.5781300024079729 0.0006881178799142 0.9999997355701318 0.0002352731388888 0.0014887981234131 -0.0014633411783010 -0.0002342659912473 0.9999989018754176 0.0051314864099225
0.9999983348461423 -0.0008161098300540 0.0016322590749732 -0.6697669871576980 0.0008156948919991 0.9999996348439270 0.0002548604638138 0.0078207470578680 -0.0016324664730737 -0.0002535286140420 0.9999986353872969 0.0064007607505088
0.9999975316897781 -0.0012637198896167 0.0018274644707087 -0.7994162467483892 0.0012631167682982 0.9999991474380657 0.0003311482618187 0.0153012351295113 -0.0018278813913270 -0.0003288391434256 0.9999982753557313 0.0092157130822140
0.9999966460230004 -0.0014055408814293 0.0021754074516423 -0.9075034043014742 0.0014046576079170 0.9999989304392707 0.0004075013118391 0.0080964769221407 -0.0021759778846649 -0.0004044442424618 0.9999975507695508 0.0122215708645177
0.9999964774847766 -0.0012271820574041 0.0023535169930768 -1.0061275812144621 0.0012259630313666 0.9999991136540414 0.0005193320493089 -0.0092202700118707 -0.0023541522220193 -0.0005164448951266 0.9999970956217752 0.0198508114039355
0.9999961437648196 -0.0010654406503080 0.0025646231128397 -1.1176558302979993 0.0010637778454502 0.9999992231725859 0.0006496390691945 -0.0055269163911731 -0.0025653132724425 -0.0006469083747841 0.9999965003325606 0.0202125925392230
0.9999935996287491 -0.0017664030850191 0.0031113536729474 -1.3121744752622129 0.0017643404895509 0.9999982220743460 0.0006655454784897 0.0029238835510994 -0.0031125237627783 -0.0006600517314890 0.9999949382509583 0.0223808863711238
0.9999942557388671 -0.0008446934396283 0.0032825268105840 -1.4694019630474642 0.0008429439958150 0.9999995019825250 0.0005343033988224 -0.0021914234029347 -0.0032829764984040 -0.0005315333433780 0.9999944697535161 0.0251107971317796
0.9999933680538352 -0.0000648586148717 0.0036413790940994 -1.6274772111157312 0.0000629331152060 0.9999998581546481 0.0005288951754476 -0.0026875207501798 -0.0036414128809952 -0.0005286625045133 0.9999932302911787 0.0278297538911769
0.9999919282269542 0.0008061774569365 0.0039361858246475 -1.8298677827859000 -0.0008084441822383 0.9999995082921277 0.0005743113329473 -0.0028498061826320 -0.0039357208923440 -0.0005774888837667 0.9999920882725256 0.0313252890014252
0.9999913399273321 0.0013832392144827 0.0039251394388377 -2.0268418011595233 -0.0013862250919417 0.9999987518408880 0.0007580875018530 0.0106362091906056 -0.0039240859232786 -0.0007635220635396 0.9999920092599367 0.0368282471343234
0.9999905455728985 0.0019465262058091 0.0038884187720625 -2.2310313838260432 -0.0019505552814989 0.9999975644812124 0.0010326498619691 0.0198522514335668 -0.0038863992217278 -0.0010402246746288 0.9999919068841086 0.0474559434169999
0.9999865764926283 0.0032909843735981 0.0040020315348055 -2.4494988911478806 -0.0032956234631927 0.9999939045461338 0.0011531420409960 0.0238325620411605 -0.0039982121681695 -0.0011663157508119 0.9999913269659031 0.0530820425584470
0.9999818484599136 0.0044783483386648 0.0040307749691526 -2.6422329812277536 -0.0044832970023421 0.9999892063476041 0.0012195229713717 0.0192133650847365 -0.0040252700136959 -0.0012375719964879 0.9999911327691213 0.0545384654332226
0.9999732566438592 0.0057836889327409 0.0044760405945380 -2.8900755840045527 -0.0057904502502449 0.9999821115693559 0.0014990754456517 0.0192291754361575 -0.0044672903391319 -0.0015249536457239 0.9999888588546396 0.0619593262852258
0.9999617142267592 0.0074126797686771 0.0046499741212384 -3.1283339969843107 -0.0074213794700148 0.9999707379183432 0.0018564573268086 0.0175467311743435 -0.0046360767296481 -0.0018908954733838 0.9999874655748768 0.0695196614578003
0.9999527944673192 0.0082535625495399 0.0051271378214472 -3.3948840720609037 -0.0082648181192987 0.9999634738863192 0.0021779978556985 0.0333070343484675 -0.0051089743054935 -0.0022202699037164 0.9999844842711814 0.0773934456674903
0.9999274497402337 0.0103978780562170 0.0060810679917645 -3.6471693413319546 -0.0104136609316616 0.9999424749304507 0.0025695322463759 0.0376963892225086 -0.0060540004949460 -0.0026326720063126 0.9999782088206295 0.0850040185630366
0.9999095228600805 0.0118137014687892 0.0064329271200941 -3.9106368816941668 -0.0118311012892435 0.9999264360106118 0.0026735013370983 0.0381670333980150 -0.0064008699416388 -0.0027493680586879 0.9999757346252298 0.0983903142527241
0.9998826833826880 0.0135299733440634 0.0071804799800662 -4.1965114790498470 -0.0135484006377394 0.9999050308899353 0.0025238940462519 0.0379192790133661 -0.0071456498371036 -0.0026208819710811 0.9999710349135614 0.1071654048044283
0.9998656043114607 0.0141826854112123 0.0082234268650126 -4.5215513315378111 -0.0142000924791361 0.9998970469432045 0.0020622530987142 0.0419031024515810 -0.0081933319511421 -0.0021787493627676 0.9999640605355538 0.1100117412982122
0.9998234323065595 0.0166129139559261 0.0087815317925603 -4.8043970283489834 -0.0166296268872990 0.9998600369040620 0.0018336062273482 0.0309433137916367 -0.0087498411596996 -0.0019793160689352 0.9999597604841803 0.1124876080630651
0.9997842901198908 0.0183505944501462 0.0097277393464429 -5.1240877739318424 -0.0183693700774132 0.9998295679083152 0.0018442828499890 0.0468216947917373 -0.0096922377408472 -0.0020225774640280 0.9999509836526873 0.1158128296000308
0.9997368392733562 0.0201541249458277 0.0109573467311903 -5.4412340085824766 -0.0201802887374216 0.9997937518553087 0.0022824761903896 0.0716142175811092 -0.0109090854884292 -0.0025029979531283 0.9999373614657334 0.1179124846602844
0.9997004731362650 0.0214623656358775 0.0117614145594735 -5.7808428074839524 -0.0214943954167831 0.9997655784505449 0.0026036726204121 0.1098929837074703 -0.0117027764566733 -0.0028556972457200 0.9999274423759186 0.1388233070482262
0.9996518620895326 0.0233498908250146 0.0122856509550727 -6.1154695786585416 -0.0233868701504105 0.9997223559885388 0.0028749332676279 0.1172571778126330 -0.0122151105397298 -0.0031612553179670 0.9999203956012283 0.1478605205172203
0.9996004684690200 0.0255894546831939 0.0120034680627183 -6.4618563224003678 -0.0256246905579047 0.9996677378726001 0.0027908942097695 0.1187632913243623 -0.0119280623039771 -0.0030973643142619 0.9999240609486189 0.1591570671406605
0.9995578891474479 0.0273314961331978 0.0117053646769011 -6.8429221515089838 -0.0273629807385891 0.9996223414138576 0.0025380763141978 0.1228132812194907 -0.0116315746224597 -0.0028572478713069 0.9999282687305145 0.1638679319825055
0.9995072093776990 0.0291821941108496 0.0115645124791870 -7.2129491086475079 -0.0292091447332949 0.9995709698853251 0.0021684156566290 0.1315465844271979 -0.0114962718284672 -0.0025051366005027 0.9999307776164602 0.1732418062277368
0.9994311261524855 0.0316475654069608 0.0116557145378042 -7.5761675404675248 -0.0316703410706469 0.9994967934969748 0.0017746227020017 0.1323006267787792 -0.0115936868184171 -0.0021427536203917 0.9999304951009739 0.1830329815747092
0.9993849507669363 0.0332190208675424 0.0112346265256091 -7.9582355842436288 -0.0332371195803620 0.9994464740529412 0.0014280704269066 0.1419086742515480 -0.0111809687670099 -0.0018005987185582 0.9999358698345039 0.1897962015965360
0.9993196103997007 0.0351402013974714 0.0112018978898830 -8.3647731325261603 -0.0351604529001027 0.9993803735466381 0.0016160203098241 0.1648141174631403 -0.0111381696184729 -0.0020087845895604 0.9999359509298698 0.1940207635060012
0.9992743086072864 0.0364056934167213 0.0112018589652585 -8.7619124082806650 -0.0364295023784295 0.9993343641501047 0.0019287263066642 0.1981298007729133 -0.0111241859877406 -0.0023354047944023 0.9999353970985108 0.2090643526099728
0.9991869794991765 0.0387038466841797 0.0112868175833506 -9.1502917474223064 -0.0387314417974882 0.9992471532029482 0.0022365670326575 0.2236786341379363 -0.0111917565913532 -0.0026719033761169 0.9999338005671918 0.2217967053139453
0.9991475898026890 0.0397032243304985 0.0113025558719939 -9.5779552653471107 -0.0397296893053544 0.9992082012202451 0.0021265939673748 0.2443035336827201 -0.0112091738846998 -0.0025738282701422 0.9999338627273597 0.2352184882005805
0.9990425210387947 0.0422227629081156 0.0114577244186866 -9.9943384715026529 -0.0422482229264716 0.9991051651932068 0.0019891062842824 0.2622300686247733 -0.0113634860850298 -0.0024712702523343 0.9999323797174163 0.2441751916405339
0.9990023476509298 0.0435650712210130 0.0098180424443454 -10.4560976224180227 -0.0435839944193276 0.9990482828073675 0.0017216416893009 0.2698518014731168 -0.0097336950017417 -0.0021478335965284 0.9999503197621643 0.2475703517980224
0.9989076923360460 0.0458222767099294 0.0091510190139637 -10.8682687919327048 -0.0458408298087686 0.9989470841032316 0.0018279726733752 0.2985260101677206 -0.0090576218909147 -0.0022454662700105 0.9999564577354914 0.2543072882738665
0.9989167380067598 0.0455454552037604 0.0095374021733657 -11.3444410404395359 -0.0455663542227663 0.9989593411978998 0.0019854461220273 0.3356526089311263 -0.0094370489444346 -0.0024178800095002 0.9999525468558396 0.2715874292094600
0.9988493323897387 0.0469085860965692 0.0099797662795264 -11.7807214122786181 -0.0469346021745147 0.9988951081753916 0.0023887197392338 0.3650736698448161 -0.0098566882518042 -0.0028543674769240 0.9999473477553773 0.2873229960565683
0.9987748159343131 0.0484167665594540 0.0102315087502510 -12.2388468614797770 -0.0484433386260203 0.9988231317256696 0.0023652637253367 0.3900549656841744 -0.0101049491905631 -0.0028580142849528 0.9999448593578564 0.3022046509930381
0.9987592303364294 0.0488737141469067 0.0095582364100055 -12.7188556984985350 -0.0489000777387898 0.9988004355196841 0.0025440917494766 0.4150487148922564 -0.0094224314761862 -0.0030083336211075 0.9999510826604973 0.3106293467397132
0.9987590545929982 0.0490713122474483 0.0085063025348199 -13.1913934196803506 -0.0490976679578374 0.9987897208553109 0.0029176214408504 0.4449741172732323 -0.0083528360215197 -0.0033316404493275 0.9999595643336354 0.3232781542234746
0.9987655425457062 0.0490528441145537 0.0078236505324836 -13.6645017135025437 -0.0490844500981284 0.9987870170449804 0.0039001719134313 0.4748700450202685 -0.0076228460528522 -0.0042793769012866 0.9999617888456495 0.3452230872018586
0.9987949893512347 0.0485048332135866 0.0074733126382529 -14.1659948880999433 -0.0485384242619648 0.9988117086604256 0.0043808689784957 0.5080023534916007 -0.0072519388464344 -0.0047383328042036 0.9999624780886551 0.3772608283777075
0.9988204619150467 0.0479805446650174 0.0074533343854256 -14.6645418160240784 -0.0480161115070371 0.9988356510838793 0.0046685286318879 0.5143758421344515 -0.0072206575570702 -0.0050209020595158 0.9999613255756206 0.3911207002409353
0.9988406905043501 0.0474738659043008 0.0079691309998962 -15.1819754056487159 -0.0475119033833423 0.9988598318093043 0.0046535400267239 0.5416716218374820 -0.0077391233150136 -0.0050267737156988 0.9999574178515434 0.3973696237762608
0.9988674789185498 0.0467790750597589 0.0086877900212858 -15.6883285561396910 -0.0468200287989936 0.9988928787364206 0.0045718391187727 0.5696332707404640 -0.0084643051789215 -0.0049734239935859 0.9999518091346293 0.4050764654446783
0.9988804416688228 0.0462160379723183 0.0100965878215637 -16.2125397552353299 -0.0462655949776385 0.9989179707293969 0.0047310120723622 0.5830906273170855 -0.0098670143844237 -0.0051928400711903 0.9999378362874027 0.4196968029550723
0.9988812420938600 0.0459373208385970 0.0112261635120541 -16.7464174023793326 -0.0459936366678922 0.9989301487798840 0.0048107426308981 0.6072573026500258 -0.0109931605596160 -0.0053216926602931 0.9999254122224016 0.4381762523062581
0.9989021261909183 0.0454344702393521 0.0114127650169461 -17.2781281798579052 -0.0454947873333562 0.9989516487596084 0.0050821025130079 0.6490803080620126 -0.0111698977952037 -0.0055957443230953 0.9999219574690393 0.4554225427145818
0.9989316515040569 0.0448686093891051 0.0110618043223176 -17.8248325555115983 -0.0449281276006712 0.9989767301142506 0.0051919206983082 0.6676855472459815 -0.0108175308492809 -0.0056833600737258 0.9999253374350493 0.4673075842983059
0.9989521738500342 0.0445896581121141 0.0103110013934513 -18.3666374618474748 -0.0446459481682894 0.9989888402400310 0.0052949398516245 0.6898196985400988 -0.0100644757660491 -0.0057497361089607 0.9999328211746187 0.4846397628458619
0.9989701606048372 0.0443085495729001 0.0097657900802498 -18.9146787922436737 -0.0443614234571520 0.9990016701572015 0.0052656558924019 0.7213528452723224 -0.0095227270254319 -0.0056934574616661 0.9999384492118158 0.5054782108899339
0.9989823772051092 0.0441360420280815 0.0092854632476968 -19.4827711758367386 -0.0441843726475549 0.9990105501016596 0.0050657673970916 0.7395742016665513 -0.0090526928242878 -0.0054708847250561 0.9999440575216967 0.5136271447475512
0.9989927886787732 0.0438399402806572 0.0095638801747206 -20.0568075558955385 -0.0438914915701390 0.9990225173506523 0.0052485039881840 0.7629335963011203 -0.0093244375463846 -0.0056629906016142 0.9999404909302801 0.5328408343334762
0.9989924496418202 0.0434824707734243 0.0111067679400239 -20.6366967391117484 -0.0435457734096867 0.9990361689701310 0.0055225635022084 0.7854669689660896 -0.0108559281863626 -0.0060006520414039 0.9999230675398435 0.5481260691824086
0.9989918080770381 0.0431069819595525 0.0125361677281808 -21.2180222393505673 -0.0431799019982868 0.9990515883296741 0.0056053473910004 0.8135521485268842 -0.0122826486715454 -0.0061410066189723 0.9999057078441532 0.5656848809961252
0.9989189889894872 0.0427968320320934 0.0181462008210413 -21.8163754613665404 -0.0429090023228494 0.9990619295445813 0.0058376754205683 0.8320927262934293 -0.0178793443917411 -0.0066100002023439 0.9998183019636351 0.5941887549250271
0.9985293968712391 0.0420170978836850 0.0342579489957043 -22.4175341971175932 -0.0422953275354518 0.9990774692075918 0.0074374585997104 0.8738700549807550 -0.0339138445568811 -0.0088754722232898 0.9993853496725802 0.6314785531699335
0.9978421916656500 0.0418454778469147 0.0505956175538501 -22.9842402251975280 -0.0424316199937090 0.9990434980898042 0.0105662930679036 0.9066223096613953 -0.0501050711665154 -0.0126903470500505 0.9986633251177034 0.6541656983814277
0.9973556788048965 0.0417859518124337 0.0594607785582485 -23.5922285062782606 -0.0428536480988908 0.9989401793440901 0.0167953248439408 0.9220654083387158 -0.0586959521623129 -0.0192990238904986 0.9980893411296573 0.6719219233812316
0.9975187853746557 0.0423553593538456 0.0562342987746643 -24.2185945383347132 -0.0435020935362423 0.9988663850521506 0.0193264759025707 0.9885056019747638 -0.0553519709010947 -0.0217248324931453 0.9982305299731666 0.7631874088506878
0.9984613595290044 0.0422570134939236 0.0359062437198136 -24.8796002032814414 -0.0429350880288815 0.9989097398542706 0.0183278433053596 1.0004579570381291 -0.0350926166514339 -0.0198412810788006 0.9991870854958582 0.7691521975668627
0.9990536796248392 0.0426413403837648 0.0085709578429240 -25.5443674665670457 -0.0427660127824619 0.9989735423091569 0.0149308377857860 1.0010521415696703 -0.0079254891810898 -0.0152832541224395 0.9998517933997365 0.7804270630090036
0.9990446444056978 0.0414355378262617 -0.0138886532587244 -26.2386024486255423 -0.0412339774120162 0.9990443298991253 0.0144977930456033 1.0375135960501329 0.0144761041402020 -0.0139112580831586 0.9997984393403831 0.7677292003661026
0.9987732118009484 0.0401200746160399 -0.0290250064878783 -26.9122690457076210 -0.0396701455844468 0.9990860805107542 0.0159148760274020 1.0730890338840922 0.0296369859824980 -0.0147439256123386 0.9994519826982240 0.7954587296195131
0.9988185090843784 0.0387266105873037 -0.0293570356623217 -27.5827275832649974 -0.0381889422367584 0.9990963033029140 0.0186596199663691 1.1012604918734172 0.0300531296423020 -0.0175164596557390 0.9993948083914744 0.8200183759648394
0.9990882817164930 0.0369732147373441 -0.0213444777113834 -28.2321643301887164 -0.0365815181171748 0.9991601763055248 0.0184589982760578 1.1332482064205331 0.0220090406203521 -0.0176613554717337 0.9996017600293993 0.8347320173994814
0.9993496262203201 0.0355705451837173 -0.0059212235762218 -28.9036375241465784 -0.0354884015303748 0.9992796641380279 0.0134434443878424 1.1563864286290211 0.0063951489525556 -0.0132245663642799 0.9998921006360393 0.8618218671016845
0.9992987165564610 0.0342754497253509 0.0150754314941530 -29.6064175916185341 -0.0343964062824527 0.9993775279744961 0.0078386104915152 1.1591997950558579 -0.0147973755599569 -0.0083516540703133 0.9998556333545495 0.8319205515265139
0.9990318881974942 0.0326882650454610 0.0294408507497163 -30.3015553356017939 -0.0328429732034384 0.9994490620000864 0.0047866040473010 1.1803550416601676 -0.0292681648845227 -0.0057488951516882 0.9995550633801158 0.8132309279016310
0.9990233095123533 0.0306529061757124 0.0318249335265248 -31.0177745714902713 -0.0308323718640530 0.9995112311116877 0.0051636931391387 1.2126837908100059 -0.0316510962878302 -0.0061398879942072 0.9994801198018883 0.8434157453534484
0.9992485207204777 0.0294112194211518 0.0252462672507830 -31.7563368421335923 -0.0296120558692607 0.9995324340194098 0.0076183653384312 1.2319211452420111 -0.0250103975404806 -0.0083602341710560 0.9996522327787161 0.8951848556955060
0.9994556061250882 0.0288149226001235 0.0160683421883342 -32.4997247154423334 -0.0289488258063838 0.9995475555256620 0.0081639284113324 1.2546865802807103 -0.0158258291904138 -0.0086246436577175 0.9998375661337262 0.9569879577308813
0.9994889977176641 0.0299862114998928 0.0110711589828268 -33.2722539694750452 -0.0300605071601814 0.9995262483637058 0.0066064166723054 1.2673265945070984 -0.0108678125955508 -0.0069358454321826 0.9999168888950365 0.9856449743644310
0.9994705285675813 0.0304050170678311 0.0115843628199638 -34.0317139866137452 -0.0304703722048515 0.9995204967929796 0.0055075319711416 1.2959408966245745 -0.0114113514772561 -0.0058575957371801 0.9999177314307625 0.9762389620284010
0.9994211196306734 0.0307399318004667 0.0145767701866305 -34.7964426159658871 -0.0308291941443382 0.9995070236112004 0.0059389005960680 1.3144427536523249 -0.0143870227838107 -0.0063848527611785 0.9998761159416881 1.0062511068383988
0.9993702178932499 0.0305677718106088 0.0180216235265511 -35.5746012663697684 -0.0307032960932722 0.9995019436726810 0.0072919272858161 1.3484833839685886 -0.0177897497735928 -0.0078406582037049 0.9998110065817067 1.0228763725547032
0.9993240197566512 0.0312461320712488 0.0193696352055040 -36.3388342492184648 -0.0314045709298854 0.9994752948029887 0.0079301956589142 1.3732384011187782 -0.0191116839163382 -0.0085331300860202 0.9997809406209027 1.0675178991355285
0.9993298587393818 0.0309513202535519 0.0195409622713229 -37.1841315684032026 -0.0311192646729494 0.9994808026737838 0.0083496378833931 1.4086351123694705 -0.0192723843398298 -0.0089521428234217 0.9997741916756638 1.0986162006298024
0.9993360613851962 0.0305579169201948 0.0198406181512073 -37.9488671298828208 -0.0307251143297185 0.9994944198517871 0.0081775323029221 1.4184646109330366 -0.0195806987758169 -0.0087817081845205 0.9997697124022175 1.1441904246496399
0.9993508929887549 0.0284871031151638 0.0220517037592127 -38.7864799077036579 -0.0286511008682535 0.9995638505402837 0.0071570323541521 1.4526341565425454 -0.0218382028018610 -0.0077841922629934 0.9997312135015078 1.1627978519004065
0.9993551859613203 0.0272426262834442 0.0233891343447240 -39.5807630577273812 -0.0273954423420437 0.9996052093354624 0.0062382055344689 1.4650043591439930 -0.0232099554307783 -0.0068749387333353 0.9997069736609394 1.1822211359257975
0.9994168242337346 0.0251629893550888 0.0230832277914559 -40.4356554175889826 -0.0252962713184420 0.9996648669834464 0.0055002160277809 1.4856394298213103 -0.0229370899623366 -0.0060809280282023 0.9997184164645441 1.2230429172289659
0.9995067132554171 0.0242448810021871 0.0199628630848212 -41.2576898787365707 -0.0243266712998047 0.9996965933534760 0.0038644923244719 1.5170132542449635 -0.0198631120629369 -0.0043482160301011 0.9997932535262132 1.2545484459657543
0.9995911454019568 0.0227008613145206 0.0173842724778145 -42.1093372628988263 -0.0227521547614819 0.9997373306588180 0.0027584671270323 1.5217047452112806 -0.0173170865827244 -0.0031528689728949 0.9998450769641896 1.2881859373710858
0.9996337084175348 0.0211727933153407 0.0168570999472855 -42.9609155262580344 -0.0212131937531938 0.9997725069506823 0.0022214311462291 1.5438274885206651 -0.0168062311716925 -0.0025782103819980 0.9998554412639008 1.3133656692333000
0.9996705419286964 0.0198806597220577 0.0162347457325978 -43.8135116197223482 -0.0199139167952943 0.9997999130014280 0.0018894126619351 1.5657677661766833 -0.0161939346008451 -0.0022120875553953 0.9998664226539418 1.3472436436475306
0.9997042316368562 0.0185812609499034 0.0156903151298660 -44.6955235494418730 -0.0186170250924104 0.9998244056978189 0.0021363866016421 1.5712058226422783 -0.0156478632429948 -0.0024278617165545 0.9998746170712675 1.3768606600895765
0.9997273694923731 0.0170594375102549 0.0159424678043866 -45.5651339124282870 -0.0170927505939148 0.9998519956949343 0.0019556538526445 1.5995395782093862 -0.0159067458958273 -0.0022276213077738 0.9998709982484314 1.3994750741195043
0.9997279695595124 0.0158638046132177 0.0170975607502450 -46.4501676835395614 -0.0158996596641388 0.9998716651213251 0.0019631887512930 1.6180829759319724 -0.0170642228940911 -0.0022345001012080 0.9998518986861596 1.4369745340669782
0.9997306133001324 0.0147423085117448 0.0179266608794223 -47.3742642365805082 -0.0147872892361272 0.9998878314862730 0.0023791853071046 1.6133017183041103 -0.0178895753887114 -0.0026436311056883 0.9998364737830825 1.4655104572521984
0.9997725247044881 0.0127698163542808 0.0170830511411645 -48.2368908115605350 -0.0128117350886441 0.9999151727867976 0.0023466305135504 1.6359628504682493 -0.0170516359928339 -0.0025649602388072 0.9998513202916428 1.5004333544490784
0.9998130722185813 0.0113450520959859 0.0156560024840739 -49.1487700764690842 -0.0113746297739493 0.9999336840547591 0.0018014688958818 1.6476047633855817 -0.0156345264829974 -0.0019792133832941 0.9998758144369909 1.5339094057286200
0.9998559600382946 0.0097685299495361 0.0138793010820136 -50.0564195224916020 -0.0097921922961720 0.9999507138620363 0.0016379306575313 1.6616414397874246 -0.0138626168501823 -0.0017736035151937 0.9999023363232211 1.5606873794562490
0.9998880641235298 0.0078012721348503 0.0127671209118571 -50.9467123896417036 -0.0078162014402266 0.9999688259507511 0.0011198757619564 1.6614432234946048 -0.0127579864534248 -0.0012195407965402 0.9999178698782715 1.5967039292965519
0.9999059276394943 0.0060172326371924 0.0123259394283879 -51.8237157210111974 -0.0060336795634496 0.9999809553142791 0.0012975822391090 1.6724769467211873 -0.0123178968305467 -0.0013718309413142 0.9999231907989435 1.6236877141053099
0.9999188199398991 0.0039499676368461 0.0121140945046511 -52.7162840807803263 -0.0039672062129108 0.9999911515530124 0.0013993178853459 1.6736565259368121 -0.0121084600533673 -0.0014472633996185 0.9999256425473787 1.6677338906437724
0.9999243319304747 0.0021777762344512 0.0121073409164277 -53.5988119697379588 -0.0022037358999118 0.9999953007594571 0.0021311985093798 1.6720627049115722 -0.0121026427476558 -0.0021577186275329 0.9999244322891840 1.6881045140416022
0.9999537838179681 0.0000582740493168 0.0096138874688421 -54.4815953021314598 -0.0000765144484496 0.9999981978804149 0.0018969400258741 1.6825137513443338 -0.0096137596010905 -0.0018975879578457 0.9999519862404768 1.7226693090013179
0.9999412270301361 -0.0016238038624385 0.0107194098010162 -55.3697075338427069 0.0016087625675520 0.9999977095514614 0.0014116567686266 1.6598081070301105 -0.0107216775024730 -0.0013943288161318 0.9999415490310849 1.7691171534007695
0.9998710203190376 -0.0035705005131574 0.0156586797735987 -56.2155347617647649 0.0035651932896177 0.9999935773943516 0.0003668335516810 1.6554453044754165 -0.0156598889834581 -0.0003109600175534 0.9998773280662450 1.7939681198081190
0.9997378911439703 -0.0058054954755836 0.0221459981326225 -57.0853528644562260 0.0057957290850889 0.9999830770260505 0.0005051592662182 1.6517792070738568 -0.0221485560563075 -0.0003766746540053 0.9997546196846633 1.8244805505487818
0.9997057928308274 -0.0079781639453425 0.0229058219793166 -57.9486276169857746 0.0079572995191728 0.9999678382912830 0.0010018819395050 1.6520547773506837 -0.0229130784673095 -0.0008193186924334 0.9997371252244418 1.8582599903017420
0.9997832376477191 -0.0095102601231263 0.0185211411914797 -58.8211952017228299 0.0094981658322895 0.9999546169579948 0.0007408577543040 1.6341362672505515 -0.0185273463957086 -0.0005647802937945 0.9998281944708066 1.9057733648275461
0.9998408338924332 -0.0111806789984538 0.0139032118022237 -59.7114829293229903 0.0111839830492590 0.9999374445183445 -0.0001599164673480 1.6193041253395377 -0.0139005541054249 0.0003153842991927 0.9999033328918880 1.9423000321355122
0.9998246508365480 -0.0130601491348534 0.0134201372627169 -60.5447045212040322 0.0130752152394164 0.9999139795229159 -0.0010355197190752 1.6246119184565955 -0.0134054588141438 0.0012108093248112 0.9999094097040797 1.9656655051680767
0.9997542268958589 -0.0146236359910040 0.0166623850113352 -61.4212416512432995 0.0146400978925589 0.9998924526486380 -0.0008664121348324 1.5915643975474822 -0.0166479229202819 0.0011101381417220 0.9998607974391969 2.0035860046514018
0.9996851670377589 -0.0158292548230187 0.0194679607672724 -62.2605760911255430 0.0158482857063779 0.9998740687939706 -0.0008236465013422 1.5832441348195725 -0.0194524714331402 0.0011319209946347 0.9998101420319784 2.0504093073983136
0.9996392025278931 -0.0169234551357139 0.0208581263700146 -63.1097473484822373 0.0169486623221743 0.9998558281987886 -0.0010323092576329 1.5690634119197928 -0.0208376489769582 0.0013854541435810 0.9997819126699228 2.0843954729254994
