1.0000000000000000 0.0000000000000000 0.0000000000000000 0.0000000000000000 0.0000000000000000 1.0000000000000000 0.0000000000000000 0.0000000000000000 0.0000000000000000 0.0000000000000000 1.0000000000000000 0.0000000000000000
0.9999999991683018 -0.0000398875583831 -0.0000085075785425 -0.0019683008528375 0.0000398874656804 0.9999999991451295 -0.0000108963807165 -0.0008347942602156 0.0000085080131652 0.0000108960413617 0.9999999999044450 0.0005815622428004
0.9999999998395023 -0.0000145317847407 0.0000104796363949 -0.0046129020721899 0.0000145320887506 0.9999999994736165 -0.0000290100907481 -0.0025973914595631 -0.0000104792148210 0.0000290102430344 0.9999999995242960 0.0002412992688698
0.9999999991545215 -0.0000264656308925 -0.0000314726426311 -0.0031593020577293 0.0000264652399110 0.9999999995726270 -0.0000124232494721 -0.0042507759195754 0.0000314729714068 0.0000124224165305 0.9999999994275678 0.0007256824893220
0.9999999986677176 0.0000506212128590 -0.0000101023506137 -0.0027309422704636 -0.0000506210978231 0.9999999986539205 0.0000113869814280 -0.0043961093453501 0.0000101029270230 -0.0000113864700208 0.9999999998841396 0.0000440333525176
0.9999999994246402 -0.0000330089642321 0.0000078184308344 -0.0056668475438236 0.0000330092865339 0.9999999986053696 -0.0000412267849378 -0.0016281572381481 -0.0000078170699700 0.0000412270429949 0.9999999991196121 0.0002918374115831
0.9999999998011413 0.0000029643040736 -0.0000197213150572 -0.0032654736423586 -0.0000029643056955 0.9999999999956031 -0.0000000822117963 -0.0063967493668926 0.0000197213148135 0.0000000822702563 0.9999999998055314 0.0006141038918735
0.9999999987265101 -0.0000459694225507 -0.0000208276699466 -0.0054183995265066 0.0000459690439933 0.9999999987782434 -0.0000181758106246 -0.0044170124246477 0.0000208285054527 0.0000181748531733 0.9999999996179241 0.0010561801271376
0.9999999995366768 -0.0000231713141133 0.0000197417464690 -0.0042356161415529 0.0000231716626106 0.9999999995757270 -0.0000176527627627 -0.0004075583141965 -0.0000197413374230 0.0000176532202036 0.9999999996493217 0.0001886157046254
0.9999999983925887 -0.0000489155603274 -0.0000286721224298 -0.0027320227885966 0.0000489149751774 0.9999999985954057 -0.0000204086714070 0.0003198342296041 0.0000286731206912 0.0000204072688781 0.9999999993806977 0.0005471562388806
0.9999999999499914 -0.0000045497873318 0.0000089059830100 -0.0037959018783029 0.0000045498413525 0.9999999999712534 -0.0000060656526840 -0.0045395856267921 -0.0000089059554123 0.0000060656932045 0.9999999999419457 -0.0000703988843496
0.9999999998999392 0.0000065618742010 0.0000125324940342 -0.0031297722451141 -0.0000065616665920 0.9999999998412622 -0.0000165656317995 -0.0015103464722301 -0.0000125326027338 0.0000165655495638 0.9999999997842582 0.0001752288716289
0.9999999983012191 -0.0000581131956036 -0.0000045186633573 -0.0043203679246410 0.0000581131324609 0.9999999982138148 -0.0000139726231653 -0.0021451444728223 0.0000045194753430 0.0000139723605479 0.9999999998921737 0.0007195533003226
0.9999999993339042 -0.0000321488425333 -0.0000172813113493 -0.0035562239024979 0.0000321487423410 0.9999999994664209 -0.0000057979717360 -0.0021409389239642 0.0000172814977382 0.0000057974161597 0.9999999998338699 0.0013895012663787
0.9999999988516228 -0.0000279760630732 0.0000389113649643 -0.0048239873633836 0.0000279768589610 0.9999999993994755 -0.0000204534697086 -0.0017196741806466 -0.0000389107927333 0.0000204545583029 0.9999999990337807 0.0005148414583552
0.9999999998904264 -0.0000018233250849 0.0000146909045044 -0.0021259585227551 0.0000018236097660 0.9999999998105826 -0.0000193780569641 -0.0015414588419267 -0.0000146908691691 0.0000193780837525 0.9999999997043341 -0.0000573419521784
0.9999999997252819 -0.0000215957939298 0.0000091136122977 -0.0045676177283454 0.0000215960033906 0.9999999995026786 -0.0000229838086957 -0.0017170200056216 -0.0000091131159396 0.0000229840055070 0.9999999996943433 0.0004368589334558
0.9999999999595627 0.0000089890107599 0.0000002687294302 -0.0036779482144683 -0.0000089890074776 0.9999999998850333 -0.0000122119229197 -0.0023069216693300 -0.0000002688392032 0.0000122119205036 0.9999999999253983 0.0003485224764354
0.9999999990649300 -0.0000260136043507 -0.0000345460905617 -0.0035478373750289 0.0000260128198593 0.9999999994038218 -0.0000227087993925 -0.0019609735843894 0.0000345466812788 0.0000227079007300 0.9999999991454390 0.0011016850234139
0.9999999995425578 -0.0000279365792496 -0.0000115944803458 -0.0029532319062182 0.0000279364013711 0.9999999994920974 -0.0000153415325640 -0.0029185333994543 0.0000115949089298 0.0000153412086489 0.9999999998151027 0.0001520949446646
0.9999999998250937 0.0000186318017459 0.0000016335762841 -0.0017124799439640 -0.0000186317722889 0.9999999996638811 -0.0000180303903682 -0.0046521419385698 -0.0000016339122222 0.0000180303599286 0.9999999998361182 0.0004500513774533
0.9999999991453676 -0.0000376028315428 0.0000171840554497 -0.0053746421177895 0.0000376030959191 0.9999999991746559 -0.0000153849121402 -0.0015330371759668 -0.0000171834769193 0.0000153855583007 0.9999999997340063 -0.0000728125143974
0.9999999999336548 0.0000004717032823 -0.0000115094659392 -0.0026527500053016 -0.0000004718848497 0.9999999998754556 -0.0000157754883918 -0.0015481792143553 0.0000115094584964 0.0000157754938219 0.9999999998093331 0.0002988920840833
0.9999999998263730 -0.0000149467536242 -0.0000111287232077 -0.0034000030643078 0.0000149465814260 0.9999999997685893 -0.0000154732347402 -0.0049594830361855 0.0000111289544797 0.0000154730684011 0.9999999998183653 0.0001729246471603
0.9999999999384646 0.0000101941981031 -0.0000043759876310 -0.0035529534781305 -0.0000101942976283 0.9999999996893920 -0.0000227440597397 -0.0031631513671023 0.0000043757557722 0.0000227441043484 0.9999999997317792 0.0001983818067557
0.9999999986093380 -0.0000499579794315 -0.0000168974679065 -0.0039320773311546 0.0000499575915161 0.9999999984886154 -0.0000229566589308 0.0006971845280829 0.0000168986147493 0.0000229558147421 0.9999999995937336 0.0005030309781188
0.9999999984562336 -0.0000549637764363 -0.0000081557503831 -0.0041341803778775 0.0000549635267526 0.9999999980209734 -0.0000306115005044 -0.0000098396275834 0.0000081574328906 0.0000306110521883 0.9999999994982098 -0.0001575897744461
0.9999999999613843 0.0000087170261951 -0.0000011157164886 -0.0032311482084599 -0.0000087170403793 0.9999999998811872 -0.0000127137315882 -0.0039522984195152 0.0000011156056626 0.0000127137413134 0.9999999999185581 0.0003792974385680
0.9999999986340601 -0.0000521902703190 -0.0000028382104705 -0.0023659589407898 0.0000521902204263 0.9999999984836297 -0.0000175761598644 -0.0026093150468574 0.0000028391277707 0.0000175760117135 0.9999999998415116 0.0002751990159509
0.9999999993166413 -0.0000114336123960 -0.0000351566487797 -0.0030982536292785 0.0000114333297465 0.9999999999023195 -0.0000080399080391 -0.0048799060880953 0.0000351567407014 0.0000080395060760 0.9999999993496850 0.0009389185977215
0.9999999994568937 -0.0000328927602993 -0.0000020685951661 -0.0026946780010885 0.0000328927339137 0.9999999993777010 -0.0000127540638005 -0.0010031291384461 0.0000020690146812 0.0000127539957518 0.9999999999165274 0.0003643981781349
0.9999999991384939 -0.0000364356033667 -0.0000198861505912 -0.0018731104394984 0.0000364352813790 0.9999999992051499 -0.0000161916777193 0.0003242158454274 0.0000198867405289 0.0000161909531478 0.9999999996711852 0.0002617544105727
0.9999999995230840 -0.0000303263208374 -0.0000058434711625 -0.0030463215677179 0.0000303262716496 0.9999999995047316 -0.0000084174815637 -0.0010975135526272 0.0000058437264309 0.0000084173043490 0.9999999999474999 0.0006757905145816
0.9999999994202091 -0.0000248646623622 -0.0000232665087254 -0.0031008244005931 0.0000248643050335 0.9999999995729455 -0.0000153582350506 -0.0029840306370171 0.0000232668905928 0.0000153576565361 0.9999999996113971 0.0007101382180423
0.9999999991015366 -0.0000419377475579 -0.0000061767473860 -0.0016277164274138 0.0000419376939043 0.9999999990828894 -0.0000086862552687 -0.0010749927242232 0.0000061771116623 0.0000086859962223 0.9999999999431983 0.0006362519142146
0.9999999998573383 -0.0000159175653639 -0.0000056528233223 -0.0015318480793247 0.0000159174801475 0.9999999997596930 -0.0000150747422731 -0.0036334371423084 0.0000056530632741 0.0000150746522923 0.9999999998703989 0.0002858316110183
0.9999999992730338 -0.0000276528245768 -0.0000262536386950 -0.0034719179928487 0.0000276522900717 0.9999999994104224 -0.0000203594203119 -0.0013994831694289 0.0000262542016750 0.0000203586943238 0.9999999994481202 0.0004366546503718
0.9999999984998061 -0.0000546929762340 -0.0000030109860270 -0.0020912096586880 0.0000546929663697 0.9999999984989734 -0.0000032760835767 -0.0017469095493053 0.0000030111652012 0.0000032759188920 0.9999999999901006 0.0000617016560362
0.9999999997258198 -0.0000218078698757 -0.0000085309647188 -0.0027077997341216 0.0000218076371621 0.9999999993901734 -0.0000272778356809 -0.0018455335269879 0.0000085315595851 0.0000272776496332 0.9999999995915712 0.0007433623251500
0.9999999999190510 0.0000127065806813 -0.0000006639703589 -0.0039319005623970 -0.0000127065825834 0.9999999999151680 -0.0000028647675695 -0.0045828883859714 0.0000006639339574 0.0000028647760061 0.9999999999956761 0.0001381673683059
0.9999999997762057 -0.0000181018206728 0.0000109504702713 -0.0043456761496169 0.0000181021343630 0.9999999994258350 -0.0000286468633046 -0.0020535773846298 -0.0000109499517046 0.0000286470615250 0.9999999995297222 -0.0003028639038339
0.9999999997913184 0.0000002315760400 0.0000204281600270 -0.0041310348974717 -0.0000002310871611 0.9999999997136123 -0.0000239316126434 -0.0024463498338498 -0.0000204281655632 0.0000239316079177 0.9999999995049841 -0.0002628505439949
0.9999999997551706 -0.0000213929705330 -0.0000056568213666 -0.0023670941062485 0.0000213928930832 0.9999999996774488 -0.0000136911099633 -0.0037115434827888 0.0000056571142583 0.0000136909889442 0.9999999998902770 0.0002055088578700
0.9999999988475146 -0.0000339733153352 -0.0000339232190277 0.0018413183498259 0.0000339727652898 0.9999999992914647 -0.0000162148664366 -0.0028898211923320 0.0000339237698764 0.0000162137139524 0.9999999992931466 0.0007524136938248
0.9999999874749784 -0.0000149692580312 -0.0001575625724624 0.0246545098745019 0.0000149729935811 0.9999999996068889 0.0000237072049735 -0.0124593458163946 0.0001575622175212 -0.0000237095638599 0.9999999873060020 0.0025584600437136
0.9999999898128425 -0.0000994123515480 -0.0001024280198742 0.0302735377285822 0.0000994155389385 0.9999999945742434 0.0000311137234022 -0.0102000615821360 0.0001024249262301 -0.0000311239060220 0.9999999942702185 0.0020835529553793
0.9999999890620018 -0.0001324802964343 -0.0000657644827039 0.0247481794224341 0.0001324790111107 0.9999999910335875 -0.0000195483133318 -0.0024026757652136 0.0000657670718806 0.0000195396007044 0.9999999976464481 0.0006177715793082
0.9999999953104312 -0.0000823688605608 -0.0000509363171961 0.0134538647001600 0.0000823694626689 0.9999999965377936 0.0000118188184419 -0.0087358272531297 0.0000509353435171 -0.0000118230139836 0.9999999986329036 0.0004814407535841
0.9999999991022734 -0.0000367668670242 -0.0000210630139793 -0.0000530371461213 0.0000367665572003 0.9999999992159243 -0.0000147095804143 -0.0119319865681816 0.0000210635547879 0.0000147088059866 0.9999999996699889 0.0006386231338676
0.9999999972375710 0.0000688441049462 0.0000280240456459 -0.0111824091635803 -0.0000688457020602 0.9999999960059840 0.0000569938707887 -0.0202772420447279 -0.0000280201218419 -0.0000569957999664 0.9999999979831757 0.0001349205491113
0.9999999966433342 -0.0000188820409115 0.0000797295442034 -0.0269776693213814 0.0000188789256901 0.9999999990584462 0.0000390729306999 -0.0235905866863901 -0.0000797302819050 -0.0000390714253606 0.9999999960582530 0.0003768939058133
0.9999999965987363 -0.0000806558724989 0.0000172382620498 -0.0353473733941771 0.0000806543349705 0.9999999927713609 0.0000891748640104 -0.0311370422350175 -0.0000172454544017 -0.0000891734733665 0.9999999958753429 0.0010620943375480
0.9999999532654137 -0.0003048936423008 0.0000225618566587 -0.0498313774102958 0.0003048923024275 0.9999999517581628 0.0000593662868298 -0.0231093933675260 -0.0000225799559737 -0.0000593594051190 0.9999999979833033 0.0024732696054555
0.9999999121323855 -0.0003953900894524 0.0001392906973471 -0.0766114345274678 0.0003953805067399 0.9999999194692124 0.0000688173208563 -0.0146478507866535 -0.0001393178958165 -0.0000687622419830 0.9999999879311389 0.0021273396038631
0.9999999617401177 -0.0002113145497801 0.0001785102915946 -0.1151084062722117 0.0002113052549176 0.9999999763185524 0.0000520863122261 -0.0071786540437386 -0.0001785212939628 -0.0000520485900706 0.9999999827105458 0.0017414047610825
0.9999999436591722 -0.0001517900839805 0.0002994017748550 -0.1822548493633604 0.0001517456654577 0.9999999774790979 0.0001483747175187 -0.0032894330796191 -0.0002994242899230 -0.0001483292762375 0.9999999441717586 0.0017579951390319
0.9999993077539887 -0.0010473179476887 0.0005362990395531 -0.2829345320052673 0.0010472549466102 0.9999994446968967 0.0001177411351139 0.0032748259822025 -0.0005364220541486 -0.0001171794117860 0.9999998492601713 0.0045003165710366
0.9999996004488038 -0.0005387386851096 0.0007133462426522 -0.3428777076902822 0.0005386341757019 0.9999998441776403 0.0001466898762325 -0.0085809647992755 -0.0007134251590080 -0.0001463055849570 0.9999997348095739 0.0055727233855762
0.9999993215366100 -0.0007465613138572 0.0008941881928805 -0.4322559435473007 0.0007464822392313 0.9999997174427263 0.0000887622326688 -0.0070373822923728 -0.0008942542066702 -0.0000880946768423 0.9999995962742894 0.0073766609593896
0.9999993170451930 -0.0005253263858643 0.0010440025555902 -0.4953779849663530 0.0005251958679273 0.9999998542362113 0.0001252870960233 -0.0099541484264701 -0.0010440682200298 -0.0001247387046295 0.9999994471807510 0.0083851631149166
0.9999987032104027 -0.0006859075329888 0.0014570890051665 -0.5746933776422405 0.0006855643225600 0.9999997371452680 0.0002360316810912 0.0006244709733447 -0.0014572505180719 -0.0002350324467711 0.9999989105897449 0.0055418714473377
0.9999983493423475 -0.0008111979966444 0.0016258137625509 -0.6673140341667738 0.0008107832125746 0.9999996386068899 0.0002557668310313 0.0069892444871132 -0.0016260206525340 -0.0002544482263424 0.9999986456555517 0.0068959853467827
0.9999975533172023 -0.0012564392502792 0.0018206372564146 -0.7979469553654270 0.0012558364411466 0.9999991562575534 0.0003322032726851 0.0145029614564202 -0.0018210531134966 -0.0003299160372763 0.9999982874590166 0.0097954975876116
0.9999966751913376 -0.0013959267291028 0.0021681777688765 -0.9070178660849041 0.0013950437575953 0.9999989434079444 0.0004087002683525 0.0073315828740098 -0.0021687459936259 -0.0004056742066405 0.9999975659816643 0.0128860274084742
0.9999965099325927 -0.0012153015374037 0.0023458825220170 -1.0066259448416870 0.0012140832841421 0.9999991274520104 0.0005206697581043 -0.0099516171214626 -0.0023465132458794 -0.0005178198441752 0.9999971128649302 0.0205999782017924
0.9999961793993661 -0.0010512935026282 0.0025565540561774 -1.1191378330314015 0.0010496320995002 0.9999992371603894 0.0006511152700809 -0.0062243487021727 -0.0025572366191896 -0.0006484293412280 0.9999965200340764 0.0210463047064147
0.9999936550731627 -0.0017499835898221 0.0031028004853254 -1.3146400561719154 0.0017479215659744 0.9999982498350981 0.0006671558587277 0.0022617951083335 -0.0031039625667175 -0.0006617281737894 0.9999949637534223 0.0232984170021418
0.9999943010748439 -0.0008260366513594 0.0032734509749084 -1.4728513314641873 0.0008242862134095 0.9999995166007435 0.0005360508537478 -0.0028183368182790 -0.0032738921901768 -0.0005333495383252 0.9999944985689657 0.0261123924217644
0.9999934042194960 -0.0000439822417656 0.0036317465586183 -1.6319102936379297 0.0000420548739043 0.9999998582548187 0.0005307746508701 -0.0032788910122497 -0.0036317693884947 -0.0005306184173535 0.9999932643249173 0.0289153165908647
0.9999919495907698 0.0008292514494137 0.0039259515642874 -1.8352845825181681 -0.0008315203328439 0.9999994882130939 0.0005763223805008 -0.0034043555782976 -0.0039254716388674 -0.0005795822494213 0.9999921273474249 0.0324943031200389
0.9999913472254518 0.0014085352313083 0.0039142691179797 -2.0332420262672350 -0.0014115214174873 0.9999987148206091 0.0007602397109603 0.0101188049773513 -0.0039131932630246 -0.0007657582074713 0.9999920502348276 0.0380806174045308
0.9999905363639864 0.0019740535975341 0.0038768924231753 -2.2384151716663672 -0.0019780797701937 0.9999975080410857 0.0010349454292553 0.0193726244121120 -0.0038748397243708 -0.0010426044373820 0.9999919492641416 0.0487914724882567
0.9999865270219659 0.0033207309811618 0.0039898020374230 -2.4578663144903055 -0.0033253657304488 0.9999938032728168 0.0011555772262170 0.0233915495830523 -0.0039859399526120 -0.0011688292081169 0.9999913730232759 0.0545004409749359
0.9999817572094923 0.0045102775807826 0.0040177909801648 -2.6515842397596106 -0.0045152207435958 0.9999890595684052 0.0012220986593444 0.0188106768004075 -0.0040122350196127 -0.0012402175780316 0.9999911818763736 0.0560399154795457
0.9999731204579893 0.0058177824327737 0.0044622605343799 -2.9004106071195941 -0.0058245350685075 0.9999819095646119 0.0015017771966125 0.0188670561645274 -0.0044534427971516 -0.0015277274224965 0.9999889163866643 0.0635429402120248
0.9999615128845883 0.0074489064193829 0.0046353578848474 -3.1396528657926406 -0.0074575919069948 0.9999704632422453 0.0018592918109093 0.0172253683706283 -0.0046213712806986 -0.0018937888595789 0.9999875281678473 0.0711853764310441
0.9999525562876099 0.0082919453176390 0.0051116354255372 -3.4071861673575401 -0.0083031819431127 0.9999631496208387 0.0021809562104067 0.0330279636236088 -0.0050933626901968 -0.0022232955767126 0.9999845571874021 0.0791405882639962
0.9999271272804832 0.0104384055221956 0.0060646367372333 -3.6604550681761765 -0.0104541642275378 0.9999420444267767 0.0025725936138061 0.0374596390451178 -0.0060374314823501 -0.0026358068503446 0.9999783007362428 0.0868326020962534
0.9999091299616861 0.0118563424727719 0.0064155251096289 -3.9249064920771941 -0.0118737154954311 0.9999259223719635 0.0026766861809981 0.0379736180108568 -0.0063833141546921 -0.0027526190703278 0.9999758379024246 0.1002999253395330
0.9998822095018850 0.0135746916411418 0.0071620435963749 -4.2117649349090325 -0.0135930950456577 0.9999044159899408 0.0025271824023890 0.0377706969733754 -0.0071270532976944 -0.0026242390636417 0.9999711588244077 0.1091553937074840
0.9998651005923265 0.0142294531666974 0.0082038576336826 -4.5377883433914379 -0.0142468466561159 0.9998963748993842 0.0020656290633239 0.0418016795657655 -0.0081736147360935 -0.0021822295128824 0.9999642143079416 0.1120810694958641
0.9998228032058001 0.0166616673607652 0.0087607665449532 -4.8216182822661047 -0.0166783713469801 0.9998592186117135 0.0018370863850058 0.0308877477929955 -0.0087289242698166 -0.0019828761769087 0.9999599362390269 0.1146367965283115
0.9997835712608307 0.0184013550301734 0.0097057081139391 -5.1422920003286130 -0.0184201228745357 0.9998286275790229 0.0018478492185693 0.0468143658120016 -0.0096700418937292 -0.0020262296269359 0.9999511911504844 0.1180406825308119
0.9997360286959233 0.0202069496845251 0.0109339888307601 -5.4604207049200442 -0.0202330976313840 0.9997926762245304 0.0022861163641044 0.0716556281563380 -0.0108855265165724 -0.0025067413584997 0.9999376088337805 0.1202185964951690
0.9996995817458963 0.0215173448652225 0.0117367000060047 -5.8010116576469155 -0.0215493513086200 0.9997643856717601 0.0026074126151812 0.1099851190914740 -0.0116778300748702 -0.0028595475724689 0.9999277230242311 0.1412066449283342
0.9996508471297335 0.0234070114498619 0.0122595125430099 -6.1366219292621400 -0.0234439591256566 0.9997210077647960 0.0028787869416119 0.1174003852486360 -0.0121887084352990 -0.0031651933158471 0.9999207053251535 0.1503208859026462
0.9995993355603625 0.0256479300172810 0.0119729709391823 -6.4841539050530592 -0.0256831222584915 0.9996662273558896 0.0027948372221470 0.1188992064615947 -0.0118972928995308 -0.0031012207066859 0.9999244155693925 0.1614775491115094
0.9995566557460950 0.0273913694710491 0.0116706825928519 -6.8663646621992029 -0.0274228055831192 0.9996206917719737 0.0025421084302566 0.1229443687864747 -0.0115966239756691 -0.0028610242608573 0.9999286638818520 0.1660459405452160
0.9995058636013910 0.0292435251004377 0.0115258347262797 -7.2375364431756690 -0.0292704298018219 0.9995691682306361 0.0021725243222945 0.1316727418251537 -0.0114573367609608 -0.0025088169352130 0.9999312152702963 0.1752761079211370
0.9994296294829513 0.0317103847517847 0.0116132342809563 -7.6019002277496197 -0.0317331216883050 0.9994947948239983 0.0017787938747428 0.1324219842701810 -0.0115509609767252 -0.0021463034797931 0.9999309819591984 0.1849224020131535
0.9993833258387005 0.0332833991544931 0.0111885377194886 -7.9851129748844842 -0.0333014662934706 0.9994443259965329 0.0014323323779998 0.1420269485646234 -0.0111346476496822 -0.0018040438073707 0.9999363805001089 0.1915385164419372
0.9993178304115230 0.0352068186822043 0.0111514008037091 -8.3928576987596717 -0.0352270217044217 0.9993780221435969 0.0016204314821765 0.1647668257820480 -0.0110874146419614 -0.0020121567112461 0.9999365082153600 0.1957480625901424
0.9992723963881849 0.0364749472784707 0.0111470192270001 -8.7912039646355638 -0.0364986828473261 0.9993318310448700 0.0019332901793589 0.1979172954032656 -0.0110690544774443 -0.0023387350299011 0.9999360011277898 0.2107752375546350
0.9991848448038844 0.0387760884782904 0.0112276834904289 -9.1807906825253234 -0.0388035824338671 0.9992443438145268 0.0022412819934195 0.2233013447592760 -0.0111322910730692 -0.0026751293426188 0.9999344557412074 0.2234899474925472
0.9991452995117359 0.0397787888094882 0.0112391469629016 -9.6096619548743512 -0.0398051495146645 0.9992051875914780 0.0021314695387004 0.2437654567393400 -0.0111454266728004 -0.0025770236959205 0.9999345670658415 0.2368900955690824
0.9990399434700000 0.0423019819392580 0.0113900691600096 -10.0272528246421313 -0.0423273365333408 0.9991018066312245 0.0019941334500444 0.2615317559136783 -0.0112954828782319 -0.0024743302596777 0.9999331426432038 0.2458240587506142
0.9989994206703847 0.0436482569664769 0.0097461358508980 -10.4902200500541731 -0.0436670810404719 0.9990446454578868 0.0017269670900335 0.2689983420449373 -0.0096614457324264 -0.0021508244264929 0.9999510140105093 0.2491916858106101
0.9989043663685109 0.0459098330860355 0.0090749146517227 -10.9035977700847315 -0.0459282686827884 0.9989430575958161 0.0018335258175126 0.2975151510797169 -0.0089811461253720 -0.0022483120633605 0.9999571411351291 0.2559025693730869
0.9989132837066109 0.0456378522454377 0.0094571706603704 -11.3809765372628586 -0.0456586145821801 0.9989551172415577 0.0019911432247748 0.3344918234681226 -0.0093564175255119 -0.0024207807272098 0.9999532975453199 0.2731499733407814
0.9988455801034700 0.0470062373632984 0.0098954917365240 -11.8184639085163656 -0.0470320744841671 0.9988905095460655 0.0023945581048398 0.3637615724287393 -0.0097719536162491 -0.0028571992837299 0.9999481713242816 0.2888540710443037
0.9987707054949567 0.0485200289894872 0.0101432061975344 -12.2777966293932188 -0.0485464138578562 0.9988181129754564 0.0023712641544239 0.3885959688479341 -0.0100161642682279 -0.0028607654583399 0.9999457447653569 0.3037006421657456
0.9987547547355964 0.0489830131794066 0.0094659554670820 -12.7590120855457805 -0.0490091621845069 0.9987950729338898 0.0025503538888504 0.4134476128812679 -0.0093296256629834 -0.0030110966194653 0.9999519445364047 0.3120864536128207
0.9987541740837929 0.0491870891725950 0.0084101134907870 -13.2327561627980987 -0.0492131824143468 0.9987840165520357 0.0029242019142056 0.4432330260032470 -0.0082560539516740 -0.0033344473170241 0.9999603587314034 0.3246950944649243
0.9987602844529747 0.0491755874029651 0.0077237169152184 -13.7070715716883385 -0.0492068202420052 0.9987809688814838 0.0039070502729632 0.4729921579136253 -0.0075221699717623 -0.0042822661918441 0.9999625388759211 0.3465979176654190
0.9987894314940816 0.0486349559998548 0.0073697076347383 -14.2097723590239742 -0.0486681096284860 0.9988053665782697 0.0043880291291067 0.5059944900127616 -0.0071474919320693 -0.0047413868583373 0.9999632156283252 0.3785888213783721
0.9988146258895203 0.0481183756582945 0.0073460896526506 -14.7095283577591722 -0.0481534589658628 0.9988290043870756 0.0046759367774153 0.5122411634714236 -0.0071124889314851 -0.0050241336696655 0.9999620845722446 0.3924004776654988
0.9988346805311251 0.0476185613257237 0.0078583449627481 -15.2275095082789171 -0.0476561020749865 0.9988529274017365 0.0046610466635515 0.5395698664134728 -0.0076273785341833 -0.0050301131448143 0.9999582596580953 0.3985689896092993
0.9988613517775856 0.0469307455806118 0.0085735082843721 -15.7344101210303080 -0.0469711980888727 0.9988857470237074 0.0045794042173706 0.5675664029803792 -0.0083490403730127 -0.0049768978428406 0.9999527608905892 0.4061947920910272
0.9988742656371851 0.0463748061077514 0.0099789180897850 -16.2591716026957336 -0.0464238312722881 0.9989105937742035 0.0047385161886702 0.5810649442166815 -0.0097482992248033 -0.0051964414878480 0.9999389819674434 0.4207303760700418
0.9988749481436335 0.0461032874642168 0.0111051724905697 -16.7935982484477151 -0.0461590487785589 0.9989224830068952 0.0048182112030939 0.6052780779734301 -0.0108710711023402 -0.0053253946643220 0.9999267273079349 0.4391220169950675
0.9988956386526371 0.0456078004641100 0.0112885613594564 -17.3258548406235491 -0.0456675148531017 0.9989437287709174 0.0050896794002600 0.6471510091312589 -0.0110445084943613 -0.0055995790986130 0.9999233288337843 0.4562787912629666
0.9989249268607937 0.0450491927448134 0.0109343828906158 -17.8729946803056983 -0.0451080784658534 0.9989685801035724 0.0051997329711159 0.6658832642002575 -0.0106888611777099 -0.0056873718792732 0.9999266983373484 0.4680928349818955
0.9989451127753869 0.0447774641297864 0.0101803913615958 -18.4152350177378601 -0.0448330908810905 0.9989804159520994 0.0053030657376908 0.6881475611373288 -0.0099325537611148 -0.0057538900125123 0.9999341163924284 0.4853528131807443
0.9989627914188309 0.0445035492662266 0.0096320020455718 -18.9637103760978540 -0.0445557466007457 0.9989929778007862 0.0052740638570210 0.7198159667099935 -0.0093875878449948 -0.0056977545951313 0.9999397025756234 0.5061163800851042
0.9989746899704155 0.0443381792736322 0.0091484784096299 -19.5322374591836905 -0.0443858436786897 0.9990015749899385 0.0050744505666307 0.7381807223269441 -0.0089143524410433 -0.0054753106141578 0.9999452761497678 0.5141859859218542
0.9989849127143630 0.0440492450633914 0.0094238091248696 -20.1067089643265042 -0.0441000903202228 0.9990132845588773 0.0052573100186279 0.7616885014001694 -0.0091829299695071 -0.0056675642236386 0.9999417745613722 0.5333177689044273
0.9989845850190281 0.0436989361203500 0.0109636616287544 -20.6870327827984433 -0.0437614821717378 0.9990266955147882 0.0055312138753881 0.7843755390105509 -0.0107112824859082 -0.0060053834808597 0.9999245990557263 0.5485184575280720
0.9989839588631588 0.0433305596514391 0.0123900175295957 -21.2687919344558445 -0.0434026985959224 0.9990418862659166 0.0056138436770859 0.8126188434895822 -0.0121348954953113 -0.0061458999774094 0.9999074818325872 0.5659906296534009
0.9989117757707154 0.0430275337631743 0.0179970987899374 -21.8675824020895497 -0.0431388815032198 0.9990519868834481 0.0058450326676362 0.8313255883876047 -0.0177285399637711 -0.0066150466735672 0.9998209539853921 0.5944036478043841
0.9985245395431711 0.0422551993447337 0.0341063345792971 -22.4691743175258054 -0.0425323347737898 0.9990673803678090 0.0074411009732458 0.8732740539110123 -0.0337601011371176 -0.0088807439632381 0.9993905082388320 0.6316000647350907
0.9978396352175484 0.0420912094076578 0.0504419714078533 -23.0363132402620145 -0.0426756732052557 0.9990331065465414 0.0105659330134599 0.9061933533810892 -0.0499484664968627 -0.0126957518315143 0.9986711013041503 0.6541974076704765
0.9973542340548996 0.0420397199534078 0.0593059335901863 -23.6447377014496070 -0.0431046595691996 0.9989294252138111 0.0167926104411541 0.9218175002418432 -0.0585364855127805 -0.0193045432021581 0.9980985995759978 0.6718558918003161
0.9975164924650007 0.0426165564172474 0.0560774141652211 -24.2715387714801984 -0.0437601079489793 0.9988551549421055 0.0193243990301379 0.9884485043244525 -0.0551896748732573 -0.0217303604369069 0.9982393957476665 0.7630182975591044
0.9984557243580576 0.0425249182181878 0.0357462980903308 -24.9329794843578512 -0.0432000446470033 0.9988982585128329 0.0183309924043007 1.0006039606680297 -0.0349273909578610 -0.0198469259727055 0.9991927626290689 0.7688733010167621
0.9990433336113336 0.0429154288586056 0.0084073499175235 -25.5981856116642348 -0.0430376607846294 0.9989617181926821 0.0149413968460608 1.0014069145530562 -0.0077574042656611 -0.0152889355877465 0.9998530247629662 0.7800360627131910
0.9990306328690796 0.0417163093817994 -0.0140550389813911 -26.2928457122134134 -0.0415121863101732 0.9990325619342896 0.0145147711921090 1.0380894217060317 0.0146469442873215 -0.0139172456532103 0.9997958678132614 0.7672188593379186
0.9987566971986725 0.0404078748305660 -0.0291935515564029 -26.9669442795734753 -0.0399549063612793 0.9990743886113709 0.0159364826256258 1.0738854773286655 0.0298104890677835 -0.0147502431333448 0.9994467294803895 0.7948306318301758
0.9988020021623462 0.0390217446893378 -0.0295273418696778 -27.6378361826072414 -0.0384805058135908 0.9990847028587302 0.0186817340205090 1.1022812157424118 0.0302293094333776 -0.0175231262930728 0.9993893780184469 0.8192713302474841
0.9990733501512262 0.0372752208039094 -0.0215174099655381 -28.2877033210359201 -0.0368800451261904 0.9991488297745915 0.0184791296211320 1.1344915091557983 0.0221879086237392 -0.0176684428879354 0.9995976804879153 0.8338678623999609
0.9993375503945264 0.0358785724802812 -0.0060982299271598 -28.9596115815594644 -0.0357939635241140 0.9992685533387476 0.0134592155611218 1.1578634885773753 0.0065766668382774 -0.0132320196895090 0.9998908245944828 0.8608350554076436
0.9992906205296719 0.0345893184560915 0.0148941186434901 -29.6628225193672783 -0.0347089231622834 0.9993666486504972 0.0078480709724338 1.1609239354521512 -0.0146132260072161 -0.0083594625315711 0.9998582764631422 0.8308039349020653
0.9990267950436769 0.0330083215578391 0.0292559992598688 -30.3583873622069120 -0.0331622436341610 0.9994384954901113 0.0047915894660681 1.1823287238168325 -0.0290814095584740 -0.0057571208426676 0.9995604669942160 0.8119837866400854
0.9990191792174782 0.0309796702737680 0.0316376292627111 -31.0750390501463940 -0.0311582759239121 0.9995011027893420 0.0051679168277554 1.2149190581414255 -0.0314617449783940 -0.0061486220096744 0.9994860444499947 0.8420321235307335
0.9992433992543946 0.0297449787012323 0.0250572402428043 -31.8140419807864134 -0.0299444867257719 0.9995224812577006 0.0076247737789133 1.2344303330563504 -0.0248184762073025 -0.0083693310672222 0.9996569399230092 0.8936588313838441
0.9994487928487913 0.0291552588993086 0.0158770699944333 -32.5578712674552904 -0.0292876922190161 0.9995376057271927 0.0081734828338400 1.2574762952342540 -0.0156314285200693 -0.0086339802909884 0.9998405437002226 0.9553166712170916
0.9994806754323824 0.0303326645006957 0.0108769895429236 -33.3308389316664631 -0.0304057473866153 0.9995157304396195 0.0066177888765902 1.2704110665218329 -0.0106709869782493 -0.0069450750926123 0.9999189446994531 0.9838210976612791
0.9994620013532945 0.0307576651297476 0.0113874442537938 -34.0907243518962204 -0.0308220109724765 0.9995096527555820 0.0055188484331853 1.2993200199935084 -0.0112121135598732 -0.0058668632319358 0.9999199310071474 0.9742629654175262
0.9994128936457555 0.0310990341699050 0.0143776941237780 -34.8558895713693246 -0.0311872026541513 0.9994958552447925 0.0059492637435005 1.3181238521609919 -0.0141854293282486 -0.0063941709532913 0.9998789367581424 1.0041202625159069
0.9993625666344972 0.0309334883031701 0.0178207662884568 -35.6344765054849688 -0.0310676466599297 0.9994906176629108 0.0073011324345406 1.3524759185186876 -0.0175858392101123 -0.0078501277193798 0.9998145396792675 1.0205859304501703
0.9993162257748672 0.0316182571402276 0.0191668129455348 -36.3991466807093573 -0.0317751861619371 0.9994635112166586 0.0079389729085432 1.3775426596038973 -0.0189055136785255 -0.0085425734929697 0.9997847798354745 1.0650690214575227
0.9993220495884787 0.0313297718283384 0.0193361475859684 -37.2448743980821106 -0.0314961056453381 0.9994689251248580 0.0083584112688176 1.4132857177092693 -0.0190640115259040 -0.0089617580275997 0.9997781005591165 1.0959903057277955
0.9993283088308509 0.0309426629292294 0.0196337153926479 -38.0096275635688983 -0.0311082718633319 0.9994824963694174 0.0081862612244221 1.4234175781404363 -0.0193702501519325 -0.0087915335411711 0.9997737255734650 1.1413754275108450
0.9993442701618724 0.0288779525627414 0.0218424712525501 -38.8472429798699039 -0.0290405745480886 0.9995525540509499 0.0071649647689191 1.4579217963806996 -0.0216257884145604 -0.0077945844024551 0.9997357499506766 1.1597764571925953
0.9993492135909550 0.0276395480768905 0.0231776762693141 -39.6415372548788412 -0.0277911789864757 0.9995942387404558 0.0062456582863764 1.4706150738660670 -0.0229956444937196 -0.0068857286465392 0.9997118520230340 1.1790012163675918
0.9994115060723466 0.0255659747820513 0.0228696843801428 -40.4964420016508200 -0.0256982291911872 0.9996545727506616 0.0055078303468163 1.4916025124098229 -0.0227209715162237 -0.0060922994128337 0.9997232823842922 1.2196098437716449
0.9995010030406217 0.0246536760855970 0.0197469282739757 -41.3184824727798130 -0.0247347789363649 0.9996865445461773 0.0038734176501956 1.5233206524106968 -0.0196452445075198 -0.0043599207320948 0.9997975072280635 1.2509075652356423
0.9995854017298992 0.0231158353615980 0.0171663276215825 -42.1703113101829459 -0.0231666730466834 0.9997277832243737 0.0027685211264721 1.5283648089234472 -0.0170976579806733 -0.0031650600018238 0.9998488148149003 1.2843245745265455
0.9996283757638686 0.0215940775087479 0.0166374933279020 -43.0220619714726809 -0.0216341407178230 0.9997634635821204 0.0022317799361966 1.5508455178828962 -0.0165853647259030 -0.0025908884245302 0.9998590965601505 1.3092822051857214
0.9996655116945427 0.0203082954685431 0.0160136773931063 -43.8748323514342147 -0.0203412884250730 0.9997912890213663 0.0019001005770515 1.5731498153804280 -0.0159717473588874 -0.0022252038462285 0.9998699674228377 1.3429366159706202
0.9996995309145642 0.0190153657660270 0.0154681528950443 -44.7570245720783078 -0.0190508112337509 0.9998162107713997 0.0021473867970345 1.5789698674858790 -0.0154244766697691 -0.0024414224346258 0.9998780550526947 1.3723226902001913
0.9997232923109544 0.0174999234645995 0.0157191440504635 -45.6268037362083518 -0.0175329647021776 0.9998443516662779 0.0019666188732363 1.6076857751927671 -0.0156822817121188 -0.0022416778924579 0.9998745125867187 1.3947074535129687
0.9997245907623501 0.0163106457640552 0.0168732172335637 -46.5114727613776751 -0.0163462390775347 0.9998644433288741 0.0019736855526378 1.6266243294039855 -0.0168387378705057 -0.0022489556243114 0.9998556891399519 1.4319634700298989
0.9997278370180050 0.0151955842812501 0.0177015849474747 -47.4352128766476255 -0.0152402191585813 0.9998810062901786 0.0023893472200819 1.6222611198377141 -0.0176631710431522 -0.0026584729622712 0.9998404597285555 1.4602466500907783
0.9997703841214437 0.0132293796336076 0.0168571215861680 -48.2974720978435101 -0.0132709608927071 0.9999091584476536 0.0023572122283295 1.6453184366471099 -0.0168244058036295 -0.0025803811763064 0.9998551300075125 1.4949293461972617
0.9998112070765636 0.0118107534281645 0.0154290734512476 -49.2089886179403990 -0.0118401105235266 0.9999282602852386 0.0018127508727564 1.6573845432954426 -0.0154065566203343 -0.0019950905731581 0.9998793215317083 1.5281534804607646
0.9998543725272985 0.0102404221276375 0.0136516479844010 -50.1162726306448931 -0.0102638899703875 0.9999459634170570 0.0016500935153729 1.6718490300258702 -0.0136340126418449 -0.0017899722292509 0.9999054503795349 1.5546797681050368
0.9998871115050065 0.0082792607822669 0.0125386636877242 -51.0062088178494477 -0.0082941085879232 0.9999649618494382 0.0011326235841411 1.6720762670010574 -0.0125288470701168 -0.0012364927621427 0.9999207463978047 1.5904482691788671
0.9999056911222440 0.0065014480824131 0.0120971085048963 -51.8828480568414392 -0.0065177735812396 0.9999779002306822 0.0013106020675110 1.6835344554701521 -0.0120883203502903 -0.0013893246803234 0.9999259684036821 1.6171863386212630
0.9999195124569209 0.0044403748280233 0.0118849349724922 -52.7750609488171207 -0.0044574725502646 0.9999890678285556 0.0014125019787772 1.6851517805113063 -0.0118785330061144 -0.0014653650613649 0.9999283740142889 1.6609830053488277
0.9999258740629947 0.0026745051976352 0.0118782743403182 -53.6572292967816935 -0.0027001617868016 0.9999940552178112 0.0021444475657828 1.6839958396082997 -0.0118724683904037 -0.0021763618690645 0.9999271513182016 1.6811061373707492
0.9999558070069348 0.0005610731029733 0.0093845207700246 -54.5396503917335380 -0.0005790361050108 0.9999980054363368 0.0019115021677207 1.6948905954007318 -0.0093834295595479 -0.0019168516690728 0.9999541374130014 1.7154229067422768
0.9999443555277273 -0.0011132546891165 0.0104903056311612 -55.4273496061233786 0.0010983566700604 0.9999983803174344 0.0014258243696681 1.6724460001713748 -0.0104918759458614 -0.0014142229332625 0.9999439586860014 1.7616942410096919
0.9998763018005002 -0.0030518051388836 0.0154294388475181 -56.2727496548911077 0.0030463258647034 0.9999952882659858 0.0003786087082277 1.6683292400665681 -0.0154305215881076 -0.0003315587763731 0.9998808874422477 1.7863785032944921
0.9997458598811372 -0.0052778488764502 0.0219171157263675 -57.1421415375967641 0.0052678560318717 0.9999859928309976 0.0005136483539159 1.6649288458913991 -0.0219195196880111 -0.0003980616049818 0.9997596592199575 1.8167190338210619
0.9997151446563350 -0.0074409479562445 0.0226773419579001 -58.0049887627953211 0.0074199476292690 0.9999719616924371 0.0010100525521250 1.6654745158088693 -0.0226842218720850 -0.0008415001435595 0.9997423257797813 1.8503282179470069
0.9997925026210691 -0.0089630742020241 0.0182924848926701 -58.8771416326151211 0.0089508222584935 0.9999596581666382 0.0007515451795233 1.6478396759395884 -0.0182984830955030 -0.0005876564549279 0.9998323960426040 1.8976699398452248
0.9998500760629271 -0.0106230955662587 0.0136738888963223 -59.7670106469322633 0.0106260920054652 0.9999435307589716 -0.0001464990549904 1.6333095081084665 -0.0136715604687329 0.0002917770927602 0.9999064972788595 1.9340205237389267
0.9998349767747055 -0.0124916715276676 0.0131900477773626 -60.5997994571839342 0.0125062271016648 0.9999212721905359 -0.0010216185891026 1.6388963901451470 -0.0131762476299527 0.0011864077312936 0.9999124856381629 1.9572222760470332
0.9997663583521373 -0.0140434455530410 0.0164319914892991 -61.4759288862125715 0.0140593729218324 0.9999007972954769 -0.0008541667954801 1.6061624150355183 -0.0164183659464171 0.0010849907227389 0.9998646208636353 1.9949698872272343
0.9996988418900375 -0.0152368474168390 0.0192370477078367 -62.3148437229923218 0.0152553005028374 0.9998833007261512 -0.0008128564111692 1.5981445620519064 -0.0192224173892294 0.0011060785564392 0.9998146204471813 2.0416279794977528
0.9996540716704350 -0.0163183391787770 0.0206264102346279 -63.1635960138522066 0.0163428886033514 0.9998659235839693 -0.0010221779074678 1.5842820777777793 -0.0206069644736730 0.0013589194319233 0.9997867304346254 2.0754463448023408
