1.0000000000000000 0.0000000000000000 0.0000000000000000 0.0000000000000000 0.0000000000000000 1.0000000000000000 0.0000000000000000 0.0000000000000000 0.0000000000000000 0.0000000000000000 1.0000000000000000 0.0000000000000000
0.9999999880593582 -0.0001515173406421 0.0000303937317750 -0.0011252829110413 0.0001515175240795 0.9999999885030204 -0.0000060331575496 0.0025706899284220 -0.0000303928172976 0.0000060377626606 0.9999999995199110 -0.0010659328150303
0.9999999899961037 -0.0001411790852814 0.0000087325964442 0.0006899451982193 0.0001411789715354 0.9999999899494276 0.0000130246969332 0.0054351551037833 -0.0000087344351712 -0.0000130234639439 0.9999999998770495 -0.0006093765230839
0.9999999962274178 -0.0000849970973603 -0.0000179069245841 0.0011737878475802 0.0000849980367838 0.9999999950112612 0.0000524672391896 0.0009273411718680 0.0000179024649318 -0.0000524687610451 0.9999999984632655 0.0004470980517135
0.9999999936413065 -0.0001020622786463 -0.0000479653842195 0.0032099582202808 0.0001020649361557 0.9999999932564867 0.0000554055527138 -0.0002032392504802 0.0000479597290791 -0.0000554104479454 0.9999999973147733 0.0007984330107092
0.9999999906141797 -0.0001363984023292 0.0000129273545064 -0.0014670708272085 0.0001363982900634 0.9999999906600400 0.0000086848391048 0.0029782476669815 -0.0000129285389839 -0.0000086830757542 0.9999999998787286 -0.0002005087503620
0.9999999952565872 -0.0000905894680353 -0.0000357823104699 0.0016395129062434 0.0000905903074173 0.9999999956215805 0.0000234570924870 0.0013774652916034 0.0000357801853477 -0.0000234603339062 0.9999999990846955 0.0001182755080003
0.9999999933191486 -0.0001125284496387 -0.0000264395684303 0.0032807380937090 0.0001125300385060 0.9999999918624605 0.0000601004951471 0.0016767813165085 0.0000264328051996 -0.0000601034699912 0.9999999978444398 -0.0000370319181033
0.9999999931615593 -0.0001127955109448 -0.0000308877671264 -0.0002425698759219 0.0001127962020342 0.9999999933882242 0.0000223733825338 0.0042357308167385 0.0000308852433051 -0.0000223768664036 0.9999999992726888 0.0007473334532096
0.9999999960023419 -0.0000773715843174 -0.0000448213583137 0.0023537468653905 0.0000773730939377 0.9999999964395286 0.0000336800676511 0.0039929978593483 0.0000448187522740 -0.0000336835354836 0.9999999984283494 0.0004642529800038
0.9999999921832662 -0.0001238504589162 -0.0000171619199958 -0.0017698458415138 0.0001238509286423 0.9999999919558633 0.0000273718989051 0.0014105779573394 0.0000171585298355 -0.0000273740242109 0.9999999994781238 0.0007095238906148
0.9999999966334797 -0.0000815124669991 -0.0000094211597842 0.0008082082949538 0.0000815127359579 0.9999999962702424 0.0000285515158501 0.0015373708551564 0.0000094188324446 -0.0000285522836985 0.9999999995480263 0.0001215429460735
0.9999999942376261 -0.0001073053606660 -0.0000032105184009 -0.0012940689268677 0.0001073054054594 0.9999999941454016 0.0000139551641927 0.0008276058563890 0.0000032090209182 -0.0000139555086183 0.9999999998974730 0.0002111614044755
0.9999999957342073 -0.0000921257705099 0.0000066654260239 0.0011072894558181 0.0000921255807762 0.9999999953514509 0.0000284600709452 0.0008099991166017 -0.0000066680478988 -0.0000284594567675 0.9999999995727983 -0.0006093180526051
0.9999999932832006 -0.0001137974334695 -0.0000219941565889 0.0018875932390294 0.0001137983246406 0.9999999927039732 0.0000405215346637 0.0013489874541091 0.0000219895451818 -0.0000405240372897 0.9999999989371312 0.0001689883414951
0.9999999918140757 -0.0001276363520920 0.0000089894394807 -0.0017296660572324 0.0001276361596231 0.9999999916253568 0.0000214078741882 0.0036911470409437 -0.0000089921718284 -0.0000214067266355 0.9999999997304464 -0.0001075001201425
0.9999999971163233 -0.0000754392572388 -0.0000087333748883 -0.0001520988355179 0.0000754395029913 0.9999999967584389 0.0000281425597337 0.0023376777858660 0.0000087312518062 -0.0000281432184940 0.9999999995658623 -0.0001561133070692
0.9999999935850724 -0.0001117519999873 -0.0000184755405976 0.0028992658046748 0.0001117524245277 0.9999999934916789 0.0000229790732597 0.0030483028947532 0.0000184729725199 -0.0000229811377987 0.9999999995653083 -0.0002242246236245
0.9999999959305097 -0.0000873136916146 -0.0000227002162456 0.0014436024429145 0.0000873145159209 0.9999999955287251 0.0000363142562957 0.0015185375379168 0.0000226970454124 -0.0000363162382063 0.9999999990829875 -0.0003687494764609
0.9999999958450948 -0.0000814738326067 -0.0000408879573267 0.0050397597505219 0.0000814753126018 0.9999999960258117 0.0000361959954348 0.0036709567228029 0.0000408850081377 -0.0000361993266435 0.9999999985090124 0.0004222361998377
0.9999999961476228 -0.0000854383590007 -0.0000201256376880 0.0017138344541073 0.0000854392296882 0.9999999954141079 0.0000432657169450 0.0011427202169147 0.0000201219410438 -0.0000432674362973 0.9999999988615182 0.0000918545657185
0.9999999975788288 -0.0000680469163246 -0.0000145588286399 -0.0001729520283413 0.0000680474382311 0.9999999970421398 0.0000358506144925 0.0015834421342092 0.0000145563890731 -0.0000358516050967 0.9999999992513869 -0.0002715350288444
0.9999999948295433 -0.0000955238607316 -0.0000348727042306 0.0028732871204075 0.0000955252728137 0.9999999946176173 0.0000404930552509 0.0021283506037544 0.0000348688359900 -0.0000404963862661 0.9999999985721035 -0.0000409354885012
0.9999999951004699 -0.0000978142725598 -0.0000152127694706 0.0032230429667639 0.0000978147929260 0.9999999946310085 0.0000342089045282 0.0010480977852788 0.0000152094232699 -0.0000342103923945 0.9999999992991613 0.0002355789055401
0.9999999964042326 -0.0000845540400724 -0.0000064922311110 0.0021654174798739 0.0000845541970357 0.9999999961329423 0.0000241806358626 0.0029513110441443 0.0000064901865154 -0.0000241811847210 0.9999999996865739 -0.0003195263546086
0.9999999958554495 -0.0000874462165062 -0.0000253428529652 0.0025529526731430 0.0000874467447781 0.9999999959592837 0.0000208446487519 0.0019170978061118 0.0000253410300771 -0.0000208468648155 0.9999999994616202 0.0001760162548740
0.9999999924131500 -0.0001181585448286 -0.0000348175009374 0.0040200984709567 0.0001181589695120 0.9999999929448625 0.0000121956082254 0.0046032059696816 0.0000348160596764 -0.0000121997221329 0.9999999993195043 0.0003452588635263
0.9999999956190238 -0.0000931996394142 -0.0000087051547966 0.0030764094070848 0.0000931998014679 0.9999999954835971 0.0000186172735783 0.0013677482344768 0.0000087034196341 -0.0000186180848154 0.9999999997888087 -0.0000735491087576
0.9999999959138440 -0.0000871898346740 -0.0000238797976617 0.0029403424764288 0.0000871905410889 0.9999999957613375 0.0000295826724336 0.0027565372410857 0.0000238772182521 -0.0000295847544052 0.9999999992773104 0.0002009942531048
0.9999999965309604 -0.0000817115263181 -0.0000161649519174 0.0013066691872922 0.0000817119224877 0.9999999963612404 0.0000245087956662 0.0027952775748457 0.0000161629492074 -0.0000245101164505 0.9999999995690066 -0.0001220989556202
0.9999999960909600 -0.0000870333991385 -0.0000155970333552 0.0044073957133545 0.0000870337502467 0.9999999959591690 0.0000225119576811 0.0037764228075372 0.0000155950740000 -0.0000225133150614 0.9999999996249721 -0.0001918274786202
0.9999999936847567 -0.0001123841245934 0.0000005433660010 0.0021718312012260 0.0001123841178918 0.9999999936090413 0.0000123177655476 0.0013202380394946 -0.0000005447503189 -0.0000123177044041 0.9999999999239887 -0.0008760342630064
0.9999999948944881 -0.0000994232800226 -0.0000180564443393 0.0020604148280098 0.0000994238540138 0.9999999945521275 0.0000317905987823 -0.0000911064179640 0.0000180532835154 -0.0000317923938613 0.9999999993316613 -0.0001404930619884
0.9999999938846735 -0.0001102393498361 -0.0000088282902617 0.0007672027657015 0.0001102395537493 0.9999999936568029 0.0000231005389617 0.0021166982504118 0.0000088257436173 -0.0000231015120472 0.9999999996942132 0.0000796529827784
0.9999999959814546 -0.0000872827542330 -0.0000204648835494 0.0033423407648302 0.0000872829736002 0.9999999961333975 0.0000107185545381 0.0029152941600015 0.0000204639479253 -0.0000107203407309 0.9999999997331506 -0.0002245701257488
0.9999999922640835 -0.0001243295081983 -0.0000037425058740 0.0016307642999511 0.0001243295904863 0.9999999920291822 0.0000219951903181 0.0038265427176978 0.0000037397711930 -0.0000219956554522 0.9999999997511027 -0.0002347708473336
0.9999999966832250 -0.0000811655555585 -0.0000067603685907 0.0026923588829970 0.0000811657407952 0.9999999963305545 0.0000274046247745 0.0013976318074358 0.0000067581442543 -0.0000274051733940 0.9999999996016420 -0.0000065183504109
0.9999999955134130 -0.0000947009160477 0.0000022159473091 -0.0018859848402169 0.0000947008424926 0.9999999949657470 0.0000331701139052 0.0003125350179462 -0.0000022190885381 -0.0000331699039043 0.9999999994474166 -0.0003831444230496
0.9999999956415174 -0.0000922843163781 -0.0000141622731005 0.0011144611331736 0.0000922845869699 0.9999999955592376 0.0000191070631060 0.0042520780803883 0.0000141605097553 -0.0000191083699822 0.9999999997171751 0.0003886632192055
0.9999999937313414 -0.0001111395028967 -0.0000136135244688 0.0016298160133586 0.0001111399128589 0.9999999933704344 0.0000301172835952 0.0043559563482900 0.0000136101771586 -0.0000301187964124 0.9999999994538106 0.0000589180498516
0.9999999930149746 -0.0001181943368526 -0.0000003866843159 -0.0010163273444824 0.0001181943478569 0.9999999926065565 0.0000285829155423 0.0022900288945382 0.0000003833059743 -0.0000285829610465 0.9999999995914337 0.0002764680991359
0.9999999976161507 -0.0000656091090102 0.0000215207681386 -0.0004045870379345 0.0000656089219783 0.9999999978099648 0.0000086913540499 0.0002416017709946 -0.0000215213383235 -0.0000086899420748 0.9999999997306585 -0.0003963258000156
0.9999999927326209 -0.0001204199572813 0.0000058130941991 -0.0027314240997482 0.0001204198525111 0.9999999925871668 0.0000180201406944 0.0028103606149537 -0.0000058152641406 -0.0000180194405515 0.9999999998207413 -0.0003401705026983
0.9999999935989313 -0.0001068874353973 -0.0000371108273142 0.0033265701947089 0.0001068888790224 0.9999999935307564 0.0000389005733279 0.0032473438967615 0.0000371066690916 -0.0000389045398136 0.9999999985547660 -0.0001983717482092
0.9999999912284715 -0.0001225521323764 -0.0000502397440637 0.0014621174729598 0.0001225534342306 0.9999999921546489 0.0000259105763699 0.0018670688933591 0.0000502365682731 -0.0000259167331958 0.9999999984023050 0.0009001753804637
0.9999999953994945 -0.0000958986024039 -0.0000021140482883 -0.0008659754899751 0.0000958986584707 0.9999999950496188 0.0000265369516935 0.0024765653132358 0.0000021115034212 -0.0000265371543059 0.9999999996456604 -0.0005510869626609
0.9999999958262314 -0.0000899021262527 -0.0000162832648345 0.0034803755412007 0.0000899023649810 0.9999999958513125 0.0000146608251349 0.0034749305699822 0.0000162819467276 -0.0000146622889777 0.9999999997599578 -0.0001105155957053
0.9999999918096895 -0.0001244915890457 -0.0000297063183004 0.0009274037414294 0.0001244924100613 0.9999999918689043 0.0000276374943061 0.0033556034596975 0.0000297028774233 -0.0000276411922909 0.9999999991768518 0.0002274823342985
0.9999999967219400 -0.0000788035495212 -0.0000186043171214 0.0022361542721598 0.0000788041289310 0.9999999964099442 0.0000311451592341 0.0009781554151211 0.0000186018627055 -0.0000311466252290 0.9999999993419292 -0.0000157243261734
0.9999999931552377 -0.0001164554892134 -0.0000112979468569 0.0000007844205319 0.0001164557234684 0.9999999930040444 0.0000207358556861 0.0036661214206911 0.0000112955319736 -0.0000207371712548 0.9999999997211904 -0.0000479446314910
0.9999999949790087 -0.0000966666856169 -0.0000264108779765 0.0001649710004384 0.0000966676762406 0.9999999946242001 0.0000375094686220 0.0004102233589529 0.0000264072519185 -0.0000375120215119 0.9999999989477526 0.0005810173681896
0.9999999968857308 -0.0000743978743065 -0.0000263342856187 0.0023972050606825 0.0000743990344364 0.9999999962619379 0.0000440557362654 0.0003906556676153 0.0000263310078671 -0.0000440576953736 0.9999999986827988 0.0005161456995318
0.9999999953154058 -0.0000932868310733 -0.0000258216096241 -0.0002209652919669 0.0000932874538497 0.9999999953578801 0.0000241182651048 0.0027845686557283 0.0000258193595877 -0.0000241206738240 0.9999999993757769 0.0005438450270145
0.9999999958328155 -0.0000912822549908 -0.0000013852617150 0.0023509770985174 0.0000912822961123 0.9999999953923095 0.0000297140270994 0.0022733278596870 0.0000013825493452 -0.0000297141534254 0.9999999995575788 -0.0004477303280890
0.9999999914657727 -0.0001295831848838 -0.0000166328816765 0.0042009487538160 0.0001295836331333 0.9999999912408533 0.0000269513530939 0.0036971996328524 0.0000166293890886 -0.0000269535082131 0.9999999994984859 -0.0000102304307296
0.9999999931790855 -0.0001074638926078 -0.0000457530410715 0.0038516162591220 0.0001074652834949 0.9999999937635717 0.0000303985085307 0.0043280513767512 0.0000457497740441 -0.0000304034251869 0.9999999984912950 0.0003574738400610
0.9999999958552256 -0.0000907100944461 -0.0000078248037598 -0.0008588453209743 0.0000907103418779 0.9999999953856860 0.0000316269196761 -0.0000112884230324 0.0000078219348428 -0.0000316276293356 0.9999999994692552 -0.0001988966906048
0.9999999960773924 -0.0000839262572423 -0.0000283125137480 0.0008452599855312 0.0000839268511129 0.9999999962581662 0.0000209750149901 0.0026237528047635 0.0000283107532875 -0.0000209773910880 0.9999999993792251 0.0002671483243270
0.9999999936602666 -0.0001049869473960 -0.0000407088145531 0.0015117427561199 0.0001049884950769 0.9999999937660218 0.0000380180519403 0.0032927147827671 0.0000407048229001 -0.0000380223256564 0.9999999984487101 0.0007992711912525
0.9999999964293007 -0.0000818376993783 -0.0000210710600757 0.0003290896622900 0.0000818382536708 0.9999999963052382 0.0000263063470315 -0.0002236364603682 0.0000210689071470 -0.0000263080713563 0.9999999994319932 0.0002951236840197
0.9999999956855479 -0.0000912503361565 -0.0000173862094706 -0.0010814138887797 0.0000912508116527 0.9999999954626276 0.0000273502104009 0.0012636434565205 0.0000173837136759 -0.0000273517967886 0.9999999994748429 0.0002680205575492
0.9999999956261549 -0.0000859965703000 -0.0000367733603387 0.0028611883819076 0.0000859977808127 0.9999999957603973 0.0000329178832136 0.0027884040523811 0.0000367705293578 -0.0000329210454970 0.9999999987820665 0.0008183978091825
0.9999999923694510 -0.0001068114751396 -0.0000620677588301 0.0109876095370342 0.0001068122066840 0.9999999942261564 0.0000117830278503 0.0074028317763074 0.0000620664999091 -0.0000117896573547 0.9999999980043768 0.0010392161386165
0.9999999911371771 -0.0001294037367109 -0.0000313100412450 0.0204356941338081 0.0001294035857725 0.9999999916157265 -0.0000048227435649 0.0117285133143970 0.0000313106650636 0.0000048186918905 0.9999999994982113 0.0010805542145779
0.9999999899289757 -0.0001396907362945 -0.0000250708371215 0.0168538159784162 0.0001396905793374 0.9999999902236635 -0.0000062621857693 0.0124741528560158 0.0000250717116457 0.0000062586835465 0.9999999996661191 0.0019076592298198
0.9999999965294057 -0.0000724490469804 0.0000411378668124 0.0097988797373409 0.0000724489300595 0.9999999973715331 0.0000028436556883 0.0109352670214507 -0.0000411380727244 -0.0000028406752840 0.9999999991497948 0.0001595399177105
0.9999999733181095 -0.0002294159284883 -0.0000270575691981 -0.0025423918912571 0.0002294156464360 0.9999999736298711 -0.0000104267988187 0.0119328321248527 0.0000270599605584 0.0000104205911108 0.9999999995795849 0.0014142791843648
0.9999999747622522 -0.0002243496443688 -0.0000119470536724 -0.0060097283873044 0.0002243497965488 0.9999999747524551 0.0000127380536036 0.0087280638537267 0.0000119441955930 -0.0000127407336011 0.9999999998475050 0.0010756862234131
0.9999999670386291 -0.0002533121963317 0.0000419007377890 -0.0193588471824057 0.0002533133470222 0.9999999675391679 -0.0000274592688728 0.0088721702114241 -0.0000418937806612 0.0000274698819838 0.9999999987451583 0.0006787270944781
0.9999999926241038 -0.0001156118527181 0.0000372248828234 -0.0239971411162221 0.0001156129636152 0.9999999928715460 -0.0000298420960937 0.0065789183894584 -0.0000372214324580 0.0000298463995526 0.9999999988618787 0.0024706049321985
0.9999999447789485 -0.0001959364551076 0.0002684231834807 -0.0373161822786587 0.0001959531837046 0.9999999788607260 -0.0000622968478956 0.0093439247297112 -0.0002684109715828 0.0000623494428329 0.9999999620340480 0.0011498506673708
0.9999996449804581 -0.0001961910197340 0.0008194803483941 -0.0626977890774540 0.0001963780526169 0.9999999546894984 -0.0002281592899114 0.0108917799332448 -0.0008194355484593 0.0002283201368654 0.9999996381975831 0.0006019854559573
0.9999991889905122 -0.0000880295835520 0.0012705389054776 -0.0925198850818966 0.0000884589922918 0.9999999389920430 -0.0003379214657720 0.0058844055503545 -0.0012705090808788 0.0003380335823058 0.9999991357696129 0.0044896086629864
0.9999988894595748 -0.0002310543705339 0.0014723088992754 -0.1470165053072390 0.0002315716412507 0.9999999115263184 -0.0003511722231752 0.0085072564811057 -0.0014722276291378 0.0003515127781725 0.9999988544916313 0.0034846551366692
0.9999986328802897 -0.0009478826565085 0.0013549007421812 -0.2700761748994602 0.0009483741635655 0.9999994847109931 -0.0003621659758764 0.0184716161615516 -0.0013545567531684 0.0003634504336103 0.9999990165394088 0.0037632239068904
0.9999989281572671 0.0008945247048717 0.0011590987315167 -0.3766933719734439 -0.0008942237038406 0.9999995663356870 -0.0002601776420593 0.0005689312661479 -0.0011593309641855 0.0002591408696290 0.9999992943986137 0.0076655399315720
0.9999988076761226 0.0008581510060299 0.0012838314468698 -0.4388513294166136 -0.0008578166738741 0.9999995980289272 -0.0002609454691887 -0.0055025933172815 -0.0012840548614236 0.0002598438660356 0.9999991418417709 0.0102650208814749
0.9999985395606682 0.0008571795326730 0.0014785532724219 -0.4928012481403807 -0.0008567768316446 0.9999995957094036 -0.0002729734239999 -0.0124322085139424 -0.0014787866618888 0.0002717062351506 0.9999988696822264 0.0054894298096383
0.9999986091384300 0.0004981993561536 0.0015917030524289 -0.5696889208926806 -0.0004976168273649 0.9999998090813297 -0.0003663533775087 -0.0104569869334490 -0.0015918852655598 0.0003655608097388 0.9999986661324083 0.0043807620532419
0.9999983543630975 -0.0003244566720441 0.0017849366837433 -0.6803863888050070 0.0003250999129998 0.9999998823213433 -0.0003600935242240 0.0015486310187964 -0.0017848196389479 0.0003606732144014 0.9999983421654702 0.0017842477329462
0.9999981697227898 -0.0001857426605967 0.0019042191928799 -0.7635471091716756 0.0001864679788009 0.9999999101371292 -0.0003807301229589 0.0000051315698477 -0.0019041483039353 0.0003810845020213 0.9999981144951419 0.0089107449670750
0.9999969734031737 -0.0001262291000189 0.0024570817460002 -0.9184149787688577 0.0001273692974309 0.9999998842895058 -0.0004638944244899 0.0129084733269540 -0.0024570229047143 0.0004642059772442 0.9999968737707415 0.0085483311580566
0.9999966174356989 0.0016610495695479 0.0020015073040281 -1.0219324446987783 -0.0016603875331799 0.9999985663156465 -0.0003323851546483 -0.0138669074495565 -0.0020020565427164 0.0003290607525589 0.9999979417421923 0.0133609813367356
0.9999970791459684 0.0012765424821965 0.0020523495859878 -1.1434505583083974 -0.0012759079878359 0.9999991378441809 -0.0003104346975547 -0.0079615244843589 -0.0020527440996220 0.0003078151815897 0.9999978457434173 0.0147833910949809
0.9999971395028699 0.0007564876709262 0.0022690774516085 -1.2803420441265077 -0.0007556366300972 0.9999996438583774 -0.0003758941362138 0.0057668515516560 -0.0022693610027752 0.0003741784629307 0.9999973549920604 0.0157339399434281
0.9999969840639938 0.0007156833043776 0.0023493957359837 -1.4432441955277044 -0.0007146683316455 0.9999996509555819 -0.0004328254730197 0.0115316872706706 -0.0023497046819049 0.0004311451289147 0.9999971464968216 0.0168203733769527
0.9999960474181114 0.0019332823096847 0.0020414621390644 -1.5821368898447121 -0.0019325810996918 0.9999980729123628 -0.0003454010045098 -0.0087248182364113 -0.0020421259626397 0.0003414543481384 0.9999978565629433 0.0183029121145280
0.9999972744385467 0.0010289301129598 0.0020958097004843 -1.7607984187706818 -0.0010282905510054 0.9999994244247039 -0.0003062169225488 0.0105026114563701 -0.0020961235700007 0.0003040609866241 0.9999977569039321 0.0209250680060782
0.9999979292636858 0.0002888025371055 0.0020144630636748 -1.9254796064804731 -0.0002883398682461 0.9999999319892151 -0.0002299601824023 0.0238925789909838 -0.0020145293397537 0.0002293788562011 0.9999979445263273 0.0199821804377089
0.9999980919181058 0.0004840429192284 0.0018925809361616 -2.0601538952023923 -0.0004838796924671 0.9999998791715499 -0.0000867025309372 0.0243397602363185 -0.0018926226752302 0.0000857865840203 0.9999982053084251 0.0216976184389281
0.9999977021706054 0.0013765993573459 0.0016433586701098 -2.2891539255686060 -0.0013765427427255 0.9999990519315807 -0.0000355811372779 0.0058143775118714 -0.0016434060930640 0.0000333189020675 0.9999986490522195 0.0242056241027733
0.9999983068131835 0.0011142436975875 0.0014645244103723 -2.4756529356200483 -0.0011139621908870 0.9999993609157850 -0.0001930188046111 0.0134115577659140 -0.0014647385444044 0.0001913870529734 0.9999989089554011 0.0280575389566957
0.9999953389195557 0.0029124306548474 0.0009164534050825 -2.6582535499941149 -0.0029123780046367 0.9999957572906788 -0.0000587792482150 -0.0239760347094738 -0.0009166207073214 0.0000561099155009 0.9999995783289892 0.0315154396315203
0.9999979341437205 0.0020037458922385 0.0003416294637124 -2.8772251397142616 -0.0020037052613123 0.9999979854722648 -0.0001192335436525 -0.0007718902829238 -0.0003418676892137 0.0001185487725793 0.9999999345363336 0.0373437863867012
0.9999994575882779 0.0010351690114225 -0.0001151011197904 -3.0408840243580975 -0.0010351759696518 0.9999994623805242 -0.0000604100527234 0.0207111379642731 0.0001150385232952 0.0000605291698695 0.9999999915511788 0.0352365713944358
0.9999996049053536 0.0005757246929690 -0.0006772962533157 -3.1984714575627993 -0.0005757268450037 0.9999998342648388 -0.0000029824259280 0.0132341895771150 0.0006772944240076 0.0000033723623847 0.9999997706304189 0.0448953444870029
0.9999971415573116 0.0020348244590622 -0.0012555343989558 -3.4117996152412240 -0.0020349300592422 0.9999979260967730 -0.0000828360243283 0.0025623278638412 0.0012553632383306 0.0000853907122351 0.9999992083854697 0.0656919184539118
0.9999960857664930 0.0021190974753645 -0.0018269859284041 -3.5707908235244692 -0.0021191187888065 0.9999977546179204 -0.0000097301787972 0.0137992576011155 0.0018269612069253 0.0000136017409188 0.9999983310124777 0.0717835683345623
0.9999922473650303 0.0031368894214614 -0.0023801543213448 -3.8131195452099056 -0.0031366602524534 0.9999950756681028 0.0001000100301083 -0.0068639030403877 0.0023804563210805 -0.0000925435193125 0.9999971624276743 0.0818518510020990
0.9999959564078545 0.0023040585394129 -0.0016668779761325 -4.0167253688753890 -0.0023037728925716 0.9999973313010903 0.0001732661448435 0.0048469098393207 0.0016672727430777 -0.0001694253359292 0.9999985957473420 0.0797162193900945
0.9999981477345271 0.0016701260646592 -0.0009566642269281 -4.1785138208200756 -0.0016698211969632 0.9999985548432002 0.0003193879791496 0.0246190351050845 0.0009571962625870 -0.0003177899293538 0.9999994913923085 0.0798566113969905
0.9999994052420280 0.0006175979364448 -0.0008989373610818 -4.3895971714864706 -0.0006173906631975 0.9999997827719418 0.0002308350890026 0.0546250331074421 0.0008990797290821 -0.0002302799561780 0.9999995693132985 0.0936128224029579
0.9999960765865156 0.0024807228764992 -0.0013010863098801 -4.6014325462298018 -0.0024801893472948 0.9999968396519920 0.0004115177148795 0.0205542966413699 0.0013021030594039 -0.0004082891599197 0.9999990689133589 0.1090617967616455
0.9999963663771911 0.0023428464581158 -0.0013335302352438 -4.8227617203072528 -0.0023422585125240 0.9999971591003967 0.0004422851980507 0.0152202967520448 0.0013345626531280 -0.0004391601184079 0.9999990130399706 0.1125182790771583
0.9999936180477800 0.0033621508808032 -0.0012082239715720 -5.0196814836463686 -0.0033616395966754 0.9999942593810569 0.0004249519427546 -0.0036016210991370 0.0012096457881672 -0.0004208876171871 0.9999991798050041 0.1127453918389772
0.9999960210599819 0.0026750950587642 -0.0008953941204336 -5.2550566522764646 -0.0026746707149409 0.9999963103530277 0.0004747808943661 0.0008963469546687 0.0008966609007699 -0.0004723841208091 0.9999994864261038 0.1187005821847202
0.9999981212333446 0.0018530748870330 -0.0005688965142838 -5.4461185166613522 -0.0018528023672542 0.9999981687503433 0.0004791861306507 0.0281865073359610 0.0005697834402772 -0.0004781311775634 0.9999997233686658 0.1080990534154606
0.9999944547956149 0.0031065298517491 -0.0011999376238051 -5.6436698591189458 -0.0031060194423994 0.9999950851481073 0.0004269928020230 0.0077739257705183 0.0012012581921753 -0.0004232634046714 0.9999991889130940 0.1183033349657601
0.9999955834320591 0.0025897702190443 -0.0014581517713715 -5.8896534707769916 -0.0025892143471622 0.9999965746435402 0.0003829755228316 0.0162521476678330 0.0014591385952856 -0.0003791983639074 0.9999988635609345 0.1271665466440200
0.9999980737083384 0.0013653399146003 -0.0014101157861476 -6.0945304003675860 -0.0013647755082848 0.9999989882367376 0.0004011400169625 0.0351241252563828 0.0014106620519208 -0.0003992147527610 0.9999989253295007 0.1235178914604204
0.9999942476653710 0.0027820512528922 -0.0019403162099897 -6.3455207266611362 -0.0027810911211876 0.9999960090769850 0.0004973552836560 0.0057070521669834 0.0019416921342271 -0.0004919562265181 0.9999979939033513 0.1311670669655750
0.9999970532752555 0.0018823122362299 -0.0015330823367146 -6.5429406840324900 -0.0018815064317701 0.9999980911618664 0.0005268834508298 0.0204669271607303 0.0015340711694751 -0.0005239973939723 0.9999986860253258 0.1289683062437302
0.9999990493470770 0.0007643579561119 -0.0011476331545171 -6.7378980421228096 -0.0007637309960763 0.9999995589465168 0.0005466458976529 0.0335738462660963 0.0011480504814905 -0.0005457688949702 0.9999991920578762 0.1170565639103652
0.9999956775771408 0.0022511227448608 -0.0018913681351111 -6.9515941544979318 -0.0022504851022714 0.9999974101288899 0.0003391936281561 -0.0013660320332622 0.0018921268032026 -0.0003349356662069 0.9999981538354259 0.1359178443444616
0.9999976707932502 0.0009256884920798 -0.0019497458526892 -7.1654209720591107 -0.0009246109161400 0.9999994193638383 0.0005535039657099 0.0110259749397886 0.0019502570928476 -0.0005516999201856 0.9999979460601256 0.1370723557857225
0.9999977868236490 -0.0003325685322693 -0.0020774373576978 -7.3630355797703757 0.0003343211280529 0.9999995885007082 0.0008433432263328 0.0170829764649162 0.0020771560334148 -0.0008440358910664 0.9999974865099549 0.1435272171109978
0.9999981281021409 -0.0002581035106836 -0.0019175960971702 -7.5525373503371336 0.0002597781020952 0.9999995851244170 0.0008730786513584 0.0170958179263882 0.0019173699569414 -0.0008735751665191 0.9999977802769747 0.1589596125475626
0.9999993651496800 -0.0001623176373574 -0.0011150574969269 -7.8205509774496313 0.0001631235161539 0.9999997255685915 0.0007226710593895 0.0103511172951048 0.0011149398886612 -0.0007228524927011 0.9999991171962695 0.1552398969119529
0.9999993598316480 -0.0010144598299049 -0.0005012060930858 -8.0207078094746453 0.0010146739039839 0.9999993940330948 0.0004270483717673 0.0158874766548197 0.0005007725659529 -0.0004275566591276 0.9999997832110468 0.1541231274280137
0.9999969162107265 -0.0024715304302948 -0.0002431180150713 -8.2201308156357324 0.0024715826304779 0.9999969225985287 0.0002146456915930 0.0223056380560834 0.0002425867635411 -0.0002152459159341 0.9999999474104275 0.1518692399606740
0.9999954339742646 -0.0030054745164941 -0.0003148865715233 -8.4628503240059132 0.0030054080458032 0.9999954614154650 -0.0002113550314568 0.0092004967196480 0.0003155203645450 0.0002104077037688 0.9999999280877463 0.1726130557969223
0.9999943654482077 -0.0033539773938110 -0.0001410938631957 -8.6574996443257053 0.0033539617750917 0.9999943693172835 -0.0001107887168424 0.0078905712278679 0.0001414646515927 0.0001103148691737 0.9999999839091909 0.1674666307730810
0.9999901641333495 -0.0044342590671281 0.0000947791233127 -8.8825011844345081 0.0044342820711653 0.9999901387800442 -0.0002438958411104 -0.0007373958440060 -0.0000936966913300 0.0002443137195506 0.9999999657658677 0.1849693233155535
0.9999836321967478 -0.0057022757947704 0.0004683901790046 -9.0774818603255216 0.0057024105317123 0.9999836999886084 -0.0002868296022613 0.0111888308115966 -0.0004667469627411 0.0002894958605805 0.9999998491696984 0.1810734522203017
0.9999718611273961 -0.0074851823938851 0.0004989969357730 -9.2706942893956317 0.0074853314789658 0.9999719402373766 -0.0002975744385971 0.0123142380255134 -0.0004967555350888 0.0003013012226591 0.9999998312257415 0.1871021858621118
0.9999597451529600 -0.0089112821129251 0.0010474372206195 -9.5212584501805893 0.0089112879336462 0.9999602936849900 -0.0000008901374602 0.0051434391829112 -0.0010473876984813 0.0000102241162932 0.9999994514370878 0.1894101878869076
0.9999681584542972 -0.0078788425578921 0.0012672479905614 -9.7390453974372253 0.0078786121151743 0.9999689458185046 0.0001867344833410 -0.0182908522878020 -0.0012686798888067 -0.0001767443820551 0.9999991796060450 0.2035199977416619
0.9999563213367796 -0.0091634005353007 0.0018405187434123 -9.9699117414344265 0.0091636891458760 0.9999580015018409 -0.0001484374689105 -0.0238575189749146 -0.0018390812524072 0.0001652969269921 0.9999982952270834 0.2160357831639152
0.9999387817450950 -0.0108343968493457 0.0022469105558835 -10.1706565675674874 0.0108349972523643 0.9999412671258988 -0.0002552120552607 -0.0191774221602298 -0.0022440135196813 0.0002795417013233 0.9999974431266115 0.2079406686981478
0.9999270904244454 -0.0117971512173862 0.0025770251176607 -10.3433443053300032 0.0117988043957441 0.9999301949511615 -0.0006272477684558 -0.0125665202799031 -0.0025694454915213 0.0006576078513734 0.9999964827447044 0.2122314723027229
0.9999102448606689 -0.0131014802075559 0.0028023988024844 -10.5962331818918170 0.0131036668256033 0.9999138519083065 -0.0007633332279776 -0.0081873403942374 -0.0027921565859973 0.0007999864151176 0.9999957819327714 0.2205426100649692
0.9999078145556242 -0.0133765337291630 0.0023303939555384 -10.7977054154825503 0.0133780166819536 0.9999103169144958 -0.0006219305506840 -0.0172026609553752 -0.0023218656836296 0.0006530492669526 0.9999970912289706 0.2342279551982110
0.9999062448418478 -0.0135173087309302 0.0021872107688929 -10.9861010213588788 0.0135184473242870 0.9999084932701890 -0.0005066242007706 -0.0277876946349964 -0.0021801624286556 0.0005361443957049 0.9999974797173099 0.2363165057789521
0.9998832706233041 -0.0150285353840156 0.0027546781764749 -11.2138008561454914 0.0150298038907598 0.9998869491446651 -0.0004403693666008 -0.0353427953243474 -0.0027477486511429 0.0004817202353337 0.9999961089039122 0.2311554560036803
0.9998652493455769 -0.0161005330124402 0.0032024971229725 -11.4096475405490150 0.0161022867052971 0.9998702132183421 -0.0005225720692355 -0.0297555220720260 -0.0031936677923256 0.0005740691791542 0.9999947354514471 0.2291224318983521
0.9998543646263613 -0.0168765337146335 0.0025361678560513 -11.6054142669589861 0.0168786856718147 0.9998572007446713 -0.0008295113151803 -0.0494774948192120 -0.0025218064174927 0.0008721976890432 0.9999964398754547 0.2323581995940661
0.9998443526776729 -0.0175001912192922 0.0022391350681768 -11.8261470692506396 0.0175025589630310 0.9998462752608327 -0.0010422460288738 -0.0476136962758183 -0.0022205513529196 0.0010812743996271 0.9999969499940297 0.2340057810074506
0.9998251254196563 -0.0186406724053866 0.0014979692398624 -12.0377131607911991 0.0186425655001296 0.9998254184541102 -0.0012599065984060 -0.0569636750391282 -0.0014742222159145 0.0012876122624396 0.9999980843599250 0.2462439728681836
0.9998031683215909 -0.0197978844559248 0.0012916598540069 -12.2407430069526821 0.0197993489599532 0.9998033339096536 -0.0011310543327506 -0.0481037602050871 -0.0012690133453202 0.0011564057296150 0.9999985261643729 0.2503214822540707
0.9997809669623953 -0.0209148378029774 0.0007665894684082 -12.4404107755911966 0.0209157561629527 0.9997805091814153 -0.0012102086935701 -0.0515238130643841 -0.0007411098905245 0.0012259774162821 0.9999989738672260 0.2625177754324979
0.9997853636758388 -0.0207177033654527 0.0000578518095423 -12.6417288743003944 0.0207177665267190 0.9997842568636675 -0.0014879105176908 -0.0734364694507899 -0.0000270132396716 0.0014887897183298 0.9999988913871152 0.2667115276180044
0.9997740496992955 -0.0212565064218288 -0.0001023846148924 -12.8489258452353727 0.0212562435829686 0.9997718389981753 -0.0021076183117836 -0.0878150659289265 0.0001471618568953 0.0021049657824790 0.9999977737287431 0.2685193207688465
0.9997387331367467 -0.0228542797352839 -0.0003838800780665 -13.0399348272102085 0.0228532530971854 0.9997357189179183 -0.0024942218323291 -0.0913391764265680 0.0004407822693020 0.0024847972662316 0.9999968157416986 0.2640858218008637
0.9997065238638229 -0.0242002862660924 -0.0011010398498606 -13.2288124457932987 0.0241966066593590 0.9997019663560726 -0.0032407853946498 -0.0902149125194040 0.0011791396372195 0.0032131928733107 0.9999941424934823 0.2863237875415284
0.9996798482623666 -0.0252949793543734 -0.0006041503070596 -13.4146559303521187 0.0252928787340360 0.9996747593128441 -0.0032628021933024 -0.1024626761427459 0.0006864863269156 0.0032464769010571 0.9999944945469720 0.2814341897075865
0.9996637521371834 -0.0259245661541717 -0.0005472958304677 -13.5781978142223458 0.0259227707504947 0.9996592467899406 -0.0030659849944030 -0.1056260484641718 0.0006265936684717 0.0030507666391553 0.9999951500898832 0.2757380944048528
0.9996391158372244 -0.0268511164536734 -0.0008097119014669 -13.7940619555409665 0.0268484640726307 0.9996346282037388 -0.0031257115851295 -0.1211162318632816 0.0008933449013479 0.0031028440444253 0.9999947871332746 0.2891322165758635
0.9996483220823745 -0.0264901885354638 -0.0012255893475138 -13.9869149403486226 0.0264857332344301 0.9996429979947691 -0.0035188769607138 -0.1437179073044376 0.0013183675237816 0.0034851788168787 0.9999930576937455 0.2991079086558652
0.9996306232748970 -0.0271644040162586 -0.0008438989763639 -14.1827529411224891 0.0271609453596261 0.9996235813137647 -0.0038702362479071 -0.1351974229797674 0.0009487139780964 0.0038458855787304 0.9999921545221758 0.3003252496491635
0.9996052660972554 -0.0280946966591681 0.0000032038124878 -14.3685385594180683 0.0280945196882049 0.9995985515295358 -0.0036652071623666 -0.1256459028329083 0.0000997703570975 0.0036638503904121 0.9999932831005379 0.3019428114042357
0.9995997315448082 -0.0282614375972616 0.0012914489860298 -14.5552640447472843 0.0282650771076335 0.9995962775959190 -0.0028926168916748 -0.1406819472649756 -0.0012091780873635 0.0029279619735508 0.9999949824509293 0.3062852228310742
0.9996074110104947 -0.0279068423385365 0.0024963981228957 -14.7468270984556042 0.0279110050482143 0.9996090527371078 -0.0016484790628289 -0.1560993641585372 -0.0024494183175778 0.0017175088687099 0.9999955252465840 0.3045994238656256
0.9996018771944288 -0.0280545318046958 0.0030050548403288 -14.9115971646014760 0.0280581960847237 0.9996055898407155 -0.0011842261889506 -0.1520604292485211 -0.0029706467048887 0.0012680711394532 0.9999947836132647 0.3078291250696549
0.9995815445958924 -0.0288054449567050 0.0026423557928918 -15.1078493885963123 0.0288097182228077 0.9995836435149588 -0.0015936603409331 -0.1387622882051370 -0.0025953495356912 0.0016691189909887 0.9999952390899576 0.3216541937118772
0.9996061978274889 -0.0279584856508926 0.0024025704942652 -15.3131951347628039 0.0279632947281550 0.9996069659810293 -0.0019919111797020 -0.1690233175877704 -0.0023459353821924 0.0020583105475883 0.9999951299605775 0.3245778429070208
0.9996073683117607 -0.0279625066201823 0.0017909328162499 -15.4881866242257544 0.0279680474038367 0.9996038629069446 -0.0031473140820371 -0.1692070256610319 -0.0017022165704755 0.0031961672406976 0.9999934434653642 0.3406826373692019
0.9995847011737506 -0.0287749516938977 0.0015579904998230 -15.6728338699035579 0.0287808460424313 0.9995781250251332 -0.0039031874565706 -0.1704900085866336 -0.0014450191921050 0.0039464067521123 0.9999911688576462 0.3316493210273931
0.9995593190443020 -0.0296579740935367 0.0012539076355540 -15.8518542697971299 0.0296634277783317 0.9995494465014955 -0.0045809443342665 -0.1616005448843362 -0.0011174811546924 0.0046161207979273 0.9999887212687191 0.3454689428776356
0.9995880436043759 -0.0286705846692017 0.0013193399494921 -16.0332217474336218 0.0286769856206110 0.9995756199926309 -0.0051196105381934 -0.1887569922783847 -0.0011719978205860 0.0051553361746494 0.9999860243673583 0.3323300338899899
0.9995790166678400 -0.0290131347058755 0.0001656861270866 -16.2106238932440014 0.0290136076503642 0.9995621400475508 -0.0058085070948678 -0.2010757234331876 0.0000029094190165 0.0058108689624805 0.9999831167541960 0.3397574405702401
0.9995716502335400 -0.0292421157168587 -0.0011894191016973 -16.3769316457259713 0.0292301293730585 0.9995314278691205 -0.0090842852636492 -0.2178974332781969 0.0014545054939389 0.0090456271379566 0.9999580296409690 0.3287014152117682
0.9995528292411896 -0.0298862403956757 -0.0009768269781567 -16.5293330162244345 0.0298754487525475 0.9995071059172196 -0.0096437950422950 -0.2094097240177126 0.0012645622828800 0.0096102994748221 0.9999530204095776 0.3232954298779067
0.9995421166415437 -0.0302216952890906 -0.0014853260908322 -16.6868988906846383 0.0302053057551881 0.9994933256708275 -0.0100365055524669 -0.2195696603743779 0.0017878937268054 0.0099870452748776 0.9999485298567617 0.3558445509711322
0.9995061961393260 -0.0314087359415218 -0.0009247624835157 -16.8466094011363090 0.0313979307297882 0.9994568963234374 -0.0100041160233718 -0.2278009720248975 0.0012384768801174 0.0099701403238579 0.9999495299648578 0.3586391183981599
0.9994619572950726 -0.0327916328169227 -0.0007104485221663 -16.9830536677985187 0.0327829914639671 0.9994133364582897 -0.0099125365060046 -0.2135270765271522 0.0010350799853093 0.0098839125102124 0.9999506172221279 0.3670470954822849
0.9994167324953118 -0.0341389573989960 -0.0008522887444342 -17.1063202294204437 0.0341293497478572 0.9993723729768325 -0.0094893422555702 -0.2247202963656524 0.0011757100759940 0.0094547193699467 0.9999546119636895 0.3688107934273738
0.9993602993887427 -0.0357289668123367 -0.0015597872180414 -17.2696877119453269 0.0357138533011714 0.9993230471168152 -0.0088299594305953 -0.2399083056959151 0.0018742166430370 0.0087686048882640 0.9999597986320693 0.3761088402562932
0.9993180692704456 -0.0368634982023198 -0.0021163482408081 -17.4020623330161577 0.0368444741744615 0.9992855659384258 -0.0084167945161763 -0.2488787359809660 0.0024251087390550 0.0083330791072487 0.9999623386109079 0.3767260066852142
0.9992590757344358 -0.0383657571422392 -0.0030607582824610 -17.5384482690317256 0.0383407769035894 0.9992339614496453 -0.0078406066141637 -0.2520517926575787 0.0033592244328302 0.0077174454680029 0.9999645776959594 0.3936166212790228
0.9991888021754533 -0.0401760194207448 -0.0027613530536632 -17.6416520937865897 0.0401553842177940 0.9991677861193200 -0.0071610264444464 -0.2573955091358813 0.0030467565548271 0.0070443342425424 0.9999705468810444 0.4005594675986176
0.9990972329894158 -0.0424544604402344 -0.0015289936630369 -17.7973101890027721 0.0424455153877255 0.9990837981654360 -0.0054719710156990 -0.2724234162252285 0.0017599023732539 0.0054021321767310 0.9999838597255366 0.3933702642117103
0.9989753955237238 -0.0452444386603724 -0.0010487652393902 -17.8751874458941593 0.0452388691323619 0.9989644977226118 -0.0048349777078024 -0.2635689041605844 0.0012664350929213 0.0047825788145849 0.9999877614661280 0.4021801791319495
