1.0000000000000000 0.0000000000000000 0.0000000000000000 0.0000000000000000 0.0000000000000000 1.0000000000000000 0.0000000000000000 0.0000000000000000 0.0000000000000000 0.0000000000000000 1.0000000000000000 0.0000000000000000
0.9999999925712669 -0.0001103424817170 -0.0000517880561417 0.0067515209495004 0.0001103461518147 0.9999999914005749 0.0000708701401231 0.0039881165989506 0.0000517802357093 -0.0000708758542093 0.9999999961477102 0.0008411523648938
0.9999999911415953 -0.0001189284098651 -0.0000597732597912 0.0042820249906584 0.0001189326423866 0.9999999904204109 0.0000708110493624 0.0034154844008600 0.0000597648377731 -0.0000708181577268 0.9999999957064764 0.0000708100343202
0.9999999904618684 -0.0001298712715718 -0.0000470076159706 0.0052703663741925 0.0001298712983425 0.9999999915665625 0.0000005664452375 0.0035708397426301 0.0000470075420092 -0.0000005725501722 0.9999999988949816 -0.0005191187747948
0.9999999992805403 -0.0000318106450556 0.0000206640322516 0.0038701708328543 0.0000318091110585 0.9999999967389535 0.0000742312170877 0.0003066040597356 -0.0000206663935272 -0.0000742305597298 0.9999999970313621 -0.0011375075571040
0.9999999988595041 -0.0000411620274693 -0.0000242214625469 0.0076335062045656 0.0000411624072609 0.9999999990299020 0.0000156796728348 0.0024775202015406 0.0000242208171163 -0.0000156806698306 0.9999999995837343 -0.0001058152874206
0.9999999967204589 -0.0000312844481853 -0.0000747018443574 0.0080707438427591 0.0000312869107000 0.9999999989672639 0.0000329636370034 0.0026184153778027 0.0000747008130311 -0.0000329659740853 0.9999999966665165 -0.0012508821877694
0.9999999951709111 -0.0000670521409819 -0.0000718483700742 0.0085328653950974 0.0000670506793485 0.9999999975451331 -0.0000203455210980 0.0013691340624514 0.0000718497341086 0.0000203407035178 0.9999999972119358 -0.0002773264097328
0.9999999910248575 -0.0001262947338437 -0.0000447205231978 0.0102732031188411 0.0001262967909236 0.9999999909666187 0.0000459987287155 0.0036123104185064 0.0000447147133966 -0.0000460043763612 0.9999999979420959 -0.0003580509865996
0.9999999963461393 -0.0000399314892265 -0.0000755856961076 0.0098074680341306 0.0000399339566896 0.9999999986698455 0.0000326433498645 0.0021699961700079 0.0000755843925095 -0.0000326463681811 0.9999999966106071 0.0005187632025619
0.9999999973664118 -0.0000280867746126 -0.0000669201734215 0.0057983527228365 0.0000280942350165 0.9999999933910377 0.0001114838039844 0.0010431458058552 0.0000669170417588 -0.0001114856837618 0.9999999915465259 0.0004308382364578
0.9999999983362445 -0.0000503507358328 -0.0000281480800901 0.0075773095461925 0.0000503508166532 0.9999999987282776 0.0000028705543886 0.0002480450552639 0.0000281479355198 -0.0000028719716626 0.9999999995997227 0.0006322340016521
0.9999999945509350 -0.0000908518275665 -0.0000514205728414 0.0074487202881983 0.0000908535711240 0.9999999952979903 0.0000339064601438 0.0031317205902598 0.0000514174921357 -0.0000339111317017 0.9999999981031383 -0.0002246378788733
0.9999999984177955 -0.0000523548013063 -0.0000205762908596 0.0089591044032510 0.0000523554251319 0.9999999981698544 0.0000303183220895 0.0002767996153109 0.0000205747035122 -0.0000303193993220 0.9999999993287078 -0.0009391311531992
0.9999999949110675 -0.0000865375132670 -0.0000518567625422 0.0087563074666033 0.0000865401477570 0.9999999949649230 0.0000508031192181 0.0030490479358030 0.0000518523659055 -0.0000508076066515 0.9999999973649596 -0.0009100561854396
0.9999999940013881 -0.0000649466624853 -0.0000881995170534 0.0067417186020481 0.0000649556389327 0.9999999927112780 0.0001017752865013 0.0032556791686177 0.0000881929064454 -0.0001017810149467 0.9999999909313181 -0.0000857015725950
0.9999999959426624 -0.0000638122198711 -0.0000635820385624 0.0062918038908668 0.0000638194365339 0.9999999915217301 0.0001135060316601 0.0011053578968843 0.0000635747949515 -0.0001135100889694 0.9999999915368525 -0.0003632241448154
0.9999999977133275 -0.0000248674048391 -0.0000628884499971 0.0086684433011014 0.0000248709878410 0.9999999980677109 0.0000569737853581 0.0007338688026830 0.0000628870330854 -0.0000569753493257 0.9999999963995153 -0.0000826018067929
0.9999999955726979 -0.0000900841848247 -0.0000271927155080 0.0063431001746644 0.0000900850683559 0.9999999954144755 0.0000324919897808 0.0020620888162455 0.0000271897883689 -0.0000324944392945 0.9999999991024134 -0.0009241070040426
0.9999999996688883 -0.0000128471751151 -0.0000222973892479 0.0051347734771903 0.0000128481704823 0.9999999989210546 0.0000446409597592 -0.0012346775430422 0.0000222968157137 -0.0000446412462251 0.9999999987550056 -0.0007413699629707
0.9999999953782857 -0.0000799525088858 -0.0000533949904127 0.0106482570252236 0.0000799551586906 0.9999999955722075 0.0000496261771852 0.0025555079033319 0.0000533910224389 -0.0000496304461607 0.9999999973431087 -0.0008702715761098
0.9999999964414538 -0.0000842434127825 0.0000044877466283 0.0061323745932687 0.0000842433613853 0.9999999963859568 0.0000114517375358 0.0033007488839622 -0.0000044887113455 -0.0000114513594322 0.9999999999243590 0.0000884325600023
0.9999999969825304 -0.0000771071398554 -0.0000094566449915 0.0081803448822782 0.0000771070722432 0.9999999970016894 -0.0000071498617092 0.0020684957779300 0.0000094571962686 0.0000071491325134 0.9999999999297257 -0.0008326265030582
0.9999999913298161 -0.0001210424087604 -0.0000518565628796 0.0089193191321644 0.0001210454066213 0.9999999910029258 0.0000578113981585 0.0014526325772037 0.0000518495647821 -0.0000578176746560 0.9999999969843696 0.0006432688501928
0.9999999963922900 -0.0000784148412312 -0.0000326578117007 0.0088115803772143 0.0000784168219523 0.9999999950859535 0.0000606538955841 0.0035348181855743 0.0000326530553746 -0.0000606564562871 0.9999999976272861 -0.0002039038670320
0.9999999908927050 -0.0001148185465480 -0.0000709315959024 0.0078908936664137 0.0001148226790262 0.9999999917108366 0.0000582587242838 0.0023736284726946 0.0000709249061324 -0.0000582668683091 0.9999999957873149 -0.0000665512220827
0.9999999938402853 -0.0001099107998841 0.0000154610984928 0.0083692070188552 0.0001099100652818 0.9999999928314895 0.0000475057731716 0.0018004118217789 -0.0000154663197795 -0.0000475040735486 0.9999999987520780 -0.0005622403690198
0.9999999948530820 -0.0000972948395083 0.0000287671735086 0.0033639302400103 0.0000972939702012 0.9999999948103606 0.0000302185731436 0.0003670303404134 -0.0000287701134705 -0.0000302157741155 0.9999999991296438 -0.0011605882237961
0.9999999995035954 -0.0000297772657459 -0.0000103016296856 0.0080501951155258 0.0000297781215093 0.9999999961054471 0.0000830804984032 0.0010616857152906 0.0000102991557354 -0.0000830808051252 0.9999999964957536 -0.0003991265095456
0.9999999974360606 -0.0000643084713789 -0.0000315007811440 0.0048444085469165 0.0000643091699022 0.9999999976863159 0.0000221742837689 0.0032096810778681 0.0000314993550768 -0.0000221763095011 0.9999999992580010 -0.0000015147504005
0.9999999997307051 -0.0000203864046293 -0.0000110898267564 0.0065215816049784 0.0000203865610292 0.9999999996927458 0.0000141030700341 0.0004112297903234 0.0000110895392421 -0.0000141032961137 0.9999999998390596 -0.0000406704418335
0.9999999973102327 -0.0000605062123524 -0.0000414551897165 0.0079891756644641 0.0000605083709046 0.9999999968137128 0.0000520702545763 0.0023530657396723 0.0000414520390105 -0.0000520727628222 0.9999999977850779 -0.0003064902944952
0.9999999947913666 -0.0000907733118949 -0.0000466633981881 0.0090759698881928 0.0000907742335783 0.9999999956849879 0.0000197500045608 0.0033637840640966 0.0000466616052134 -0.0000197542402922 0.9999999987162322 -0.0001011599700677
0.9999999944232000 -0.0001049012687480 0.0000122198154651 0.0057899941795828 0.0001049015665908 0.9999999942007439 -0.0000243756727409 0.0038671800454596 -0.0000122172583553 0.0000243769544827 0.9999999996282514 -0.0005858892734460
0.9999999958621706 -0.0000751040014971 -0.0000513327168629 0.0075098544336925 0.0000751053662264 0.9999999968262230 0.0000265845438131 0.0035252811429495 0.0000513307200944 -0.0000265883990656 0.9999999983291071 0.0005149516220410
0.9999999929839778 -0.0001119654549575 -0.0000386753312363 0.0040724126019512 0.0001119669576336 0.9999999929768980 0.0000388536260813 0.0030621367943176 0.0000386709807007 -0.0000388579561679 0.9999999984973073 0.0007488408871351
0.9999999976568194 -0.0000426177500319 -0.0000535732092898 0.0050525381972238 0.0000426207296863 0.9999999975450303 0.0000556184558560 0.0007511714210898 0.0000535708388248 -0.0000556207390550 0.9999999970182493 0.0001966603772302
0.9999999965022043 -0.0000491414685754 -0.0000676809246174 0.0052307817229197 0.0000491437893834 0.9999999982045695 0.0000342891949461 0.0002812474063731 0.0000676792394744 -0.0000342925209232 0.9999999971217718 -0.0003041582038521
0.9999999959763007 -0.0000714299507099 -0.0000542693337892 0.0083457180850027 0.0000714312354445 0.9999999971686137 0.0000236717386917 0.0015399349632909 0.0000542676427644 -0.0000236756151220 0.9999999982472441 -0.0000260208498623
0.9999999962370923 -0.0000603949299079 -0.0000622757393698 0.0087365966229765 0.0000603949572826 0.9999999981761287 0.0000004376917016 0.0025215844222964 0.0000622757128219 -0.0000004414528406 0.9999999980607703 -0.0013675864317202
0.9999999965497932 -0.0000817542527273 -0.0000147192273180 0.0087600081523982 0.0000817544738860 0.9999999965452250 0.0000150251762552 0.0014772834105393 0.0000147179988951 -0.0000150263795661 0.9999999997787942 -0.0009457761500928
0.9999999806344027 -0.0001964366897558 0.0000119925513703 0.0082726792203722 0.0001964377876036 0.9999999765097456 -0.0000916117018863 0.0061381403641678 -0.0000119745551891 0.0000916140559024 0.9999999957317374 -0.0006137406931981
0.9999999949726333 -0.0000938111100330 -0.0000354148152035 0.0087883267364449 0.0000938105574713 0.9999999954780489 -0.0000156038963171 0.0035215502888500 0.0000354162788622 0.0000156005739551 0.9999999992511547 -0.0005357250672042
0.9999999957740699 -0.0000826140788370 -0.0000403332870427 0.0068851132754466 0.0000826144526554 0.9999999965444907 0.0000092666565045 0.0034895126701011 0.0000403325213471 -0.0000092699885778 0.9999999991436775 -0.0009475308056540
0.9999999956851481 -0.0000736123567212 -0.0000566650214488 0.0050842143905197 0.0000736130762359 0.9999999972099670 0.0000126957061378 0.0031475224805897 0.0000566640867298 -0.0000126998773695 0.9999999983139471 0.0002523954925970
0.9999999970467056 -0.0000559964333187 -0.0000526401775873 0.0068126786854413 0.0000559970515113 0.9999999983632238 0.0000117423413834 0.0027150879852859 0.0000526395199719 -0.0000117452890434 0.9999999985455645 -0.0004146744084528
0.9999999879414833 -0.0001443273857771 -0.0000573292156520 0.0084220674876922 0.0001443270352986 0.9999999895661413 -0.0000061175261940 0.0033760450707238 0.0000573300979804 0.0000061092519645 0.9999999983379685 -0.0002212521075175
0.9999999828489082 -0.0001803069859314 -0.0000423269892540 0.0092602303901347 0.0001803042861159 0.9999999817112454 -0.0000637798814111 0.0060771237789717 0.0000423384884380 0.0000637722485796 0.9999999970702763 -0.0009475286997043
0.9999999975537913 -0.0000682769957228 -0.0000151878007225 0.0055640671162013 0.0000682769097313 0.9999999976531009 -0.0000056623252894 0.0007766905598181 0.0000151881872935 0.0000056612882994 0.9999999998686344 -0.0008307270505716
0.9999999970780075 -0.0000586343660964 -0.0000490509556049 0.0074496672851742 0.0000586335234813 0.9999999981334852 -0.0000171796249976 0.0032272183802013 0.0000490519628297 0.0000171767489170 0.9999999986494321 0.0003511494980271
0.9999999954357546 -0.0000793013599116 -0.0000532896351856 0.0057566598418021 0.0000793029108713 0.9999999964320360 0.0000291028584276 0.0026955560279259 0.0000532873270992 -0.0000291070843180 0.9999999981566192 0.0001331839203867
0.9999999952989103 -0.0000825909489006 -0.0000508027019292 0.0045711829119366 0.0000825889245925 0.9999999957956321 -0.0000398472735368 0.0039848973894810 0.0000508059927397 0.0000398430776090 0.9999999979156401 0.0001699404456016
0.9999999975669684 -0.0000250943843793 -0.0000650871345318 0.0068536044627379 0.0000250980947342 0.9999999980602137 0.0000570057735955 0.0009092231043206 0.0000650857038807 -0.0000570074070199 0.9999999962570033 0.0000050193620546
0.9999999918631388 -0.0001165624287784 -0.0000518355321247 0.0055927995352756 0.0001165648076702 0.9999999921532657 0.0000458924194692 0.0017120109035904 0.0000518301823860 -0.0000458984612946 0.9999999976034817 -0.0003286028407024
0.9999999987878796 -0.0000419772687585 -0.0000257322705576 0.0049411897347129 0.0000419782669942 0.9999999983664318 0.0000387938310813 0.0006082373301898 0.0000257306420565 -0.0000387949112304 0.9999999989164444 -0.0004502734118925
0.9999999968921152 -0.0000780629758511 -0.0000110427073595 0.0030376420332613 0.0000780638792556 0.9999999936046711 0.0000818332969317 0.0007416744600283 0.0000110363191382 -0.0000818341587140 0.9999999965906851 -0.0000025877589741
0.9999999918029471 -0.0000936923701932 -0.0000872688116031 0.0060950049230709 0.0000936963306386 0.9999999945808649 0.0000453791570613 0.0020730417333579 0.0000872645594494 -0.0000453873334568 0.9999999951624433 0.0000208504190462
0.9999999899858786 -0.0001334099000506 -0.0000472233129882 0.0029306928943115 0.0001334123874456 0.9999999897133027 0.0000526738002736 0.0032633386523145 0.0000472162852960 -0.0000526800999211 0.9999999974977147 -0.0002300728175121
0.9999999935515961 -0.0001126103016882 0.0000146876756023 0.0070552138128039 0.0001126106698538 0.9999999933452193 -0.0000250678768994 0.0021914820903246 -0.0000146848526034 0.0000250695307267 0.9999999995779368 -0.0005939319824177
0.9999999982209418 -0.0000452245015407 -0.0000388955135850 0.0074417890656094 0.0000452254685711 0.9999999986682755 0.0000248617393616 -0.0002721545719601 0.0000388943891734 -0.0000248634983852 0.9999999989345165 -0.0010367587996615
0.9999999976172504 -0.0000523756724118 -0.0000449698568130 0.0057826408645761 0.0000523769755818 0.9999999982084624 0.0000289780539622 -0.0017847342146731 0.0000449683389874 -0.0000289804092782 0.9999999985689921 -0.0004152538228483
0.9999999940525415 -0.0000871848046276 -0.0000655265353593 0.0155735616148409 0.0000871877402494 0.9999999951956745 0.0000447989828950 0.0010626605764867 0.0000655226292539 -0.0000448046957391 0.9999999968496621 0.0002251079331407
0.9999999771999099 -0.0001964761702752 -0.0000836498319804 0.0248772851921150 0.0001964840607279 0.9999999762479875 0.0000943294137836 -0.0003339783115577 0.0000836312965115 -0.0000943458474915 0.9999999920523336 0.0027161616633002
0.9999999494989759 -0.0003056457735930 -0.0000870787394115 0.0324512222990536 0.0003056676123865 0.9999999218105536 0.0002508908076381 0.0054959271764286 0.0000870020488879 -0.0002509174121183 0.9999999647355473 0.0040383552052706
0.9999999413163202 -0.0003116872824748 -0.0001421913999353 0.0217437650449006 0.0003117272961391 0.9999999117998702 0.0002814717472772 0.0014079504940422 0.0001421036562300 -0.0002815160557000 0.9999999502776294 0.0044136366279521
0.9999999991413918 -0.0000225955941948 -0.0000347369471153 0.0063628396812272 0.0000225978717359 0.9999999975951929 0.0000655663827684 0.0002387347188678 0.0000347354655204 -0.0000655671676932 0.9999999972471970 0.0035716538699647
0.9999999960365943 -0.0000867641873984 0.0000199696563397 -0.0059003151723028 0.0000867617672111 0.9999999888960568 0.0001211622134589 0.0036679190683005 -0.0000199801686590 -0.0001211604803760 0.9999999924604654 0.0019922400849018
0.9999999890469188 -0.0001474425420547 -0.0000129173959482 -0.0149205816882568 0.0001474426613381 0.9999999890876987 0.0000092338587919 0.0037465899794432 0.0000129160343437 -0.0000092357632660 0.9999999998739384 0.0031145780533255
0.9999999870973755 -0.0001504848358587 -0.0000562099901310 -0.0281080210908040 0.0001504892663054 0.9999999855699064 0.0000788236494778 0.0009131675564749 0.0000561981275559 -0.0000788321074609 0.9999999953136346 0.0039012121669940
0.9999999559415944 -0.0002922938958398 -0.0000517792206909 -0.0427572782352132 0.0002923015980711 0.9999999462082237 0.0001488063348248 0.0027773951039724 0.0000517357227222 -0.0001488214634176 0.9999999875877934 0.0050837403432947
0.9999998189203767 -0.0006016970367886 0.0000109494161831 -0.0644510948672058 0.0006016955880494 0.9999998102905945 0.0001318377577729 0.0097050815871180 -0.0000110287404941 -0.0001318311456843 0.9999999912494579 0.0043045272902896
0.9999997788842896 -0.0006498076396781 -0.0001413555918326 -0.0855641234355087 0.0006498225638903 0.9999997832939516 0.0001055589188659 0.0109115873117451 0.0001412869682080 -0.0001056507515783 0.9999999844379556 0.0060929956139565
0.9999997706575356 -0.0006747245214698 -0.0000585806818810 -0.1105984150634036 0.0006747316094716 0.9999997650408122 0.0001210602148934 0.0146536740018444 0.0000584989858213 -0.0001210997133669 0.9999999909563640 0.0063576331792308
0.9999998057957205 -0.0006185346724899 -0.0000763110766181 -0.1381346002112648 0.0006185378535192 0.9999998078373127 0.0000416684719608 0.0140812560640605 0.0000762852885593 -0.0000417156651581 0.9999999962201790 0.0088974079917967
0.9999996742477997 -0.0008068273233439 0.0000231076790981 -0.1613646407448871 0.0008068238924889 0.9999996635508950 0.0001480989648188 0.0137904809926573 -0.0000232271616149 -0.0001480802727476 0.9999999887663659 0.0071511113220191
0.9999996062862874 -0.0008856442401731 0.0000553312756495 -0.1995821038689541 0.0008856327313057 0.9999995862620213 0.0002076787214233 0.0190651276701969 -0.0000555151822203 -0.0002076296364686 0.9999999769039990 0.0079961247943874
0.9999994050127584 -0.0010903412193223 -0.0000336177735973 -0.2370872855558904 0.0010903501905380 0.9999993696544405 0.0002680059396022 0.0184124085066798 0.0000333255344835 -0.0002680424352879 0.9999999635213301 0.0125327934152335
0.9999993491642667 -0.0011257214728777 0.0001855322302088 -0.2965260628984524 0.0011256743527596 0.9999993342004393 0.0002538817235723 0.0178976948945520 -0.0001858179067893 -0.0002536727094639 0.9999999505609297 0.0119220963326568
0.9999992563186932 -0.0009178595701365 0.0008030540891193 -0.3624660007877260 0.0009178972630370 0.9999995776478525 -0.0000465696369398 0.0160704009296910 -0.0008030110055607 0.0000473067234573 0.9999996764676471 0.0114404347759941
0.9999989960855918 -0.0009094584878328 0.0010866062154190 -0.4267959747450291 0.0009095204819735 0.9999995847866314 -0.0000565602133007 0.0246222868290628 -0.0010865543250795 0.0000575484471278 0.9999994080437622 0.0067965552795486
0.9999986576264219 -0.0009668917821681 0.0013228248696247 -0.4822149754931394 0.0009671080704327 0.9999995190867497 -0.0001628749506722 0.0188853201497325 -0.0013226667510094 0.0001641540466404 0.9999991118026629 0.0146764300325138
0.9999984005666457 -0.0011452445775631 0.0013737827368160 -0.5355858594188246 0.0011448531870884 0.9999993038567007 0.0002856524006645 0.0202780427586928 -0.0013741089223292 -0.0002840791642379 0.9999990155613645 0.0131333059510632
0.9999982579478505 -0.0014129129344928 0.0012197451799042 -0.6017348986415419 0.0014121854050431 0.9999988245920164 0.0005971155395004 0.0164331842599062 -0.0012205874184752 -0.0005953919929531 0.9999990778369391 0.0199532643723057
0.9999987003863452 -0.0010583145059153 0.0012162220303592 -0.6885804042831174 0.0010574711654512 0.9999992001673361 0.0006938439466379 0.0160252145060013 -0.0012169553626986 -0.0006925569251810 0.9999990196917948 0.0181487168694056
0.9999984537635671 -0.0009383095358604 0.0014872947555141 -0.7711221064219438 0.0009377747987885 0.9999994954194710 0.0003601933233608 0.0123838158830876 -0.0014876319778842 -0.0003587980188767 0.9999988291068546 0.0217202148792150
0.9999984593798431 -0.0007731253036311 0.0015759172583832 -0.8686049188570489 0.0007722795409961 0.9999995574907432 0.0005372174870770 0.0134501212716267 -0.0015763318974580 -0.0005359996107720 0.9999986139401226 0.0239089187674081
0.9999977721964128 -0.0008917151794046 0.0019132292727235 -0.9559426763773731 0.0008905139759173 0.9999994059227114 0.0006286008932190 0.0143919388549969 -0.0019137886690757 -0.0006268957354132 0.9999979722052775 0.0276349329773133
0.9999974346165003 -0.0006532135879860 0.0021688873707076 -1.0454739735756944 0.0006518262366532 0.9999995825655271 0.0006403056525263 0.0144337821387562 -0.0021693047216920 -0.0006388902722042 0.9999974429648530 0.0292223532953388
0.9999971525852135 -0.0008771602742882 0.0022193267714666 -1.1506763898579264 0.0008756055200006 0.9999993706574507 0.0007014268855714 0.0192948503609831 -0.0022199406385492 -0.0006994816335463 0.9999972912908343 0.0312624560544250
0.9999968666657663 -0.0004869751374663 0.0024555068448530 -1.2843673695439857 0.0004842880802551 0.9999992834669197 0.0010947742700810 0.0142586274767918 -0.0024560382132518 -0.0010935816670914 0.9999963859711857 0.0285788711949822
0.9999966561518915 -0.0004400546582730 0.0025483400348980 -1.4290111589919707 0.0004372064142242 0.9999992793117813 0.0011181352642971 0.0136847756262873 -0.0025488302389710 -0.0011170173748137 0.9999961278608019 0.0320737951924196
0.9999961588411652 -0.0004647348498458 0.0027324575814296 -1.5374744577970234 0.0004608621729976 0.9999988888006166 0.0014177459537738 0.0170579764471495 -0.0027331134210773 -0.0014164812216478 0.9999952618247629 0.0302502115867699
0.9999950345807636 -0.0008748041580394 0.0030274628821325 -1.6761288233752587 0.0008704940029748 0.9999986062191242 0.0014247104968461 0.0179395669584511 -0.0030287050051793 -0.0014220680342781 0.9999944023185817 0.0328263228230552
0.9999944831906308 -0.0005575273789934 0.0032745612721230 -1.8308287646552719 0.0005505954125711 0.9999976066546715 0.0021174346791648 0.0229460652186899 -0.0032757339627739 -0.0021156200392668 0.9999923968305232 0.0402387883619058
0.9999944254916383 -0.0005823526841165 0.0032878337852516 -1.9879523061191542 0.0005746402109450 0.9999970825186817 0.0023462188203223 0.0205594533945511 -0.0032891905198855 -0.0023443164198059 0.9999918426698529 0.0523798725254809
0.9999930262513722 -0.0005799245306936 0.0036893273318055 -2.1313780381009999 0.0005715432818101 0.9999972547551164 0.0022724041251500 0.0227765099715846 -0.0036906350265943 -0.0022702796677239 0.9999906124776026 0.0528432713344922
0.9999922687124998 -0.0005375380147438 0.0038953264446508 -2.3001232117507673 0.0005262243022746 0.9999956423835709 0.0029048755314509 0.0190209932524168 -0.0038968709513386 -0.0029028032575826 0.9999881939953273 0.0582977528219559
0.9999910044801882 -0.0002076850790746 0.0042364874143745 -2.4819065778495859 0.0001942703562955 0.9999949673164249 0.0031666387307231 0.0213497734384599 -0.0042371237570891 -0.0031657872212423 0.9999860121889390 0.0606272548562243
0.9999878789881286 -0.0005516306094148 0.0048926046738658 -2.6589366283767077 0.0005347651064957 0.9999939133992393 0.0034477805550412 0.0281134827752024 -0.0048944767958232 -0.0034451223701927 0.9999820874539451 0.0687515925668116
0.9999830075335532 -0.0004661135261059 0.0058109708595421 -2.8677860482115243 0.0004456662852507 0.9999937071286847 0.0035195290299255 0.0210338917139881 -0.0058125747919366 -0.0035168794706499 0.9999769225002531 0.0736646557145076
0.9999799724182651 -0.0001026958997469 0.0063280499301164 -3.0575724144090928 0.0000791898257485 0.9999930972580735 0.0037147227590499 0.0084480924818920 -0.0063283877360169 -0.0037141472449649 0.9999730779470543 0.0680050517225212
0.9999796670467669 -0.0005608761918276 0.0063522366875538 -3.2713890764740712 0.0005377698965791 0.9999932355666361 0.0036386294821669 0.0255630793818721 -0.0063542345389195 -0.0036351394564173 0.9999732043732756 0.0757815643389901
0.9999769205346096 -0.0003491188015853 0.0067850213103102 -3.5004369100009942 0.0003214905644279 0.9999916552121690 0.0040726097091924 0.0088195340964330 -0.0067863865153680 -0.0040703343952069 0.9999686881777725 0.0754509986723394
0.9999737202179558 -0.0000236570372826 0.0072497112912166 -3.7181149228714587 -0.0000042800551985 0.9999925752098840 0.0038535057785702 0.0096366185958736 -0.0072497486261618 -0.0038534355384428 0.9999662955217083 0.0812026500883498
0.9999704200648583 -0.0001178641933146 0.0076905853706173 -3.9725800244238152 0.0000827697906626 0.9999895839696307 0.0045634527943922 0.0153621713383180 -0.0076910431329288 -0.0045626812596133 0.9999600140981891 0.0795267742987710
0.9999691140039579 -0.0000033400603842 0.0078594546237938 -4.2289418672014145 -0.0000355463170376 0.9999877600457390 0.0049475746750231 0.0231292698883835 -0.0078593749496269 -0.0049477012389171 0.9999568743090131 0.0915134024482668
0.9999644868179254 0.0000059150705826 0.0084276371525555 -4.4931079963762208 -0.0000563042719579 0.9999821251236309 0.0059788178644236 0.0214648871038186 -0.0084274511444537 -0.0059790800495504 0.9999466129093937 0.0958307036990082
0.9999624538869596 0.0004168240493892 0.0086554649835818 -4.7711805803497223 -0.0004689722966234 0.9999817471603105 0.0060237373114965 0.0166662183323906 -0.0086527961581884 -0.0060275703168662 0.9999443972115249 0.1071846408432068
0.9999644870721611 0.0004117903057177 0.0084175425899652 -5.0405587984003795 -0.0004676969462508 0.9999778403196238 0.0066407928192030 0.0248417137988406 -0.0084146214458066 -0.0066444938441711 0.9999425207718085 0.1149866613602151
0.9999650228862721 0.0006127297380351 0.0083413168220282 -5.3643208345065601 -0.0006748668396457 0.9999720315105473 0.0074485402205946 0.0244654279937224 -0.0083365195858985 -0.0074539089702784 0.9999374688860583 0.1239574083897982
0.9999648077544874 0.0005664785583404 0.0083703258344042 -5.6508579842473701 -0.0006327237837087 0.9999684854774549 0.0079137672785213 0.0246796081098172 -0.0083655790681030 -0.0079187848795131 0.9999336527654659 0.1301928220369660
0.9999619597155842 0.0000884004538402 0.0087218866725144 -6.0009787037787339 -0.0001637746537595 0.9999626470519851 0.0086416247690991 0.0378143837980975 -0.0087207969607834 -0.0086427244632050 0.9999246226662397 0.1358739971471367
0.9999615798784738 0.0005914924186310 0.0087457934840382 -6.3476928164858668 -0.0006744986559610 0.9999547311215041 0.0094910884140605 0.0276226262274429 -0.0087397836649341 -0.0094966227912405 0.9999167117000550 0.1496833510139901
0.9999604475748394 0.0006597665589638 0.0088694979573036 -6.6783748683787634 -0.0007543609914669 0.9999428317591977 0.0106660279809912 0.0257036122806584 -0.0088619538151297 -0.0106722969169906 0.9999037792973352 0.1457869175332799
0.9999604023710332 0.0009167719656735 0.0088517353736080 -7.0409143867224557 -0.0010132804700608 0.9999400312533300 0.0109044559597685 0.0256387262698880 -0.0088412076466070 -0.0109129934597476 0.9999013649461116 0.1541754682730913
0.9999643019556450 0.0009375409426498 0.0083973705015582 -7.4317218445129267 -0.0010411448767548 0.9999232950325621 0.0123418016743660 0.0305731284458035 -0.0083851554371516 -0.0123501039754583 0.9998885758423737 0.1663577789290300
0.9999669031560494 0.0009801019809991 0.0080766325041440 -7.8139027140825101 -0.0010833725240745 0.9999175934380209 0.0127918973217744 0.0256800091225724 -0.0080634295727211 -0.0128002239520869 0.9998855611370244 0.1748097332801156
0.9999720896163633 0.0009146179222466 0.0074150834344720 -8.1878120478965464 -0.0010148405412839 0.9999080373383976 0.0135235707100408 0.0351638702105998 -0.0074020326235192 -0.0135307183892804 0.9998810577128213 0.1787751620713407
0.9999711527186957 0.0004527899051910 0.0075821310819934 -8.5877850820585575 -0.0005566111038206 0.9999060453829771 0.0136963714411817 0.0425342781110296 -0.0075752171270451 -0.0137001966364527 0.9998774528398972 0.1898646412996906
0.9999735173312161 0.0008939707105221 0.0072225655140513 -9.0143297075104805 -0.0009945987002010 0.9999023264560011 0.0139408866756069 0.0474217835640708 -0.0072093973161140 -0.0139477010379949 0.9998767355159800 0.2020075601390850
0.9999753748661430 0.0013466054311449 0.0068874026403063 -9.4738471380236380 -0.0014459355122140 0.9998947297399150 0.0144374065827959 0.0410345406556075 -0.0068672361115230 -0.0144470097997908 0.9998720543029660 0.2236414519830701
0.9999777894453293 0.0011909017635634 0.0065576191580602 -9.9111624389661497 -0.0012864761562878 0.9998927373700068 0.0145896790168232 0.0285125339694060 -0.0065395408961119 -0.0145977911926487 0.9998720612644220 0.2304141897344876
0.9999798732356979 0.0007522305062965 0.0062997835504746 -10.3686718428454192 -0.0008501582448146 0.9998786305274380 0.0155563956472547 0.0434552720489381 -0.0062873169536939 -0.0155614383602721 0.9998591457208776 0.2318018962985674
0.9999805164935520 0.0011180185058773 0.0061413897376363 -10.8218843484324196 -0.0012121492884446 0.9998815238195290 0.0153449997862233 0.0500184481661639 -0.0061235061355038 -0.0153521450930216 0.9998633978267487 0.2485024998845144
0.9999847058768174 0.0016368642920432 0.0052828673790311 -11.3024026622294151 -0.0017226317751406 0.9998661261640602 0.0162715177363027 0.0464784929297312 -0.0052555258749504 -0.0162803693129170 0.9998536538028017 0.2650035099078809
0.9999853649373075 0.0014508494441276 0.0052120002964812 -11.8027704877378294 -0.0015275305312006 0.9998902129218774 0.0147386822178572 0.0461132417105176 -0.0051900444772945 -0.0147464280059004 0.9998777956827477 0.2840012662438823
0.9999833775619670 0.0013132569069903 0.0056142636255147 -12.3161483043317279 -0.0013992949358096 0.9998812250895620 0.0153485402263288 0.0370445720878070 -0.0055934402153909 -0.0153561411068295 0.9998664422595970 0.2834128951402785
0.9999834337664173 0.0006378864664258 0.0057206025540396 -12.8220848811462176 -0.0007196894602960 0.9998973609114019 0.0143090771713059 0.0520050469945058 -0.0057108878299326 -0.0143129571811558 0.9998812554583291 0.3063764024271400
0.9999812567627621 0.0018507888953760 0.0058361548670027 -13.3573007539867579 -0.0019325709513413 0.9998995858329003 0.0140386402729208 0.0391668851116487 -0.0058095862748493 -0.0140496559267192 0.9998844212586052 0.3063068341924979
0.9999823668539403 0.0012614108006820 0.0058030012910251 -13.9000185163458934 -0.0013428129869325 0.9999004602439632 0.0140451577845458 0.0542734047474853 -0.0057847069479656 -0.0140527024697240 0.9998845226919074 0.3116499997473808
0.9999838376698093 0.0013349168371612 0.0055265175471028 -14.4378263018513273 -0.0014065470504579 0.9999147974642422 0.0129776514608159 0.0618894932901871 -0.0055087225883521 -0.0129852150186831 0.9999005141344629 0.3307489887278431
0.9999848933369148 0.0014749733992283 0.0052950497099383 -14.9758965063840375 -0.0015525842521153 0.9998909908674993 0.0146831830387859 0.0559487489373627 -0.0052728151967647 -0.0146911822356806 0.9998781758716503 0.3472652243496370
0.9999866637168895 0.0024925494550936 0.0045232273410114 -15.5344122051658822 -0.0025506943732894 0.9999136049330264 0.0128948295085151 0.0330109187455824 -0.0044906955562174 -0.0129061949099459 0.9999066275339752 0.3845302750011499
0.9999823169126585 0.0026438626870942 0.0053268989180618 -16.0994141123439469 -0.0027040193548367 0.9999322975214875 0.0113176257549051 0.0429369462186599 -0.0052966160253624 -0.0113318296621160 0.9999217646872123 0.3800434797371084
0.9999828534175952 0.0018703708987783 0.0055492867564563 -16.7107046530017413 -0.0019301498010018 0.9999399597626344 0.0107866302266692 0.0642945624604756 -0.0055287785766904 -0.0107971562275539 0.9999264243057324 0.3896187922980909
0.9999824022269818 0.0022405332117709 0.0054932000948296 -17.2929983073563527 -0.0022996344579517 0.9999392888315053 0.0107763784502573 0.0540964382939970 -0.0054687217624126 -0.0107888211622179 0.9999268445342464 0.4102727642163628
0.9999800859059192 0.0021897683598010 0.0059188433093573 -17.9213305542152099 -0.0022580732053535 0.9999306510580470 0.0115582948582211 0.0478898292228170 -0.0058931228554624 -0.0115714298667334 0.9999156830022468 0.4143395233832418
0.9999807170654196 0.0023017275823300 0.0057678026549126 -18.5466013328152712 -0.0023711995237512 0.9999243791808299 0.0120670349568797 0.0448020358078529 -0.0057395914617538 -0.0120804788799425 0.9999105555597878 0.4235769100416437
0.9999835972280153 0.0026288000974513 0.0050886820460751 -19.1624747718784292 -0.0026835421049316 0.9999382842226004 0.0107808324230062 0.0690680203964051 -0.0050600273407825 -0.0107943112799994 0.9999289369586726 0.4438679806835215
0.9999840650160997 0.0030047663951072 0.0047792355861240 -19.8183284709933112 -0.0030532555482668 0.9999436119080386 0.0101710685212012 0.0716663241942586 -0.0047484044092534 -0.0101854986729579 0.9999368521423487 0.4588599817620986
0.9999844752051439 0.0034685715146860 0.0043610045104848 -20.4716267693946641 -0.0035144037679335 0.9999382114429526 0.0105461965857402 0.0543066794226153 -0.0043241548132432 -0.0105613591888853 0.9999348775681517 0.4705871064433645
0.9999843499773045 0.0039051415660354 0.0040062039160751 -21.1412405345192091 -0.0039494592846924 0.9999304306509502 0.0111146583197021 0.0678755037578238 -0.0039625208928799 -0.0111303067142999 0.9999302049146326 0.4840519215106877
0.9999816329036669 0.0040882096835801 0.0044744158165035 -21.8119390768018953 -0.0041384684389696 0.9999277983228907 0.0112814546985746 0.0697386904209916 -0.0044279718038339 -0.0112997647196488 0.9999263514794402 0.4918601769739963
0.9999830753704974 0.0040192585424671 0.0042064870534613 -22.4878728637988665 -0.0040589932849689 0.9999468205108056 0.0094805444908608 0.0810831008233548 -0.0041681585951964 -0.0094974581388611 0.9999462109247806 0.5181234957681495
0.9999823008081870 0.0043349592824294 0.0040750703532940 -23.1954423855113703 -0.0043690007330802 0.9999553248287291 0.0083821345291820 0.0847438534366401 -0.0040385520869442 -0.0083997901575360 0.9999565658679133 0.5286688212736461
0.9999836176740572 0.0043112641018469 0.0037652868880361 -23.9239326390161615 -0.0043387774934928 0.9999637240424600 0.0073297755079346 0.0954551879375213 -0.0037335497006269 -0.0073459921711695 0.9999660479264554 0.5477580364343760
0.9999814947989953 0.0046945504394606 0.0038692706984903 -24.6195616585037094 -0.0047226899880344 0.9999622329843886 0.0072958072995523 0.0736200294409139 -0.0038348740323191 -0.0073139456551605 0.9999658993886290 0.5557163205551704
0.9999797228701753 0.0050292125885651 0.0039065162518870 -25.3777549736689956 -0.0050553838726589 0.9999646507261513 0.0067186599874118 0.0882136618008517 -0.0038725885899872 -0.0067382726915290 0.9999697989133208 0.5724122000454297
0.9999783472589642 0.0054096959388438 0.0037470258979387 -26.0778453411898852 -0.0054339348222147 0.9999641810347701 0.0064891447671813 0.1099592529344326 -0.0037117873832548 -0.0065093653539166 0.9999719250044526 0.5822426318357127
0.9999785751499345 0.0054663519602174 0.0036011438951727 -26.8306194586913982 -0.0054862544862591 0.9999696030017787 0.0055402241991600 0.1184136865339152 -0.0035707496157970 -0.0055598622925377 0.9999781686009297 0.6101087967171861
0.9999796881097395 0.0052131222519879 0.0036669775475319 -27.5953219893423878 -0.0052294510041147 0.9999763914235652 0.0044575147448216 0.1062230444072583 -0.0036436534061074 -0.0044766004836892 0.9999833417802346 0.6307177955532924
0.9999758561134632 0.0057112550026906 0.0039583780062946 -28.3636368319243104 -0.0057323694039019 0.9999692932992982 0.0053434445369417 0.1147234964272803 -0.0039277386832227 -0.0053660064103954 0.9999778891775757 0.6393090083320668
0.9999706452838520 0.0065616933125283 0.0039563558319195 -29.1500335183701047 -0.0065799170998943 0.9999677215365044 0.0046109192196911 0.1114638128122226 -0.0039259726890237 -0.0046368163608579 0.9999815431659130 0.6651729522301225
0.9999692477998621 0.0068006739879667 0.0039056738071091 -29.9263454837964105 -0.0068137796445050 0.9999711675100418 0.0033520971883518 0.1365264412918811 -0.0038827646766543 -0.0033786065046731 0.9999867544905544 0.6895209391709787
0.9999700235346402 0.0064104585158344 0.0043425860668596 -30.7187715028504087 -0.0064209241400354 0.9999765047303010 0.0024003584228833 0.1324826240813317 -0.0043270966385357 -0.0024281698843291 0.9999876900370792 0.6973095310446107
0.9999671075817494 0.0067443400941957 0.0045052892564028 -31.5298449122506810 -0.0067534274664132 0.9999751855161918 0.0020048863592773 0.1428413007421430 -0.0044916558245183 -0.0020352465579250 0.9999878413257846 0.7200989644569700
0.9999619302893625 0.0074300169438658 0.0045752399047289 -32.3767777672323831 -0.0074358704926993 0.9999715550185627 0.0012637182333707 0.1362460273294772 -0.0045657203142285 -0.0012976910153878 0.9999887350345706 0.7414275176302813
0.9999606762598203 0.0078361345706036 0.0041522197670884 -33.1880422918975810 -0.0078376189733076 0.9999692271328008 0.0003413447793781 0.1405091912790180 -0.0041494171677548 -0.0003738748728526 0.9999913212397132 0.7647828011097066
0.9999542061786518 0.0086571759009303 0.0040790747777749 -34.0642110197873933 -0.0086581574932855 0.9999624925768342 0.0002230433731171 0.1361826971813976 -0.0040769908564765 -0.0002583504309615 0.9999916556654915 0.7739329100079785
0.9999586432775700 0.0080585549080805 0.0042156170693016 -34.8806060175155110 -0.0080508887752264 0.9999659123008388 -0.0018323281038351 0.1525055616447072 -0.0042302392852495 0.0017983128606064 0.9999894355174183 0.7903747685488877
0.9999595754478570 0.0080475846810334 0.0040104676713776 -35.7177800457285315 -0.0080374095286607 0.9999644561954922 -0.0025468399482613 0.1849548325008975 -0.0040308210342513 0.0025145032223207 0.9999887148139897 0.8168892603076856
0.9999460001042118 0.0093285968554818 0.0045797550475585 -36.6122289343561462 -0.0093162581733995 0.9999529354917497 -0.0027081608296364 0.1560567575164672 -0.0046048028442388 0.0026653484088398 0.9999858457541413 0.8295760829627327
0.9999437710022604 0.0095852531358476 0.0045362711670134 -37.4577425589078743 -0.0095780129128553 0.9999528254215254 -0.0016151161411464 0.1637426893812997 -0.0045515384673899 0.0015715768609707 0.9999884067546733 0.8447492852283225
0.9999481611584867 0.0094600944516971 0.0037658476769677 -38.3614033829014716 -0.0094579816348983 0.9999551049752862 -0.0005784611122117 0.1890113790129074 -0.0037711509059014 0.0005428138072892 0.9999927418606674 0.8698214924770049
0.9999510502968079 0.0097199932371655 0.0018489839859256 -39.2575884312932004 -0.0097235773591793 0.9999508441450097 0.0019394166707134 0.1967681029506241 -0.0018300419806135 -0.0019573004756660 0.9999964099541544 0.8843068530078366
0.9999365203850474 0.0111539370517475 0.0015952706633442 -40.1781209383239570 -0.0111614469958101 0.9999262895641289 0.0047788638266445 0.2078258951226438 -0.0015418499289470 -0.0047963659951618 0.9999873087054840 0.9141606673496477
0.9999367238690583 0.0111588703206781 0.0014240334198590 -41.1197696028887520 -0.0111654440207146 0.9999266424084591 0.0046949612954750 0.2258327689852882 -0.0013715384919402 -0.0047105641819224 0.9999879646612019 0.9355045010235015
0.9999346778236935 0.0109700134435575 0.0032091884759896 -42.0426945569494563 -0.0109822209443622 0.9999324299075052 0.0038113570288709 0.2547764822195905 -0.0031671609929826 -0.0038463520796305 0.9999875872564239 0.9518134028259404
0.9999224172504613 0.0117002513629990 0.0042735931061558 -42.9574674438807236 -0.0117206774620178 0.9999198555517798 0.0047862504258847 0.2524118788021436 -0.0042172502683253 -0.0048359685018178 0.9999794138925180 0.9686686343969420
0.9999311888556767 0.0111145384390416 0.0037529440390276 -43.9227391827415801 -0.0111299334949205 0.9999296282776420 0.0041064672086052 0.2816355036848377 -0.0037070384502530 -0.0041479546554620 0.9999845260493307 1.0014173225903060
0.9999300837638708 0.0116530546462222 0.0020084574654290 -44.8928664939690094 -0.0116617718561083 0.9999223861270283 0.0043846093561563 0.3032634221553646 -0.0019572074888368 -0.0044077249735178 0.9999883705820800 1.0004068853011803
0.9999246087091748 0.0122586710769598 -0.0007084357633169 -45.8515025223229031 -0.0122574724282603 0.9999234760659077 0.0016722386021803 0.3035212892485873 0.0007288809740115 -0.0016634288981174 0.9999983508670535 1.0337295935527504
