1.0000000000000000 0.0000000000000023 -0.0000000000000017 -0.0000000000000001 -0.0000000000000023 1.0000000000000000 0.0000000000000003 -0.0000000000000004 0.0000000000000017 -0.0000000000000003 1.0000000000000000 0.0000000000000001
0.9999999925712669 -0.0001103424817125 -0.0000517880561452 0.0067515209495001 0.0001103461518101 0.9999999914005749 0.0000708701401237 0.0039881165989499 0.0000517802357127 -0.0000708758542099 0.9999999961477102 0.0008411523648940
0.9999999911415953 -0.0001189284098583 -0.0000597732597965 0.0042820249906579 0.0001189326423798 0.9999999904204109 0.0000708110493633 0.0034154844008589 0.0000597648377784 -0.0000708181577277 0.9999999957064764 0.0000708100343204
0.9999999904618684 -0.0001298712715627 -0.0000470076159775 0.0052703663741919 0.0001298712983334 0.9999999915665625 0.0000005664452387 0.0035708397426286 0.0000470075420161 -0.0000005725501734 0.9999999988949816 -0.0005191187747945
0.9999999992805403 -0.0000318106450442 0.0000206640322429 0.0038701708328535 0.0000318091110471 0.9999999967389535 0.0000742312170892 0.0003066040597337 -0.0000206663935185 -0.0000742305597313 0.9999999970313621 -0.0011375075571036
0.9999999988595041 -0.0000411620274556 -0.0000242214625573 0.0076335062045647 0.0000411624072472 0.9999999990299020 0.0000156796728366 0.0024775202015384 0.0000242208171267 -0.0000156806698324 0.9999999995837343 -0.0001058152874201
0.9999999967204589 -0.0000312844481693 -0.0000747018443696 0.0080707438427581 0.0000312869106841 0.9999999989672639 0.0000329636370055 0.0026184153778000 0.0000747008130432 -0.0000329659740874 0.9999999966665165 -0.0012508821877688
0.9999999951709111 -0.0000670521409637 -0.0000718483700881 0.0085328653950962 0.0000670506793303 0.9999999975451331 -0.0000203455210956 0.0013691340624484 0.0000718497341225 0.0000203407035154 0.9999999972119358 -0.0002773264097322
0.9999999910248575 -0.0001262947338232 -0.0000447205232134 0.0102732031188398 0.0001262967909031 0.9999999909666187 0.0000459987287182 0.0036123104185030 0.0000447147134123 -0.0000460043763639 0.9999999979420959 -0.0003580509865988
0.9999999963461399 -0.0000399314739409 -0.0000755856969266 0.0098074680349691 0.0000399339414041 0.9999999986698460 0.0000326433503606 0.0021699961718481 0.0000755843933289 -0.0000326463686761 0.9999999966106070 0.0005187632024341
0.9999999973658490 -0.0000280874902885 -0.0000669282813259 0.0058008803929580 0.0000280949515976 0.9999999933910153 0.0001114838237191 0.0010431312357878 0.0000669251495828 -0.0001114857037722 0.9999999915459811 0.0004307589822460
0.9999999983357158 -0.0000503521643930 -0.0000281643014245 0.0075823648845533 0.0000503522452611 0.9999999987282056 0.0000028705940782 0.0002480159145103 0.0000281641568481 -0.0000028720122092 0.9999999995992659 0.0006320755078217
0.9999999945494835 -0.0000908540402468 -0.0000514448859915 0.0074563033056407 0.0000908557846317 0.9999999952977873 0.0000339065172967 0.0031316768773256 0.0000514418052055 -0.0000339111911774 0.9999999981018859 -0.0002248756289195
0.9999999984169754 -0.0000523577267843 -0.0000206086789054 0.0089692151136873 0.0000523583515935 0.9999999981696989 0.0000303183989914 0.0002767413337139 0.0000206070914652 -0.0000303194779798 0.9999999993280385 -0.0009394481203502
0.9999999949086475 -0.0000865412206701 -0.0000518972261437 0.0087689458372867 0.0000865438572208 0.9999999949645971 0.0000508032134903 0.0030489750816563 0.0000518928293103 -0.0000508077046178 0.9999999973628557 -0.0009104524134013
0.9999999939968123 -0.0000649511549302 -0.0000882480756203 0.0067568846079134 0.0000649601363297 0.9999999927109745 0.0001017753980280 0.0032555917351210 0.0000882414645474 -0.0001017811300241 0.9999999909270227 -0.0000861771360202
0.9999999959350976 -0.0000639204086900 -0.0000635923429265 0.0063090777811536 0.0000639276264062 0.9999999915150263 0.0001135042110009 0.0011052939546070 0.0000635850871513 -0.0001135082758471 0.9999999915364040 -0.0003637881953521
0.9999999977097950 -0.0000250792303971 -0.0000628604982231 0.0086878250916210 0.0000250828115708 0.9999999980626338 0.0000569700344750 0.0007338286179336 0.0000628590693367 -0.0000569716110626 0.9999999964014865 -0.0000832542998490
0.9999999955460216 -0.0000903997275960 -0.0000271264835993 0.0063645895207979 0.0000904006088211 0.9999999953861846 0.0000324863171139 0.0020620716359375 0.0000271235467199 -0.0000324887692198 0.9999999991043965 -0.0009248478928828
0.9999999996659851 -0.0000133487973780 -0.0000221323178645 0.0051579246470724 0.0000133497851565 0.9999999989149264 0.0000446310488008 -0.0012346379201969 0.0000221317220697 -0.0000446313442476 0.9999999987591149 -0.0007422115814911
0.9999999953371151 -0.0000806402999595 -0.0000531310810131 0.0106730670424616 0.0000806429359133 0.9999999955176831 0.0000496120003303 0.0025556074752306 0.0000531270800484 -0.0000496162847453 0.9999999973578688 -0.0008712148583166
0.9999999963657527 -0.0000851173729529 0.0000048505185383 0.0061588451208222 0.0000851173174906 0.9999999963121603 0.0000114333596887 0.0033009025188295 -0.0000048514916979 -0.0000114329467840 0.9999999999228754 0.0000873896891391
0.9999999969044855 -0.0000781672489769 -0.0000089950038739 0.0082084769224322 0.0000781671844615 0.9999999969192233 -0.0000071724933547 0.0020687084023240 0.0000089955645002 0.0000071717902183 0.9999999999338226 -0.0008337709308354
0.9999999912070882 -0.0001222886993334 -0.0000512961750267 0.0089491132763143 0.0001222916634125 0.9999999908528518 0.0000577844718555 0.0014529031346694 0.0000512891081696 -0.0000577907444420 0.9999999970148287 0.0006420232758879
0.9999999963002476 -0.0000798473197910 -0.0000319985981394 0.0088430322213858 0.0000798492595281 0.9999999949744892 0.0000606227454757 0.0035351458149004 0.0000319937574148 -0.0000606253003158 0.9999999976504862 -0.0002052501166433
0.9999999907590267 -0.0001164371909225 -0.0000701735505663 0.0079240080342241 0.0001164412767451 0.9999999915257402 0.0000582232656043 0.0023740119626102 0.0000701667706182 -0.0000582314361641 0.9999999958428620 -0.0000679976925908
0.9999999936266746 -0.0001117155926389 0.0000163179993343 0.0084039827083993 0.0001117148179742 0.9999999926333788 0.0000474662175434 0.0018008532874075 -0.0000163233019307 -0.0000474643942785 0.9999999987403405 -0.0005637880143692
0.9999999946294426 -0.0000992857513374 0.0000297229618495 0.0034003687733945 0.0000992848544513 0.9999999946159993 0.0000301748090273 0.0003675199807511 -0.0000297259576180 -0.0000301718578253 0.9999999991030132 -0.0011622324285443
0.9999999994467044 -0.0000319543760769 -0.0000092471174978 0.0080882937634494 0.0000319551437787 0.9999999960422433 0.0000830324156141 0.0010622418366768 0.0000092444642121 -0.0000830327110611 0.9999999965100543 -0.0004008759554908
0.9999999973169631 -0.0000666716969320 -0.0000303472993028 0.0048841637076395 0.0000666723682865 0.9999999975327083 0.0000221219076162 0.0032102873859929 0.0000303458243228 -0.0000221239308832 0.9999999992948313 -0.0000033615044296
0.9999999996885875 -0.0000229357520962 -0.0000098374883205 0.0065630041034736 0.0000229358902774 0.9999999996383203 0.0000140465015659 0.0004118972492340 0.0000098371661499 -0.0000140467271931 0.9999999998529598 -0.0000426200695181
0.9999999972164236 -0.0000630895190300 -0.0000398354793166 0.0080345683057980 0.0000630915909013 0.9999999966571228 0.0000520115894524 0.0023540196449181 0.0000398321977973 -0.0000520141025914 0.9999999978539645 -0.0003080808318233
0.9999999946411612 -0.0000933901990338 -0.0000446760373656 0.0091253357011552 0.0000933910787468 0.9999999954452198 0.0000196892548742 0.0033650236856276 0.0000446741983787 -0.0000196934271120 0.9999999988081925 -0.0001023913316265
0.9999999941101010 -0.0001075517140779 0.0000145748675862 0.0058433331619599 0.0001075520702427 0.9999999939176600 -0.0000244383342671 0.0038686940184927 -0.0000145722391128 0.0000244399016804 0.9999999995951705 -0.0005867531983332
0.9999999957930181 -0.0000777882130330 -0.0000486102632593 0.0075671723649164 0.0000777895022243 0.9999999966227510 0.0000265196414386 0.0035270825266098 0.0000486082001796 -0.0000265234226952 0.9999999984668755 0.0005144444995613
0.9999999927907053 -0.0001146833418837 -0.0000355853961245 0.0041337078634257 0.0001146847221096 0.9999999926715039 0.0000387866833841 0.0030642118575393 0.0000355809476773 -0.0000387907642057 0.9999999986146364 0.0007487039658147
0.9999999977150202 -0.0000453692422828 -0.0000501157803758 0.0051178134835295 0.0000453720261708 0.9999999974278222 0.0000555493911116 0.0007535321063902 0.0000501132600131 -0.0000555516648391 0.9999999972013368 0.0001968811439838
0.9999999966130373 -0.0000519264135730 -0.0000638558763810 0.0053000320210620 0.0000519285986694 0.9999999980662743 0.0000342180090904 0.0002838915381329 0.0000638540994390 -0.0000342213249206 0.9999999973757775 -0.0003035772160619
0.9999999959897915 -0.0000742479481539 -0.0000500765330362 0.0084189414289097 0.0000742491299536 0.9999999969650906 0.0000235984242238 0.0015428710402271 0.0000500747807496 -0.0000236021422682 0.9999999984677276 -0.0000250907250117
0.9999999963344176 -0.0000632464633601 -0.0000577152456135 0.0088137870247137 0.0000632464843744 0.9999999979998755 0.0000003622775448 0.0025248046304917 0.0000577152225853 -0.0000003659278299 0.9999999983344096 -0.0013662970022735
0.9999999963852386 -0.0000845386417058 -0.0000090961941825 0.0088411299443331 0.0000845387773841 0.9999999963153452 0.0000149165939600 0.0014807695043909 0.0000090949331204 -0.0000149173628872 0.9999999998473772 -0.0009442592139553
0.9999999799945193 -0.0001991534000685 0.0000186784443363 0.0083577163877285 0.0001991551130777 0.9999999759592670 -0.0000917535076683 0.0061418909080112 -0.0000186601708642 0.0000917572257404 0.9999999956162048 -0.0006119928224100
0.9999999949648966 -0.0000964612262613 -0.0000276665626039 0.0088772980213472 0.0000964607897318 0.9999999952231675 -0.0000157791318416 0.0035255680654658 0.0000276680845462 0.0000157764630237 0.9999999994927902 -0.0005337533307985
0.9999999958738740 -0.0000851973156259 -0.0000315225207089 0.0069780079406841 0.0000851976011992 0.9999999963296597 0.0000090581083046 0.0034937913172486 0.0000315217488667 -0.0000090607939104 0.9999999994621407 -0.0009453166482758
0.9999999960074889 -0.0000761285465550 -0.0000467917353207 0.0051810469979357 0.0000761291293679 0.9999999970246291 0.0000124538131663 0.0031520620677202 0.0000467907870908 -0.0000124573753307 0.9999999988277181 0.0002548531218823
0.9999999974224354 -0.0000584455139304 -0.0000417043303366 0.0069134322812481 0.0000584459922075 0.9999999982262852 0.0000114671564027 0.0027198979244461 0.0000417036600588 -0.0000114695938241 0.9999999990646266 -0.0004120062776203
0.9999999882107696 -0.0001467091739724 -0.0000453307710738 0.0085267480668794 0.0001467088828235 0.9999999892176049 -0.0000064260235605 0.0033811247395638 0.0000453317133416 0.0000064193730580 0.9999999989519137 -0.0002183737273737
0.9999999828965357 -0.0001826210276274 -0.0000292658271964 0.0093688223086309 0.0001826191507575 0.9999999812693305 -0.0000641216369456 0.0060824715094479 0.0000292775366075 0.0000641162913483 0.9999999975159635 -0.0009444318797390
0.9999999975125737 -0.0000705246052590 -0.0000010642021255 0.0056765993178401 0.0000705245988329 0.9999999974949159 -0.0000060373261724 0.0007822955352463 0.0000010646279028 0.0000060372511050 0.9999999999812090 -0.0008273561068182
0.9999999975773737 -0.0000608147007369 -0.0000338648029811 0.0075661371586062 0.0000608141051480 0.9999999979961534 -0.0000175880055266 0.0032330929914612 0.0000338658725225 0.0000175859460263 0.9999999992719186 0.0003547223842592
0.9999999959997534 -0.0000814153179267 -0.0000370410475332 0.0058770540526733 0.0000814163795887 0.9999999962749554 0.0000286611647059 0.0027016928768785 0.0000370387139374 -0.0000286641803392 0.9999999989032492 0.0001370099506902
0.9999999958574772 -0.0000846366875562 -0.0000334914413678 0.0046955014834270 0.0000846353370841 0.9999999956054874 -0.0000403222633540 0.0039912975569119 0.0000334948539634 0.0000403194286275 0.9999999986262192 0.0001740139544526
0.9999999985424042 -0.0000270746766727 -0.0000467135268397 0.0069818529615088 0.0000270773158541 0.9999999980374287 0.0000564974475226 0.0009158938608382 0.0000467119970979 -0.0000564987123172 0.9999999973129424 0.0000092795414202
0.9999999924569289 -0.0001184754169932 -0.0000323993475750 0.0057249668041975 0.0001184768862703 0.9999999919532655 0.0000453508143517 0.0017189451738597 0.0000323939743577 -0.0000453546525834 0.9999999984467930 -0.0003240914491652
0.9999999990260788 -0.0000438229698048 -0.0000052335147583 0.0050772832384548 0.0000438231697929 0.9999999983094202 0.0000382189665893 0.0006154362597856 0.0000052318398808 -0.0000382191959013 0.9999999992559605 -0.0004455223189330
0.9999999967572708 -0.0000798424660006 0.0000105185076137 0.0031776709575354 0.0000798416113743 0.9999999935138961 0.0000812251483114 0.0007491354595129 -0.0000105249927616 -0.0000812243082334 0.9999999966459181 0.0000024300611977
0.9999999933595523 -0.0000954039867499 -0.0000646449896193 0.0062389584746849 0.0000954068789134 0.9999999944480387 0.0000447375697172 0.0020807739926273 0.0000646407211179 -0.0000447437369968 0.9999999969097876 0.0000260307539521
0.9999999906031256 -0.0001350546566934 -0.0000235369580898 0.0030785652235682 0.0001350558804460 0.9999999895280076 0.0000519989788313 0.0032713314982281 0.0000235299351391 -0.0000520021571473 0.9999999983710589 -0.0002245925081354
0.9999999926965047 -0.0001142329146631 0.0000394693761749 0.0072068383463068 0.0001142339321325 0.9999999931430669 -0.0000257774115590 0.0021997642972572 -0.0000394664312754 0.0000257819201127 0.9999999988888467 -0.0005883286301320
0.9999999988188174 -0.0000468281895272 -0.0000130186762813 0.0075971656903398 0.0000468285034929 0.9999999986127235 0.0000241173029345 -0.0002635889948050 0.0000130175468936 -0.0000241179125511 0.9999999996244349 -0.0010309453156744
0.9999999983822383 -0.0000539592567836 -0.0000179978352930 0.0059417950637468 0.0000539597642880 0.9999999981465861 0.0000281987880039 -0.0017758893314589 0.0000179963136740 -0.0000281997591173 0.9999999994404531 -0.0004091770758676
0.9999999953602324 -0.0000887487023256 -0.0000374593501581 0.0157364876421007 0.0000887503499467 0.9999999950943533 0.0000439848694976 0.0010718028863683 0.0000374554463743 -0.0000439881938240 0.9999999983310641 0.0002311442688285
0.9999999789093285 -0.0001980213203464 -0.0000544876075669 0.0250440423819355 0.0001980264133010 0.9999999760234725 0.0000934804473851 -0.0003245410625839 0.0000544690951388 -0.0000934912353990 0.9999999941462533 0.0027221571784559
0.9999999512071860 -0.0003071757206673 -0.0000568216703650 0.0326217681187829 0.0003071899173792 0.9999999215654191 0.0002500070205077 0.0055056574134723 0.0000567448698215 -0.0002500244633534 0.9999999671338932 0.0040443562380662
0.9999999448107336 -0.0003131982965337 -0.0001108393281485 0.0219180875152605 0.0003132293824421 0.9999999115886656 0.0002805530517711 0.0014179465267205 0.0001107514496111 -0.0002805877544219 0.9999999545023132 0.0044201794675184
0.9999999997074621 -0.0000240797421384 -0.0000022895066100 0.0065408965851009 0.0000240798900201 0.9999999976226581 0.0000646130217502 0.0002489908474032 0.0000022879507397 -0.0000646130768623 0.9999999979099577 0.0035788993014062
0.9999999946759380 -0.0000882302676919 0.0000535120905256 -0.0057185555238869 0.0000882238364129 0.9999999888873680 0.0001201741175742 0.0036784409557956 -0.0000535226929255 -0.0001201693958925 0.9999999913473188 0.0020001081265373
0.9999999886807590 -0.0001488849024234 0.0000217202139968 -0.0147350254349324 0.0001488847241111 0.9999999888829600 0.0000082108965090 0.0037573799976865 -0.0000217214362338 -0.0000082076626080 0.9999999997304068 0.0031229701621898
0.9999999882520648 -0.0001519096481296 -0.0000204775262192 -0.0279186744273162 0.0001519112401532 0.9999999854377277 0.0000777657988049 0.0009242201804874 0.0000204657125459 -0.0000777689086577 0.9999999967665757 0.0039102795810703
0.9999999567579508 -0.0002937014381525 -0.0000149519776594 -0.0425641328887762 0.0002937036435925 0.9999999459594200 0.0001477136651744 0.0027887080730618 0.0000149085931355 -0.0001477180502373 0.9999999889785557 0.0050935546029089
0.9999998169503211 -0.0006030844853113 0.0000488715428512 -0.0642542288450981 0.0006030780928635 0.9999998096057888 0.0001307103670733 0.0097166474182068 -0.0000489503629408 -0.0001306808697899 0.9999999902631861 0.0043153694624348
0.9999997827491258 -0.0006511747038947 -0.0001023386837729 -0.0853634321721844 0.0006511853875553 0.9999997825294563 0.0001043965091913 0.0109234043654010 0.0001022706811513 -0.0001044631279665 0.9999999893140813 0.0061048612102484
0.9999997712920520 -0.0006760730252385 -0.0000184691146881 -0.1103939594839904 0.0006760752342623 0.9999997642775278 0.0001198631155106 0.0146657390539131 0.0000183880741154 -0.0001198755746080 0.9999999926458626 0.0063707012951473
0.9999998072701005 -0.0006198607982612 -0.0000351048804738 -0.1379262828930518 0.0006198622176559 0.9999998070678402 0.0000404365381020 0.0140935635030633 0.0000350798086762 -0.0000404582904977 0.9999999985662669 0.0089118013465614
0.9999996713166578 -0.0008081388088356 0.0000654082721398 -0.1611526359066629 0.0008081291978052 0.9999996626836728 0.0001468323543561 0.0138030422428284 -0.0000655269110005 -0.0001467794477603 0.9999999870810088 0.0071666829409883
0.9999996017955673 -0.0008869395929903 0.0000987262132556 -0.1993663110617225 0.0008869192035779 0.9999995853912712 0.0002063773534339 0.0190779203928497 -0.0000989092165687 -0.0002062897090791 0.9999999738307611 0.0080135411166305
0.9999994041228658 -0.0010916206891983 0.0000108712562318 -0.2368675359282532 0.0010916177514164 0.9999993686287934 0.0002666696450021 0.0184254295055182 -0.0000111623514697 -0.0002666576188435 0.9999999643845575 0.0125520578184784
0.9999993382484936 -0.0011269819320102 0.0002311153383855 -0.2963025806515874 0.0011269235670749 0.9999993331405396 0.0002525108910578 0.0179109237914369 -0.0002313997594760 -0.0002522502746368 0.9999999414119735 0.0119442258281109
0.9999992166157917 -0.0009190887821410 0.0008497314948689 -0.3622387790781573 0.0009191298783610 0.9999995764492660 -0.0000479745297228 0.0160838304757732 -0.0008496870421124 0.0000487555057459 0.9999996378273500 0.0114657889157635
0.9999989419141558 -0.0009106745853599 0.0011343907476610 -0.4265664667766986 0.0009107409641310 0.9999995835933779 -0.0000579997148934 0.0246359390284942 -0.0011343374564269 0.0000590327896479 0.9999993548966243 0.0068251511690812
0.9999985905959720 -0.0009680911055619 0.0013717163267344 -0.4819825704683895 0.0009683174438083 0.9999995176752240 -0.0001643491630353 0.0188991886409729 -0.0013715565601586 0.0001656771882481 0.9999990456913804 0.0147078927801786
0.9999983292439876 -0.0011464548238919 0.0014237803798841 -0.5353510179906144 0.0011460513818906 0.9999993029141765 0.0002841432582348 0.0202921442825419 -0.0014241051447961 -0.0002825110580289 0.9999989460554639 0.0131676070901251
0.9999981925906660 -0.0014141281965740 0.0012708488678725 -0.6014971980788920 0.0014133722068923 0.9999988238362871 0.0005955711939760 0.0164474915544193 -0.0012716895871646 -0.0005937739350661 0.9999990151185689 0.0199910939747993
0.9999986342432459 -0.0010595245395810 0.0012684318638025 -0.6883402818727526 0.0010586470473793 0.9999992000177681 0.0006922645830111 0.0160397168815582 -0.0012691643203932 -0.0006909208158987 0.9999989559246319 0.0181912109910828
0.9999983719352644 -0.0009394917321435 0.0015406109521482 -0.7708792796801567 0.0009389403551589 0.9999994949058405 0.0003585792426869 0.0123985109084425 -0.0015409470562284 -0.0003571321171021 0.9999987489686278 0.0217672397529644
0.9999983712204357 -0.0007743070462851 0.0016303389444269 -0.8683594630453882 0.0007734348052618 0.9999995574824102 0.0005355684697581 0.0134649945690123 -0.0016307529174131 -0.0005343066365511 0.9999985275795862 0.0239613697715074
0.9999976633683447 -0.0008928923485213 0.0019687562329245 -0.9556945052633732 0.0008916596544143 0.9999994059587574 0.0006269172138514 0.0144070005263219 -0.0019693148329855 -0.0006251602884745 0.9999978654845730 0.0276923656073186
0.9999973094197337 -0.0006543825927622 0.0022255194260097 -1.0452232007391822 0.0006529628884333 0.9999995829228312 0.0006385872139900 0.0144490338593670 -0.0022259363781532 -0.0006371323142272 0.9999973196312351 0.0292849843885499
0.9999970218272917 -0.0008781781073598 0.0022770901955996 -1.1504224794531863 0.0008765869400354 0.9999993710241445 0.0006996761050509 0.0193103475853393 -0.0022777032036025 -0.0006976779537679 0.9999971626527693 0.0313312830552323
0.9999967198834004 -0.0004878623291513 0.0025144010793445 -1.2841105816337093 0.0004851153530897 0.9999992850163100 0.0010929912914346 0.0142743666901063 -0.0025149325108660 -0.0010917679317283 0.9999962415715616 0.0286556415257611
0.9999965010616974 -0.0004407903643265 0.0026083650468265 -1.4287511371435535 0.0004378798097126 0.9999992810453130 0.0011163199045427 0.0137007575463268 -0.0026088552345877 -0.0011151738482179 0.9999959751227268 0.0321593129284756
0.9999959895861213 -0.0004653365048335 0.0027936130031253 -1.5372115200868410 0.0004613823674357 0.9999988911786163 0.0014158982480882 0.0170742571149687 -0.0027942687746495 -0.0014146036459692 0.9999950954672427 0.0303424756587112
0.9999948436781202 -0.0008752551180287 0.0030897484768702 -1.6758627009219464 0.0008708622024688 0.9999986085753277 0.0014228304300557 0.0179561389712859 -0.0030909895173340 -0.0014201323483203 0.9999942144872224 0.0329272976651363
0.9999942733303421 -0.0005578717088577 0.0033379762847367 -1.8305591546347306 0.0005508119674935 0.9999976105832957 0.0021155221284017 0.0229629349261944 -0.0033391484988653 -0.0021136714162204 0.9999921912097348 0.0403496379130346
0.9999942112519883 -0.0005822934487617 0.0033523718250366 -1.9877428874839753 0.0005744361631856 0.9999970871714079 0.0023442849216870 0.0205833168570716 -0.0033537271219040 -0.0023423456276035 0.9999916329306724 0.0525043905566834
0.9999927821422541 -0.0005794512575449 0.0037549833068123 -2.1312295509325661 0.0005709282934933 0.9999972595480341 0.0022704487013394 0.0228074524896355 -0.0037562886308161 -0.0022682884873522 0.9999903725351861 0.0529807590889178
0.9999920068280584 -0.0005367118958801 0.0039620979711710 -2.3000353305670975 0.0005252121923464 0.9999956486582454 0.0029028979878593 0.0190590799094342 -0.0039636387506113 -0.0029007938423348 0.9999879374087164 0.0584500213105502
0.9999907147021460 -0.0002065867624205 0.0043043967522726 -2.4818789735895757 0.0001929656570243 0.9999949739017164 0.0031646382985475 0.0213950236035657 -0.0043050288903318 -0.0031637783131909 0.9999857285146816 0.0607953790537006
0.9999875395283142 -0.0005502654208739 0.0049616525548232 -2.6589688821030482 0.0005331720890891 0.9999939212375480 0.0034457532523458 0.0281659565842777 -0.0049635184729796 -0.0034430649019770 0.9999817542277705 0.0689354652562997
0.9999825980054807 -0.0004644889004733 0.0058811509307768 -2.8678784006827995 0.0004438069030830 0.9999937151828284 0.0035174749859779 0.0210936848336475 -0.0058827477969071 -0.0035148036795163 0.9999765194410579 0.0738666474037973
0.9999794770063704 -0.0001020462895829 0.0064058686078310 -3.0576622520424728 0.0000782650085931 0.9999931053556422 0.0037125618874228 0.0085420906032027 -0.0064062032948106 -0.0037119843391772 0.9999725904901651 0.0682340779596410
0.9999791205200343 -0.0005612538950186 0.0064376640207471 -3.2714753570402726 0.0005378516503075 0.9999932437672922 0.0036363629317204 0.0256910992557792 -0.0064396614492500 -0.0036328244981358 0.9999726662997268 0.0760410080386956
0.9999762846300519 -0.0003506474997594 0.0068780247025032 -3.5005202815137038 0.0003226570429217 0.9999916644996302 0.0040702363189064 0.0089813766269540 -0.0068793945889144 -0.0040679205486347 0.9999680624662469 0.0757437139221447
0.9999729613480473 -0.0000266371330844 0.0073536292590733 -3.7182165937126483 -0.0000016819839926 0.9999925848455592 0.0038510065006492 0.0098498654345808 -0.0073536773105493 -0.0038509147433115 0.9999655463492990 0.0814826304052712
0.9999695291347858 -0.0001225282377890 0.0078054973439130 -3.9727007174364388 0.0000869300741389 0.9999895955874530 0.0045608288725048 0.0156264337362900 -0.0078059749626231 -0.0045600113676402 0.9999591356906591 0.0798002329108957
0.9999681157644864 -0.0000097942483078 0.0079854466684961 -4.2290800478725945 -0.0000296934004318 0.9999877738707595 0.0049448182276706 0.0234441069122283 -0.0079853974681707 -0.0049448976809872 0.9999558897342422 0.0917833638459789
0.9999633215172422 -0.0000025637168242 0.0085647891761465 -4.4932644563170161 -0.0000486207099001 0.9999821427770096 0.0059759319881560 0.0218298394110154 -0.0085646515533937 -0.0059761292261675 0.9999454648245779 0.0961009696728537
0.9999611625857716 0.0004062982754099 0.0088038765224950 -4.7713542785300502 -0.0004593143634778 0.9999817698273794 0.0060207178324174 0.0170806750996453 -0.0088012698190342 -0.0060245277502461 0.9999431197397975 0.1074600631440224
0.9999631347195782 0.0003989874536538 0.0085772962410314 -5.0407502496094025 -0.0004559283469344 0.9999778667557403 0.0066376296960103 0.0253052195158389 -0.0085744580666679 -0.0066412956304265 0.9999411842009570 0.1152691234796955
0.9999635890172563 0.0005975202027461 0.0085125559813053 -5.3644807403609152 -0.0006609052344060 0.9999720657306145 0.0074451972921338 0.0249958403602469 -0.0085078695334779 -0.0074505521979899 0.9999360506692148 0.1242592238266892
0.9999632706553626 0.0005487330145959 0.0085531416630822 -5.6509866553110744 -0.0006163957956965 0.9999685235749300 0.0079102411845468 0.0252762843316163 -0.0085485318302681 -0.0079152227671333 0.9999321336231242 0.1305113269357291
0.9999602459924458 0.0000677800314072 0.0089163804648908 -6.0010762324972990 -0.0001448021939403 0.9999626820331243 0.0086379148783297 0.0384760460262113 -0.0089154622455582 -0.0086388625980497 0.9999229393238062 0.1362242029218114
0.9999597682235867 0.0005677225631487 0.0089520738000823 -6.3477579066202976 -0.0006526531550468 0.9999547826333627 0.0094871878090157 0.0283480841568601 -0.0089462829202991 -0.0094926487218068 0.9999149232020464 0.1500686116171395
0.9999585063535896 0.0006325147326159 0.0090876562551158 -6.6784110329869524 -0.0007294009549067 0.9999428938372785 0.0106619434708708 0.0264924391529032 -0.0090803934576152 -0.0106681296131087 0.9999018639172610 0.1462080556074813
0.9999583661652871 0.0008859682681201 0.0090819048815484 -7.0409190275372282 -0.0009849506160454 0.9999401061724094 0.0109001807413722 0.0264890469564266 -0.0090717037172496 -0.0109086721528569 0.9998993474662977 0.1546433984310872
0.9999622703430991 0.0009026111057863 0.0086396286648488 -7.4316941255350972 -0.0010091698384837 0.9999233831938783 0.0123373140652848 0.0314829032355054 -0.0086278309274035 -0.0123455674353223 0.9998865673156071 0.1668834097506991
0.9999648528351742 0.0009409925109206 0.0083311240191717 -7.8138430956220777 -0.0010474835962525 0.9999176918034209 0.0127871965901199 0.0266481039499218 -0.0083184056431512 -0.0127954738721621 0.9998835332057143 0.1753956847940354
0.9999701144036388 0.0008709597054406 0.0076819091875020 -8.1877218602923953 -0.0009747577595070 0.9999081439599012 0.0135186349153955 0.0361893266347379 -0.0076694293714598 -0.0135257189035174 0.9998791100834437 0.1794240936945296
0.9999689533999153 0.0004051292747371 0.0078694413110909 -8.5875732888690504 -0.0005128506046825 0.9999061372781216 0.0136913701945220 0.0436406657806403 -0.0078631558890327 -0.0136949809717619 0.9998753013629489 0.1907153383954848
0.9999712953011372 0.0008418470309514 0.0075299314301271 -9.0139954852046280 -0.0009467276234309 0.9999024439713597 0.0139357901429703 0.0486066782747362 -0.0075174650363650 -0.0139425189143983 0.9998745390726522 0.2030758735542309
0.9999731448899175 0.0012894939146685 0.0072143401924261 -9.4733867924815947 -0.0013935145078653 0.9998948794912307 0.0144321891802227 0.0422945589709899 -0.0071949715971914 -0.0144418548899164 0.9998698241326489 0.2249460606327277
0.9999755337224486 0.0011283239623272 0.0069035383348026 -9.9105704493824316 -0.0012289167312764 0.9998928876394695 0.0145843413176878 0.0298596499160808 -0.0068863430187320 -0.0145924683669098 0.9998698105987545 0.2319711431712865
0.9999775609315971 0.0006833935320999 0.0066641283431770 -10.3679515464136589 -0.0007869618040369 0.9998787671224243 0.0155509404493682 0.0448860028113019 -0.0066526930196003 -0.0155558359152151 0.9998568685789810 0.2336266295845853
0.9999781766676586 0.0010428005402056 0.0065237071867384 -10.8210293280623180 -0.0011427720443873 0.9998816910092886 0.0153394281660055 0.0515307302616693 -0.0065069394095475 -0.0153465485187654 0.9998610619421489 0.2506019154135068
0.9999826457938237 0.0015542846190090 0.0056826323572224 -11.3014239634608202 -0.0016465380135245 0.9998663474202582 0.0162657987520302 0.0480795164286726 -0.0056565911779320 -0.0162748731421981 0.9998515547222253 0.2673584696413479
0.9999832303445919 0.0013612723620376 0.0056290289705424 -11.8016667279045517 -0.0014440790317470 0.9998904229379586 0.0147328460488918 0.0477985231699685 -0.0056083567419452 -0.0147407277468458 0.9998756209049946 0.2866282131715224
0.9999809723551357 0.0012151921174656 0.0060479943613505 -12.3149266138499005 -0.0013078650507315 0.9998814396152644 0.0153426269561459 0.0388094660231360 -0.0060286330694738 -0.0153502449825411 0.9998640035336254 0.2863258466274732
0.9999808191976565 0.0005314269935324 0.0061708040103805 -12.8207371397349039 -0.0006196457340786 0.9998975141466517 0.0143030501121452 0.0538459891353416 -0.0061625705633462 -0.0143065994805490 0.9998786646065386 0.3095809370916648
0.9999786348038121 0.0017349703086266 0.0063023657409152 -13.3558343271402400 -0.0018232734833629 0.9998998773349506 0.0140324972601323 0.0410767396692113 -0.0062773887651588 -0.0140436883894132 0.9998816776032613 0.3098243407092527
0.9999796059700491 0.0011353580597491 0.0062847916482245 -13.8984333610225868 -0.0012235017681687 0.9999007013817495 0.0140388895468568 0.0562470130462700 -0.0062682284107009 -0.0140462926910170 0.9998816984894910 0.3154927565434835
0.9999811332115928 0.0012011627158048 0.0060241537985708 -14.4360725075851999 -0.0012792257056365 0.9999150513316944 0.0129712644691628 0.0639572836163596 -0.0060080614554707 -0.0129787259954546 0.9998977227042185 0.3349255520654224
0.9999822488972051 0.0013312282304923 0.0058077294949393 -14.9739730213588125 -0.0014163466015780 0.9998912892083932 0.0146766388346108 0.0581069584621130 -0.0057875601761231 -0.0146846040660192 0.9998754255159149 0.3517840602642993
0.9999845064866059 0.0023397598932754 0.0050509712314596 -15.5323057188131504 -0.0024046928420526 0.9999140551058239 0.0128879732371970 0.0352518134766426 -0.0050203823633856 -0.0128999195915767 0.9999041893278857 0.3894100656572254
0.9999796977288966 0.0024810579949222 0.0058692828565689 -16.0971507499222604 -0.0025473286942043 0.9999327872477268 0.0113107074719490 0.0452544303575519 -0.0058408258447128 -0.0113254288315345 0.9999188064114174 0.3852962484031844
0.9999799219084979 0.0016959332834568 0.0061057014480209 -16.7082782514596033 -0.0017616842520425 0.9999403470163333 0.0107795583142815 0.0666758296480367 -0.0060870558129860 -0.0107900981994120 0.9999232578215074 0.3952779450237863
0.9999795111217168 0.0020534100991886 0.0060630721368720 -17.2903979580565839 -0.0021186235803703 0.9999397672783640 0.0107690876779771 0.0565382370703604 -0.0060405935881387 -0.0107817123990491 0.9999236300372379 0.4163305640749929
0.9999768871009592 0.0019883942942218 0.0065016576352668 -17.9185678965618109 -0.0020634049494536 0.9999311574261787 0.0115508773847368 0.0503772345810812 -0.0064782423457360 -0.0115640259630183 0.9999121489809175 0.4208301096270725
0.9999775809023450 0.0020853206548643 0.0063631069816841 -18.5436738379725163 -0.0021619476653259 0.9999249459877625 0.0120593687091226 0.0473267571194550 -0.0063374817543211 -0.0120728550532411 0.9999070369268721 0.4305068664423192
0.9999809016121405 0.0023974264332079 0.0056963810852093 -19.1593813869474801 -0.0024586929187991 0.9999389490934237 0.0107727858546603 0.0716228074331195 -0.0056702063544126 -0.0107865857636547 0.9999257464069328 0.4512399146600104
0.9999815997579513 0.0027568353747698 0.0054037028272156 -19.8150600088613587 -0.0028116505924061 0.9999444045148306 0.0101627998320846 0.0742391494071152 -0.0053753852396514 -0.0101778061583631 0.9999337565535670 0.4665616941935107
0.9999823602247470 0.0032023065027252 0.0050024466420973 -20.4681797058117958 -0.0032548831572424 0.9999391800447890 0.0105376442807564 0.0568876435111126 -0.0049683976267129 -0.0105537407784000 0.9999319644758863 0.4786277643565814
0.9999825691454937 0.0036192927036762 0.0046649893358082 -21.1376202080422892 -0.0036709173180322 0.9999315909679670 0.0111057530277976 0.0704479596165161 -0.0046244752375010 -0.0111226842351736 0.9999274474301535 0.4924552815147684
0.9999795765117014 0.0037820702194915 0.0051519418021764 -21.8080909707053934 -0.0038399550407256 0.9999290917358105 0.0112723664632753 0.0722977661482921 -0.0051089436054220 -0.0112919194671236 0.9999231926753097 0.5007029885997849
0.9999811596122006 0.0036928674325577 0.0049033815642046 -22.4837874375837927 -0.0037391863736376 0.9999481579544484 0.0094710025218474 0.0836148903046946 -0.0048681522061076 -0.0094891587420167 0.9999431268629566 0.5274221095292487
0.9999805744860641 0.0039869232671768 0.0047911473973221 -23.1911270876370352 -0.0040269417110499 0.9999568443654295 0.0083721650239314 0.0872225927785718 -0.0047575614527853 -0.0083912960616211 0.9999534747974174 0.5384584215273843
0.9999821155367262 0.0039396097320437 0.0044997868674708 -23.9193049917672163 -0.0039724796865129 0.9999653226443928 0.0073193520092835 0.0978900075932121 -0.0044707954363534 -0.0073370964185260 0.9999630888209382 0.5580734557830748
0.9999800858936221 0.0042973090234305 0.0046217909235809 -24.6146172423712670 -0.0043309109442542 0.9999640849286541 0.0072850575284302 0.0760054628228670 -0.0045903187881770 -0.0073049290179126 0.9999627828001731 0.5665461689856222
0.9999784570062736 0.0046053470530063 0.0046772109075231 -25.3725000406989416 -0.0046366663461415 0.9999667546602918 0.0067075255764143 0.0905074868435667 -0.0046461649289112 -0.0067290677426416 0.9999665658404626 0.5838167697738172
0.9999774271702919 0.0049571612056112 0.0045356038919853 -26.0722210176164992 -0.0049864877798633 0.9999665875201009 0.0064775599592384 0.1121927144284159 -0.0045033420372745 -0.0065000304757622 0.9999687342683817 0.5941998018198232
0.9999778649276950 0.0049840984231647 0.0044077678655605 -26.8246051553170979 -0.0050084372706259 0.9999721773526176 0.0055281169281651 0.1205428935702099 -0.0043800925509247 -0.0055500705917553 0.9999750054404719 0.6226725886810116
0.9999788681905438 0.0046998473144310 0.0044916152528902 -27.5889136720262300 -0.0047198132476724 0.9999789827020855 0.0044449428578218 0.1082203129565529 -0.0044706302985212 -0.0044660485133103 0.9999800337383795 0.6439110230942132
0.9999751520734825 0.0051630894056481 0.0047997649322399 -28.3569443539878421 -0.0051886608488171 0.9999723311509819 0.0053305469763380 0.1165625126432995 -0.0047721100376488 -0.0053553188756859 0.9999742734318360 0.6531390999568422
0.9999705359711960 0.0059782766377926 0.0048153294717024 -29.1430363308529863 -0.0060004208249787 0.9999714288312818 0.0045974417938701 0.1131088136756804 -0.0047877071132417 -0.0046262003379538 0.9999778378199343 0.6796685136171167
0.9999694646160017 0.0061804252313680 0.0047824867534100 -29.9190594252570996 -0.0061964251391086 0.9999752308401931 0.0033379666861480 0.1379540670826206 -0.0047617382417028 -0.0033674990811998 0.9999829927548046 0.7046871000157046
0.9999697379705332 0.0057529896681940 0.0052370080218399 -30.7110218145089888 -0.0057655461013849 0.9999805332591609 0.0023857034344260 0.1336439650665025 -0.0052231811471523 -0.0024158254493816 0.9999834409459499 0.7132857495013781
0.9999670487923837 0.0060471938350361 0.0054159741664737 -31.5216262862933760 -0.0060580456380886 0.9999796707660404 0.0019895068957269 0.1436932186417649 -0.0054038331300331 -0.0020222515577473 0.9999833544045320 0.7369156937038283
0.9999624773252346 0.0066916710940194 0.0055014070517706 -32.3680797285681834 -0.0066986301808869 0.9999767857627005 0.0012475132856028 0.1367311938557317 -0.0054929313922092 -0.0012843183668819 0.9999840889889463 0.7591302144708308
0.9999621417777471 0.0070550695003770 0.0050932313520549 -33.1788372327385019 -0.0070568105076138 0.9999750479337471 0.0003239372774696 0.1406108853165907 -0.0050908188654025 -0.0003598669823030 0.9999869769447174 0.7833392244984657
0.9999566702052596 0.0078308507894081 0.0050334369891589 -34.0545055590278238 -0.0078319798365289 0.9999693086367453 0.0002046372151840 0.1358156091354242 -0.0050316800226178 -0.0002440501253030 0.9999873112373409 0.7934156566448336
0.9999607351678550 0.0071870071759915 0.0051841152008124 -34.8704099399303544 -0.0071774928145412 0.9999725272704787 -0.0018515672250441 0.1516791420201363 -0.0051972800059509 0.0018142855739642 0.9999848482094096 0.8107388618061350
0.9999621425609471 0.0071275912217139 0.0049910808745483 -35.7070981969131793 -0.0071148434313443 0.9999713937604723 -0.0025672287950222 0.1836121566183244 -0.0050092362559168 0.0025316208473389 0.9999842490999634 0.8381653142955590
0.9999495537446859 0.0083578379225854 0.0055710421882596 -36.6010194600819787 -0.0083427333279979 0.9999614748919146 -0.0027290167835596 0.1541041476226771 -0.0055936362432222 0.0026824013955465 0.9999807577930345 0.8518281230034541
0.9999480335344263 0.0085604962108097 0.0055360757995655 -37.4460359212114042 -0.0085515531092057 0.9999620947332603 -0.0016370815772886 0.1611814129807491 -0.0055498801837748 0.0015896544577286 0.9999833357754772 0.8679393662421573
0.9999534963562084 0.0083798822767513 0.0047731224604066 -38.3491706443483977 -0.0083771021407037 0.9999647301644270 -0.0006021518985479 0.1856238881486466 -0.0047780000751848 0.0005621389619096 0.9999884272905707 0.8939883013842649
0.9999590836062480 0.0085816222385039 0.0028612712399180 -39.2448202135694189 -0.0085871136585803 0.9999613011733993 0.0019124943442546 0.1925118500053211 -0.0028447482080827 -0.0019369861532282 0.9999940777286007 0.9094506751261048
0.9999470270479447 0.0099561932850946 0.0026109985152977 -40.1648067386129242 -0.0099685178917060 0.9999390287731249 0.0047505144250329 0.2026237925142173 -0.0025635422796956 -0.0047762905616750 0.9999853075417912 0.9403130010362430
0.9999480535270427 0.0098966050878201 0.0024387404975217 -41.1059050374702082 -0.0099079042141719 0.9999400314997335 0.0046654944426792 0.2194507128740128 -0.0023924216938729 -0.0046894148939509 0.9999861427571840 0.9623920457882092
0.9999445622365239 0.0096443694665125 0.0042259426404048 -42.0282996498246959 -0.0096603738976169 0.9999461805251019 0.0037832828890595 0.2471772913817497 -0.0041892278244126 -0.0038238973382937 0.9999839139603104 0.9794166531106901
0.9999328487966119 0.0103098792294770 0.0052919077623832 -42.9425020280388807 -0.0103350890618779 0.9999352677201846 0.0047588132392293 0.2435470105415663 -0.0052425024153571 -0.0048131860172250 0.9999746743837009 0.9969793278205364
0.9999419145982336 0.0096614345270064 0.0047774587909642 -43.9070505594597691 -0.0096809436848220 0.9999448252974436 0.0040774612489173 0.2713233650837740 -0.0047378010712036 -0.0041234747174543 0.9999802749040924 1.0303883303700894
0.9999439935542943 0.0101371609089473 0.0030410069706640 -44.8764800591620059 -0.0101503457644968 0.9999390132267238 0.0043520464182792 0.2914368374153519 -0.0029967041146360 -0.0043826699478523 0.9999859058849667 1.0300482000996414
0.9999428649663321 0.0106841647639137 0.0003397443467939 -45.8343515491742295 -0.0106847063623056 0.9999415811595397 0.0016344167494604 0.2901358138978186 -0.0003222621214789 -0.0016379534355881 0.9999986066268632 1.0640370314665393
