1.0000000000000000 0.0000000000000000 0.0000000000000000 0.0000000000000000 0.0000000000000000 1.0000000000000000 0.0000000000000000 0.0000000000000000 0.0000000000000000 0.0000000000000000 1.0000000000000000 0.0000000000000000
0.9999999993771198 -0.0000352505690573 0.0000017769820858 -0.0013551690038353 0.0000352505843937 0.9999999993414482 -0.0000086313309021 -0.0022752757126937 -0.0000017766778253 0.0000086313935364 0.9999999999611713 -0.0003779873671533
0.9999999977158531 -0.0000136270509911 -0.0000662011866849 0.0021009247156642 0.0000136262066658 0.9999999998258263 -0.0000127543636353 -0.0040517824287618 0.0000662013604777 0.0000127534615351 0.9999999977273646 -0.0003196119101384
0.9999999991413666 -0.0000409842734303 -0.0000061283103057 -0.0039495915523573 0.0000409844227776 0.9999999988631432 0.0000243719247733 -0.0015863432450192 0.0000061273114331 -0.0000243721759177 0.9999999996842266 -0.0003446115316318
0.9999999995959808 0.0000100592217623 -0.0000265866589061 -0.0027359030556362 -0.0000100591058271 0.9999999999398990 0.0000043607822529 -0.0024091669137401 0.0000265867027706 -0.0000043605148131 0.9999999996370665 -0.0005002051085562
0.9999999967955739 -0.0000799946653351 -0.0000031153985731 -0.0035745934341896 0.0000799946536097 0.9999999967933453 -0.0000037636192434 -0.0013858164692818 0.0000031156996326 0.0000037633700162 0.9999999999880648 -0.0005656199877413
0.9999999978632794 -0.0000652728148864 0.0000035917536158 -0.0003414932455002 0.0000652727855522 0.9999999978363849 0.0000081666153597 -0.0019830158100416 -0.0000035922866660 -0.0000081663808985 0.9999999999602028 -0.0007071107365924
0.9999999990980564 -0.0000422132164961 0.0000046831190126 -0.0010139092124839 0.0000422131788451 0.9999999990767068 0.0000080395260460 0.0003754058690370 -0.0000046834583825 -0.0000080393283495 0.9999999999567172 -0.0001989969738672
0.9999999992378867 0.0000150698271018 -0.0000360156468866 -0.0001972702917198 -0.0000150695547302 0.9999999998578559 0.0000075628511687 -0.0015529559622027 0.0000360157608524 -0.0000075623084231 0.9999999993228382 -0.0007701605491897
0.9999999978716463 -0.0000445641266378 -0.0000476523448512 -0.0010799471927856 0.0000445635072270 0.9999999989225532 -0.0000129995188630 0.0003658780105433 0.0000476529241121 0.0000129973952797 0.9999999987801332 -0.0001120237456983
0.9999999989116211 -0.0000451142015190 -0.0000118939823276 -0.0022799131037833 0.0000451140583451 0.9999999989099101 -0.0000120375014910 0.0011792714609154 0.0000118945253769 0.0000120369648921 0.9999999998568159 -0.0004765852747093
0.9999999994000657 -0.0000319144127090 -0.0000134662103609 -0.0024789321296875 0.0000319146269255 0.9999999993641995 0.0000159077880881 -0.0015882197804267 0.0000134657026646 -0.0000159082178476 0.9999999997828017 -0.0010690359537314
0.9999999988810768 -0.0000332340154676 -0.0000336652120271 -0.0019227458112542 0.0000332335409597 0.9999999993484262 -0.0000140953638239 -0.0028361120905453 0.0000336656804507 0.0000140942449939 0.9999999993339871 -0.0006519488420049
0.9999999979197852 -0.0000639700357655 -0.0000082622139894 -0.0017577667849727 0.0000639701019472 0.9999999979218318 0.0000080101421654 -0.0036542390116369 0.0000082617015632 -0.0000080106706834 0.9999999999337867 0.0001370948694815
0.9999999985706093 -0.0000341756809560 -0.0000411193916223 -0.0007938432937266 0.0000341756362089 0.9999999994154201 -0.0000010889249850 0.0002788237528359 0.0000411194288130 0.0000010875197021 0.9999999991540049 -0.0001188516911242
0.9999999972639347 -0.0000699949250414 -0.0000239340945732 -0.0016293346356260 0.0000699948348295 0.9999999975432551 -0.0000037699982999 -0.0044616634456266 0.0000239343583951 0.0000037683230266 0.9999999997064731 -0.0003858632606789
0.9999999997024518 -0.0000235418929613 -0.0000063934172140 -0.0014173953519344 0.0000235419492348 0.9999999996841520 0.0000088018548320 -0.0027249631211683 0.0000063932099997 -0.0000088020053429 0.9999999999408258 -0.0006670100752517
0.9999999998498342 -0.0000173011778414 -0.0000010003548118 -0.0025613902681523 0.0000173011754426 0.9999999998474598 -0.0000023978682802 0.0006197525322919 0.0000010003962976 0.0000023978509725 0.9999999999966248 -0.0008218462961409
0.9999999990644881 -0.0000297725428325 -0.0000313786482614 -0.0022479118371542 0.0000297722620399 0.9999999995167643 -0.0000089489551864 0.0008613403555438 0.0000313789146794 0.0000089480209646 0.9999999994676483 -0.0001960662113453
0.9999999986165449 -0.0000486242032765 -0.0000200648252616 -0.0020661580243787 0.0000486241531401 0.9999999988147229 -0.0000024992002070 -0.0039109079375739 0.0000200649467594 0.0000024982245684 0.9999999997955784 -0.0004580464404272
0.9999999979536952 -0.0000611817275855 -0.0000186924010879 -0.0023138799539043 0.0000611815320308 0.9999999980736821 -0.0000104621163085 0.0000713914952114 0.0000186930411423 0.0000104609726574 0.9999999997705691 -0.0002572356658708
0.9999999983252820 -0.0000458256940438 -0.0000353474457719 -0.0004480160245740 0.0000458256168948 0.9999999989476228 -0.0000021833985563 -0.0020585092640382 0.0000353475457904 0.0000021817787342 0.9999999993728954 -0.0001426076451729
0.9999999994827232 -0.0000321628707989 -0.0000003215080024 -0.0002490477668073 0.0000321628728101 0.9999999994631956 0.0000062576615469 -0.0029536902298849 0.0000003213067378 -0.0000062576718843 0.9999999999803691 -0.0005641660685033
0.9999999984921586 -0.0000489655319214 -0.0000248608004480 -0.0009772024153165 0.0000489655726885 0.9999999987998428 0.0000016392065146 -0.0001545549164733 0.0000248607201535 -0.0000016404238355 0.9999999996896268 -0.0004495444860103
0.9999999985626491 -0.0000479367418478 -0.0000240160464641 -0.0002827290376143 0.0000479368086789 0.9999999988471608 0.0000027821999087 -0.0031268136184983 0.0000240159130669 -0.0000027833511573 0.9999999997077444 -0.0005397312868054
0.9999999993273897 -0.0000254416076282 -0.0000264186544064 -0.0018575806365603 0.0000254413965738 0.9999999996444545 -0.0000079891427418 -0.0045456285323919 0.0000264188576537 0.0000079884706090 0.9999999996191141 -0.0006267765741184
0.9999999994758944 -0.0000170597454186 -0.0000275168386104 -0.0024720042874271 0.0000170597346994 0.9999999998544068 -0.0000003897849506 0.0007638559091402 0.0000275168452560 0.0000003893155204 0.9999999996213358 -0.0007237943992179
0.9999999985616836 -0.0000517151355562 0.0000142189117786 -0.0013551985080692 0.0000517150963678 0.9999999986589755 0.0000027564332415 -0.0015099386331557 -0.0000142190543089 -0.0000027556979052 0.9999999998951123 -0.0001031777313911
0.9999999989646722 -0.0000444790485735 -0.0000096057201248 -0.0005500886226104 0.0000444790504921 0.9999999990107872 0.0000001995230026 -0.0004595569910921 0.0000096057112408 -0.0000001999502557 0.9999999999538451 -0.0007451687821637
0.9999999982679459 -0.0000561502436593 -0.0000176425105820 -0.0019679907446443 0.0000561502096574 0.9999999984217188 -0.0000019277615686 -0.0007019681452795 0.0000176426187984 0.0000019267709346 0.9999999998425128 -0.0007317847061788
0.9999999985402698 -0.0000481422534246 -0.0000245312826439 -0.0029695589946006 0.0000481420146972 0.9999999987938168 -0.0000097320477443 0.0014501025878126 0.0000245317511370 0.0000097308667447 0.9999999996517517 -0.0007061674816956
0.9999999976607917 -0.0000677108205849 -0.0000096778772210 -0.0025588344794203 0.0000677108017152 0.9999999977057222 -0.0000019500908612 0.0003270118275543 0.0000096780092411 0.0000019494355598 0.9999999999512679 -0.0001691056586770
0.9999999980374834 -0.0000554736846784 -0.0000291153485187 -0.0022186169769552 0.0000554734674973 0.9999999984335207 -0.0000074600869696 0.0000122511309359 0.0000291157623116 0.0000074584718256 0.9999999995483217 -0.0006263975129394
0.9999999989166406 -0.0000443455709181 -0.0000141488193514 -0.0021465399176023 0.0000443456047645 0.9999999990138732 0.0000023918690000 -0.0032264374818557 0.0000141487132687 -0.0000023924964354 0.9999999998970449 -0.0002824323044083
0.9999999989617050 -0.0000368234651409 -0.0000268444107423 -0.0020817877237901 0.0000368236436353 0.9999999992999067 0.0000066487574476 -0.0004191544956946 0.0000268441658932 -0.0000066497459497 0.9999999996175858 -0.0007327270241127
0.9999999989253185 -0.0000306195750895 -0.0000348109825968 -0.0005622447257162 0.0000306190321665 0.9999999994096083 -0.0000155967412397 -0.0001588346654905 0.0000348114601418 0.0000155956753444 0.9999999992724686 -0.0004556709835530
0.9999999982832394 -0.0000547213440262 -0.0000209546123684 -0.0026497935801569 0.0000547212671635 0.9999999984960621 -0.0000036686104009 0.0001877240386465 0.0000209548130882 0.0000036674637316 0.9999999997737228 -0.0004055037064297
0.9999999997483705 -0.0000221872495362 -0.0000033143609186 -0.0026994507021534 0.0000221871884771 0.9999999995841888 -0.0000184214792032 0.0006495101842764 0.0000033147696392 0.0000184214056622 0.9999999998248320 -0.0005048518689987
0.9999999986535307 -0.0000485476587587 -0.0000183320336160 -0.0035252373396223 0.0000485473413765 0.9999999986717073 -0.0000173130291973 0.0011501743708586 0.0000183328740987 0.0000173121392025 0.9999999996820977 -0.0007774401449849
0.9999999996213643 -0.0000170269338506 -0.0000216183903494 -0.0003971303376154 0.0000170265182617 0.9999999996702698 -0.0000192238963283 0.0003670111235490 0.0000216187176662 0.0000192235282351 0.9999999995815435 -0.0006826836786713
0.9999999987054277 -0.0000457995032187 -0.0000221709316251 -0.0017717858521164 0.0000457994059559 0.9999999989415824 -0.0000043874363607 0.0003973010324962 0.0000221711325440 0.0000043864209395 0.9999999997446001 -0.0007468563859428
0.9999999989570167 -0.0000377687498323 -0.0000256804984751 -0.0023056752995868 0.0000377686559596 0.9999999992800815 -0.0000036558805129 0.0002354058983413 0.0000256806365347 0.0000036549105911 0.9999999996635732 -0.0001503285930618
0.9999999993534197 -0.0000349601637675 -0.0000084230453148 -0.0028005789090436 0.0000349602315620 0.9999999993565004 0.0000080486848208 -0.0007927621358760 0.0000084227639261 -0.0000080489792873 0.9999999999321355 -0.0004624011782753
0.9999999982265976 -0.0000368074303656 -0.0000468189912171 -0.0018694009384210 0.0000368064592791 0.9999999991075272 -0.0000207419862306 0.0009476805112291 0.0000468197546346 0.0000207402629525 0.9999999986888760 -0.0003195232587624
0.9999999986846849 -0.0000413754143525 -0.0000303101526111 -0.0010861273749866 0.0000413751420235 0.9999999991036809 -0.0000089853169848 -0.0007386923565983 0.0000303105243552 0.0000089840628861 0.9999999995002794 -0.0003970643393014
0.9999999988912063 -0.0000401378041581 -0.0000246281177289 -0.0010484229131901 0.0000401378916599 0.9999999991881650 0.0000035524382480 -0.0001365889308327 0.0000246279751219 -0.0000035534267647 0.9999999996904180 -0.0005841969502895
0.9999999992880207 -0.0000300718184355 -0.0000227957047457 -0.0003091387166232 0.0000300716867159 0.9999999995311508 -0.0000057785848030 -0.0003044256083495 0.0000227958785075 0.0000057778992936 0.9999999997234819 -0.0000673474670043
0.9999999989641738 -0.0000429191708134 -0.0000151524667148 -0.0019265702175829 0.0000429191026551 0.9999999990688573 -0.0000044984590465 0.0009145249911409 0.0000151526597708 0.0000044978087115 0.9999999998750833 -0.0005550120822996
0.9999999979827965 -0.0000511074469051 -0.0000377151942031 0.0085037157823650 0.0000511068852815 0.9999999985831575 -0.0000148919915322 -0.0010215644994087 0.0000377159552413 0.0000148900639960 0.9999999991778964 -0.0003525791898304
0.9999999987904404 -0.0000356850103088 0.0000338481789382 0.0232892126833364 0.0000356846567230 0.9999999993087351 0.0000104467737962 -0.0105981975039110 -0.0000338485517081 -0.0000104455659229 0.9999999993725829 0.0009245099680089
0.9999999962130760 -0.0000433252792897 0.0000754769384707 0.0192539521449866 0.0000433230582263 0.9999999986285399 0.0000294284338111 -0.0040762095564484 -0.0000754782133623 -0.0000294251638079 0.9999999967185995 0.0014180035705526
0.9999999851336158 -0.0000728116699573 0.0001563049228167 0.0150260608013252 0.0000728098599844 0.9999999972822512 0.0000115854146915 -0.0078655019512092 -0.0001563057659453 -0.0000115740339797 0.9999999877172746 0.0008042339357322
0.9999999867840882 -0.0000530546855739 0.0001536783127270 0.0078833315529988 0.0000530549033946 0.9999999985915899 -0.0000014133044175 -0.0057179119832329 -0.0001536782375281 0.0000014214577869 0.9999999881904893 0.0009038722083117
0.9999999681965223 -0.0000652907314775 0.0002436063934344 -0.0022236569465480 0.0000652827564609 0.9999999973329596 0.0000327451123858 -0.0167556808708726 -0.0002436085307370 -0.0000327292080475 0.9999999697918409 0.0004993393299754
0.9999999453327317 -0.0001611755179609 0.0002887160991011 -0.0115219734042625 0.0001611702877129 0.9999999868475626 0.0000181387142087 -0.0169333790058747 -0.0002887190188205 -0.0000180921807603 0.9999999581569997 0.0004450041698931
0.9999998781977122 -0.0002935081055785 0.0003968092144941 -0.0292527063301979 0.0002935131285770 0.9999999568456370 -0.0000126002973982 -0.0228371841374565 -0.0003968054990806 0.0000127167645774 0.9999999211918368 0.0019175814448897
0.9999997858635652 -0.0001787123044386 0.0006295512179997 -0.0596243049930807 0.0001787435197196 0.9999999827988918 -0.0000495274707501 -0.0202598880371442 -0.0006295423560023 0.0000496399883450 0.9999998006061269 0.0010146710560461
0.9999995749242505 -0.0001460734502315 0.0009103921491971 -0.1214310251242732 0.0001460766332967 0.9999999893249265 -0.0000034298745973 -0.0148108504428503 -0.0009103916384650 0.0000035628601594 0.9999995855870994 0.0019954087732238
0.9999989020959442 -0.0011284349891764 0.0009604381194721 -0.2312974433130281 0.0011285423184190 0.9999993570114469 -0.0001112156838216 -0.0057193451549093 -0.0009603120022525 0.0001122994567795 0.9999995325947360 0.0050501119461635
0.9999993751955825 0.0000026589515022 0.0011178557039106 -0.3274789905812222 -0.0000026704332060 0.9999999999437011 0.0000102696934784 -0.0062144677310746 -0.0011178556765411 -0.0000102726722208 0.9999993751463840 0.0036814799631340
0.9999992986321329 -0.0000114237941073 0.0011843161483572 -0.4149047700731808 0.0000114834010071 0.9999999986678415 -0.0000503234386157 -0.0074162427336236 -0.0011843155718949 0.0000503370032977 0.9999992974311593 0.0062115860459121
0.9999989467036019 -0.0001124273440628 0.0014470493354285 -0.4881843684722478 0.0001123372969214 0.9999999917489454 0.0000623092358194 -0.0031168802447907 -0.0014470563287507 -0.0000621466125785 0.9999989510823398 0.0061103349790436
0.9999986369698572 -0.0003241151587459 0.0016189526835488 -0.5749854378414513 0.0003240021173846 0.9999999450553207 0.0000700855428028 0.0035640725469232 -0.0016189753103828 -0.0000695609031767 0.9999986870392507 0.0097617883442727
0.9999981497687094 -0.0006509980615798 0.0018101548777969 -0.6903642747967330 0.0006508402421703 0.9999997843513921 0.0000877732781726 -0.0210267503276593 -0.0018102116276735 -0.0000865949941327 0.9999983578162366 0.0100741265531137
0.9999984157984567 -0.0001375241080882 0.0017746796039096 -0.8521055864995485 0.0001375527501280 0.9999999904113446 -0.0000160172276585 -0.0342971427663648 -0.0017746773841379 0.0000162613143441 0.9999984251266358 0.0105123430234567
0.9999988993752980 -0.0001104280213789 0.0014795451479499 -0.9938937096717532 0.0001106223676406 0.9999999852648853 -0.0001312742199825 -0.0243240022209266 -0.0014795306297962 0.0001314377462862 0.9999988968560087 0.0077269583508857
0.9999988655220725 -0.0001476155175200 0.0014990544442729 -1.0997517305884388 0.0001480150333062 0.9999999535601178 -0.0002664044146407 -0.0156380363289018 -0.0014990150492314 0.0002666259950043 0.9999988409315588 0.0101855893988099
0.9999984140970840 -0.0006647911724547 0.0016522275914659 -1.3254497905327023 0.0006655777729219 0.9999996654146145 -0.0004755805792004 -0.0216406111429903 -0.0016519108768839 0.0004766795109365 0.9999985219824571 0.0109927331657772
0.9999986046350750 -0.0001062049295924 0.0016671677828147 -1.4995169655442393 0.0001071749600400 0.9999998250316248 -0.0005817647700839 -0.0260469089949427 -0.0016671057048267 0.0005819426369502 0.9999984410494529 0.0117314720828250
0.9999983086318951 -0.0001158398436882 0.0018355692522310 -1.6595115992791794 0.0001170931403632 0.9999997601111402 -0.0006826908951970 -0.0258865544432291 -0.0018354897290918 0.0006829046730835 0.9999980823074922 0.0135359936801582
0.9999981468486805 -0.0000287765331506 0.0019249600297306 -1.9202885937174647 0.0000309677394106 0.9999993516654028 -0.0011382924814455 -0.0176140862018485 -0.0019249260256011 0.0011383499836778 0.9999974994064288 0.0256632722772579
0.9999977140093302 0.0003816853518405 0.0021038755680786 -2.1118429656745001 -0.0003786682517705 0.9999988997256308 -0.0014342795692361 -0.0398031775214578 -0.0021044206967403 0.0014334796196030 0.9999967582696012 0.0262746165518206
0.9999977491462054 0.0004932955369513 0.0020635799078278 -2.3734036243921977 -0.0004893504015420 0.9999980526615240 -0.0019118601790903 -0.0436175522832653 -0.0020645190014328 0.0019108460621160 0.9999960432064817 0.0366992936789898
0.9999978118921884 0.0001906331871316 0.0020832354219774 -2.6021579176941767 -0.0001868050783419 0.9999982941292543 -0.0018376186884326 -0.0431602695080920 -0.0020835821793544 0.0018372255085686 0.9999961416364228 0.0336741510433146
0.9999965331199298 -0.0000127104660044 0.0026331704398455 -2.8902675451361772 0.0000179430152745 0.9999980254488371 -0.0019871528565374 -0.0340806788002590 -0.0026331399828770 0.0019871932143342 0.9999945588036764 0.0474598165497405
0.9999859051288603 0.0001205039859150 0.0053080149211651 -3.1272962962961866 -0.0001119852701308 0.9999987054821862 -0.0016051458660418 -0.0272085760865696 -0.0053082014763201 0.0016045288222329 0.9999846241239639 0.0496004999265827
0.9999246709399909 -0.0005319477874354 0.0122625232763234 -3.4389296656163761 0.0005532292939444 0.9999983467697869 -0.0017321648424043 -0.0071148856867626 -0.0122615815822940 0.0017388183471491 0.9999233121234130 0.0617378402738036
0.9998581809413123 0.0002787213748960 0.0168386555023011 -3.7005257474172550 -0.0003046559276704 0.9999987714324718 0.0015376339982754 -0.0131650563556066 -0.0168382062434137 -0.0015425459286819 0.9998570374621375 0.0528102751031515
0.9998162819194171 0.0008241273353021 0.0191500188764399 -4.0183914668865253 -0.0008848409735709 0.9999946088698640 0.0031621650271981 -0.0101868863679829 -0.0191473096095584 -0.0031785288016553 0.9998116210013628 0.0864134588146756
0.9997670424813273 0.0012724924417602 0.0215462648996416 -4.3609909270668670 -0.0014108703353812 0.9999784708344660 0.0064083783018573 -0.0060832225418696 -0.0215376464135849 -0.0064372844079346 0.9997473136530124 0.1020719890770036
0.9997330194808083 0.0018331110758123 0.0230332252098929 -4.6826424659157464 -0.0020638117819532 0.9999479067700582 0.0099962206412020 0.0027131140841399 -0.0230137011520221 -0.0100410880865898 0.9996847233549799 0.1054140106147973
0.9997672733006804 0.0017055008215806 0.0215055923859419 -5.0355270157850205 -0.0019655415986114 0.9999251453134277 0.0120764405411789 0.0042810764174465 -0.0214833862122995 -0.0121159001674696 0.9996957882676035 0.1200839470038690
0.9998031049140853 0.0025437221018485 0.0196794532958373 -5.4070414908257654 -0.0027795352092808 0.9999245578435618 0.0119646481510264 0.0030901969926422 -0.0196475338955005 -0.0120169921039359 0.9997347479769817 0.1410737089658191
0.9998673334860766 0.0032213819100841 0.0159667819560592 -5.7843531707167646 -0.0033772181358749 0.9999468357585349 0.0097426923463838 0.0009003461311315 -0.0159345481613277 -0.0097953231229475 0.9998250556071354 0.1470286799168223
0.9999711721550930 0.0038508512650038 0.0065441426714365 -6.1718487739813561 -0.0038845611843536 0.9999792127821365 0.0051462790464011 -0.0026807156044082 -0.0065241890817412 -0.0051715518128732 0.9999653444038310 0.1378373057590987
0.9999742358139727 0.0034995858680277 -0.0062674242726712 -6.5863973096621971 -0.0034803746129339 0.9999892201044257 0.0030735431501827 0.0016935028815934 0.0062781128386652 -0.0030516509785181 0.9999756360659445 0.1175637786169768
0.9998404832264787 0.0031522319498795 -0.0175804304604773 -7.0091794537066114 -0.0030972051666173 0.9999902223348962 0.0031563514951324 0.0161113172466424 0.0175902081169438 -0.0031013978040723 0.9998404702301580 0.1077834105785680
0.9997042038507119 0.0031624833148052 -0.0241143837262729 -7.4344054535652218 -0.0029738133437270 0.9999647207107309 0.0078558111043048 0.0277722506988386 0.0241383768594955 -0.0077817757095296 0.9996783396320016 0.1250967611312224
0.9997009553793436 0.0031483436531710 -0.0242505205277989 -7.8806731624080806 -0.0028733580659826 0.9999312779394469 0.0113658792800784 0.0223339645568143 0.0242846376759529 -0.0112927999462578 0.9996413001883833 0.1621349244261676
0.9997255561881313 0.0038384203297964 -0.0231101456876251 -8.2940275397127738 -0.0035743315727537 0.9999279680027862 0.0114578776231497 0.0283198904307634 0.0231524611680804 -0.0113721297561566 0.9996672637466277 0.1835238875375823
0.9997954811556934 0.0038252818414593 -0.0198585769754258 -8.7542887454335219 -0.0036949859040404 0.9999714344057906 0.0065937433673581 0.0277316758801428 0.0198832326301448 -0.0065190176605864 0.9997810557661695 0.2002054011625921
0.9999071202353349 0.0043996459828087 -0.0128993805240956 -9.2242983003362209 -0.0044077038033758 0.9999901082353385 -0.0005963041654124 0.0207866101775373 0.0128966293992333 0.0006531054294191 0.9999166217257501 0.1680454147013602
0.9999791046813949 0.0053625675081477 -0.0036101343903467 -9.7156794160714082 -0.0053795084321653 0.9999744881197132 -0.0046993615253404 0.0102730731823717 0.0035848416456054 0.0047186840790782 0.9999824413113151 0.1205375175282315
0.9999845903653770 0.0055501903481117 0.0001200786777428 -10.1974350612083864 -0.0055495928106632 0.9999744435293491 -0.0045071396477633 0.0157994492605524 -0.0001450910919262 0.0045064038066214 0.9999898355849957 0.1140265937308284
0.9999835049515297 0.0057429242279844 0.0000929847605021 -10.6818381969990366 -0.0057427900471177 0.9999825520713996 -0.0013841659023388 0.0123057262848712 -0.0001009322980068 0.0013836090784980 0.9999990377188316 0.1361525690833973
0.9999743428197679 0.0068003132126067 -0.0022515422233852 -11.1840738574289755 -0.0068020476116967 0.9999765742904331 -0.0007635565848695 0.0402172948187422 0.0022462970554784 0.0007788520915638 0.9999971737654852 0.1769611640337630
0.9999646897294596 0.0077389657022589 -0.0032753174082528 -11.7284502821361549 -0.0077435270930810 0.9999690630754652 -0.0013822735384286 0.0377080641460946 0.0032645187125003 0.0014075872390652 0.9999936807879038 0.1871380281528726
0.9999613393934023 0.0082269881861744 -0.0031042525569738 -12.2436151345103532 -0.0082375444062353 0.9999602796052487 -0.0034032446206678 0.0363164784774046 0.0030761308015479 0.0034286844674527 0.9999893907147788 0.1945485520762457
0.9999633470926821 0.0084465620669655 -0.0014000215887760 -12.8015953722431384 -0.0084518726074864 0.9999569410567648 -0.0038316943803874 0.0551088484034907 0.0013675966609203 0.0038433867417645 0.9999916789942436 0.1855490763861642
0.9999588784542187 0.0090516534561929 -0.0005558509601866 -13.3345156828370754 -0.0090534220203750 0.9999536826618132 -0.0032662028104246 0.0392716614680979 0.0005262606786921 0.0032711008524392 0.9999945114593936 0.1872817003920340
0.9999544413794793 0.0094787854463764 -0.0011259626614696 -13.8896671282022464 -0.0094820498954037 0.9999507511595654 -0.0029301851821686 0.0528276188188215 0.0010981326124542 0.0029407281211102 0.9999950730993045 0.2122678545220789
0.9999484885469599 0.0100554547065077 -0.0013813338827843 -14.4421553824685613 -0.0100595666597862 0.9999448925689846 -0.0030028226420055 0.0720742294727414 0.0013510630139543 0.0030165635825213 0.9999945374715229 0.2192899830524114
0.9999365572925435 0.0110434833567403 -0.0022187530924375 -15.0051032109531874 -0.0110499729760101 0.9999346420243658 -0.0029342421223938 0.0685615564906751 0.0021862038251836 0.0029585731278411 0.9999932336560493 0.2186944141284898
0.9999290831365231 0.0114462959422942 -0.0032880095732310 -15.5782210189331352 -0.0114493487895872 0.9999340389237262 -0.0009111607861730 0.0941782632010078 0.0032773632765712 0.0009487417379353 0.9999941793725942 0.2169947498074014
0.9999075568985841 0.0125739307873883 -0.0051743522936443 -16.1813018014026895 -0.0125523636270209 0.9999124804413814 0.0041796680417469 0.0844568097025169 0.0052264542932866 -0.0041143313087461 0.9999778779820092 0.2453185493015460
0.9998808597405225 0.0135572618293127 -0.0073801745402724 -16.7392071268849136 -0.0135187091999647 0.9998948413946707 0.0052488716780967 0.1054973286389502 0.0074505587790591 -0.0051484758927081 0.9999589903440350 0.2724355404046458
0.9998570003001904 0.0147931642697585 -0.0081939759331449 -17.3176738373815589 -0.0147623193929198 0.9998837640932652 0.0038121160560882 0.1208996449346243 0.0082494167579557 -0.0036906088348135 0.9999591624309374 0.2766917567610439
0.9998409976586160 0.0160273576631730 -0.0078168540577537 -17.9025218479323911 -0.0160242641112731 0.9998714982369100 0.0004582282934678 0.1108935029103447 0.0078231937669762 -0.0003328961001555 0.9999693429398078 0.2993088782856074
0.9998398640176560 0.0169336610022699 -0.0057876978337998 -18.4989161366994139 -0.0169493482659769 0.9998527785523336 -0.0026722302551995 0.1290287539053065 0.0057415951192845 0.0027699000412259 0.9999796806631862 0.2736971488671570
0.9998416030592118 0.0171603316416380 -0.0047214203302238 -19.0869001248908319 -0.0171750181409889 0.9998477303816840 -0.0030878475435209 0.1398887904655906 0.0046677129134466 0.0031684489177392 0.9999840865671880 0.2591724675723868
0.9998193957501759 0.0183594998225607 -0.0049096484618089 -19.6787813899452644 -0.0183542812396639 0.9998309344027063 0.0011058804576069 0.1488678642507187 0.0049291218212244 -0.0010155676622405 0.9999873361100104 0.2864100387483166
0.9997799066270978 0.0200225429502201 -0.0062638708893284 -20.2594545870894862 -0.0199942626658288 0.9997897625880250 0.0045453365805604 0.1665927124410489 0.0063535631862311 -0.0044190947022353 0.9999700514699684 0.3137876951031290
0.9997514391585598 0.0211741192043818 -0.0069797260911179 -20.8615395022211381 -0.0211447420617810 0.9997673652920127 0.0042561931591470 0.2129761073320537 0.0070682235058855 -0.0041075507283354 0.9999665835634134 0.3409254044992676
0.9997074850201608 0.0232332378690548 -0.0067201973769233 -21.4617535013480953 -0.0232245204526498 0.9997293325238422 0.0013723487812511 0.2071491409025697 0.0067502625437341 -0.0012158739872489 0.9999764775263655 0.3611525486770137
0.9996878958345978 0.0244892716866545 -0.0049382683251830 -22.0645448004601406 -0.0244974983982399 0.9996985910230047 -0.0016123519613529 0.1948300505549533 0.0048972945615429 0.0017328239599759 0.9999865068225177 0.3545116360065565
0.9996691493963747 0.0256385333603626 -0.0020633352268216 -22.6473797716824201 -0.0256476177202391 0.9996609002485486 -0.0045038005659630 0.2338209271308951 0.0019471647093002 0.0045552301139534 0.9999877291388148 0.3478860008520679
0.9996660295913896 0.0258364222495473 0.0005554874706610 -23.2350475367738767 -0.0258337155424096 0.9996564567224037 -0.0044257964800563 0.2406646647216050 -0.0006696433833240 0.0044099680896930 0.9999900518301105 0.3464402299702703
0.9996236917627171 0.0273837406434201 0.0016141917637507 -23.8530777683933515 -0.0273778130619458 0.9996187234937877 -0.0035865014422952 0.2830320537697091 -0.0017117881356677 0.0035409587719053 0.9999922656662672 0.3713743603148084
0.9995738675272849 0.0291899457510369 -0.0001744236147719 -24.4335093595514401 -0.0291903886749202 0.9995671761506350 -0.0036580830024160 0.2837055396444230 0.0000675688756782 0.0036616156675701 0.9999932939800896 0.3967345449570835
0.9995363753372332 0.0302676971500590 -0.0033016491239939 -25.0362325264371499 -0.0302827818964772 0.9995306999550406 -0.0046187626045172 0.2953928887551373 0.0031603003521900 0.0047166043525828 0.9999838829426528 0.4015558969222801
0.9994553043754119 0.0320560176863946 -0.0078425943374844 -25.6177762088696319 -0.0321061177163286 0.9994643070845163 -0.0063479184976626 0.3314080123817929 0.0076349041276259 0.0065962560712323 0.9999490975268714 0.4060774213276343
0.9993429748508195 0.0343116798642147 -0.0116759257110503 -26.2226985606440017 -0.0343950014467352 0.9993837196313810 -0.0070117623479751 0.3521210020066974 0.0114281447222814 0.0074087489254959 0.9999072496724711 0.4117683482419976
0.9992604815645935 0.0361651216390989 -0.0130603966297329 -26.8198047714043746 -0.0362557344060485 0.9993196190912479 -0.0067690931446719 0.3707944995228799 0.0128067055082418 0.0072376015469457 0.9998917968549761 0.4304796821288644
0.9992007256190644 0.0380366877598695 -0.0122930999586538 -27.4032757515536005 -0.0381207847968871 0.9992508072488953 -0.0066805672588860 0.4084925636349970 0.0120297834063912 0.0071438502706363 0.9999021200670124 0.4376661447582219
0.9991881420123807 0.0391687559747908 -0.0094268455611546 -27.9849317497451651 -0.0392373823156959 0.9992039163003328 -0.0072084311115238 0.4310207325395699 0.0091369957238957 0.0075724636324617 0.9999295840726369 0.4440494705059453
0.9991248362171261 0.0414955832917354 -0.0052610095399641 -28.5650286351641363 -0.0415367660144241 0.9991051363274897 -0.0079764423831254 0.4533814203873856 0.0049253145243653 0.0081879870118967 0.9999543480307134 0.4540810258645371
0.9990825174932265 0.0428196346424268 -0.0007759693846465 -29.1429500753622008 -0.0428249398967618 0.9990408987422609 -0.0091272757761718 0.4897157420067396 0.0003843985374173 0.0091521325025719 0.9999580444740768 0.4649111697076763
0.9989875504551671 0.0449330607060815 0.0022122592905685 -29.7064271271722156 -0.0449096634523143 0.9989441199144442 -0.0096833577315139 0.5072560298345883 -0.0026450263108283 0.0095742020001775 0.9999506680291157 0.4723990725544107
0.9989298278600683 0.0461850145080520 0.0024785976570034 -30.3076625101582806 -0.0461587253564163 0.9988862172149436 -0.0097824910677933 0.5391977036818880 -0.0029276415294929 0.0096576132098747 0.9999490784145777 0.4871543992441102
0.9988334923636144 0.0482819498841246 0.0007126346134086 -30.8811824679167906 -0.0482725882162796 0.9987854606187460 -0.0098671618767012 0.5662444477641547 -0.0011881749058357 0.0098212510397808 0.9999510644368587 0.5051500523743186
0.9987323205171476 0.0502993794382907 -0.0019298659426106 -31.4708387086763928 -0.0503163792188714 0.9986822242479914 -0.0101033139804462 0.5873653908752450 0.0014191323885802 0.0101876100832143 0.9999470979327136 0.5259398489098137
0.9986331797018291 0.0521081442381965 -0.0040637055338329 -32.0392161356847467 -0.0521480458016507 0.9985849607329265 -0.0104238916479766 0.6195560735722164 0.0035147855814166 0.0106215583635890 0.9999374124315209 0.5343975848316403
0.9985132452064407 0.0541959635688520 -0.0058392362639484 -32.6192006548621194 -0.0542527355370442 0.9984766852860788 -0.0100473691517867 0.6730268027315682 0.0052858144169165 0.0103492257183039 0.9999324745666487 0.5413873190911602
0.9984009207462105 0.0561488415734048 -0.0065504994530149 -33.1954546059723299 -0.0562074085247374 0.9983773843610797 -0.0091282869840011 0.6949466996422496 0.0060273277704585 0.0094818767284590 0.9999368806748022 0.5501481866481845
0.9982852400706932 0.0580177621248466 -0.0077793788327302 -33.7639678728431107 -0.0580741912030911 0.9982860513976110 -0.0072351849370506 0.7245072921758695 0.0073462761386453 0.0076745594656127 0.9999435650895022 0.5551822649773697
0.9981680257656518 0.0598991582988345 -0.0085254427563733 -34.3205576693700607 -0.0599517298272508 0.9981829408951346 -0.0060503385575202 0.7846290717854540 0.0081475413359714 0.0065503695339616 0.9999453536214602 0.5845858102668954
0.9980589528186532 0.0618057438659333 -0.0076404661973013 -34.9012521734006711 -0.0618553313905082 0.9980643905238133 -0.0064335330028914 0.8297675378852331 0.0072280479455975 0.0068936487804021 0.9999501152204486 0.5954318988700196
0.9979654476345107 0.0635353317822841 -0.0053129034402782 -35.4649218565245334 -0.0635787571211842 0.9979410622221693 -0.0084485486217417 0.8581340884006362 0.0047651831629139 0.0087691474045961 0.9999501963014060 0.6019560402749463
0.9978749974758424 0.0651243152973603 -0.0020767690380828 -36.0350993524953580 -0.0651434160721731 0.9978144271094384 -0.0110772015740008 0.8828686576321425 0.0013508349400556 0.0111889503222291 0.9999364893010213 0.6163503831195961
0.9977736473997992 0.0666280294085872 0.0029076195813010 -36.5744993161197698 -0.0665893566331365 0.9977104259388546 -0.0118221637653243 0.9310364761654150 -0.0036886498459571 0.0116022269430326 0.9999258883498698 0.6099910276460513
0.9976701791603665 0.0679532780386194 0.0060469511266748 -37.1314612616593891 -0.0678896941209893 0.9976410653844199 -0.0101633700512318 0.9634579981426549 -0.0067233210752441 0.0097291655575310 0.9999300677003734 0.6167009070067424
0.9975488987798554 0.0697682824890234 0.0053461482985108 -37.7038853339876852 -0.0697325371268396 0.9975438633414052 -0.0066040878066465 1.0158718953657926 -0.0057937732913690 0.0062151000342542 0.9999639017097629 0.6446908352549796
0.9973798879284098 0.0722723601051574 0.0031725574452177 -38.2703180393143541 -0.0722545449745772 0.9973715482081156 -0.0054106890007908 1.0603110863377019 -0.0035552617947981 0.0051672806946143 0.9999803294684318 0.7059824867360445
0.9971935120268578 0.0748096338683642 0.0029356859542889 -38.8311269044026517 -0.0747854245680826 0.9971704204625265 -0.0076349739200438 1.0823478722757414 -0.0034985488009372 0.0073939999370719 0.9999665439009537 0.6982756140367794
0.9970404941691431 0.0768020681704226 0.0034198408876329 -39.4045329304040450 -0.0767654837981600 0.9970011792885267 -0.0097830973889409 1.1587790896136978 -0.0041609475105324 0.0094916185149226 0.9999462964048528 0.6873397368214078
0.9968498525775578 0.0791972923774572 0.0042614899015388 -39.9425626215431677 -0.0791567057046031 0.9968218023152158 -0.0089727571592950 1.1907315683680180 -0.0049585641163766 0.0086071661494582 0.9999506634493421 0.6965896100885031
0.9966599382537150 0.0813727663203502 0.0068876978356120 -40.4799235102637169 -0.0813152971565048 0.9966542901485183 -0.0082491440102859 1.2341136759230762 -0.0075359092650013 0.0076615161637105 0.9999422539535084 0.7271490631884062
0.9964839924270279 0.0831149246371192 0.0105622980102353 -41.0328461760808025 -0.0830278599109256 0.9965115622881024 -0.0084309373581443 1.2810507647941909 -0.0112261888146745 0.0075243291190145 0.9999086744078212 0.7553101344165251
0.9962929243063203 0.0852715916659606 0.0113650618966399 -41.5998471663751275 -0.0851653402089639 0.9963212833571712 -0.0095270749241781 1.3476197291514602 -0.0121356418969995 0.0085238479733715 0.9998900290589334 0.7764192682459515
0.9960913961278668 0.0877259853403819 0.0102996143663834 -42.1467146310633680 -0.0876260979090965 0.9961054276117860 -0.0097797774804148 1.3888116782400819 -0.0111174423885419 0.0088390371873916 0.9998991318609779 0.7699358114218315
0.9959260892893963 0.0899513943480738 0.0063222881591119 -42.7102855043009342 -0.0899014318585588 0.9959202255146912 -0.0077869737734031 1.4411392440746400 -0.0069969437978610 0.0071868675794178 0.9999496945906257 0.7796428023690924
0.9957609894227585 0.0919777052954627 0.0003920107013985 -43.2816770896104828 -0.0919743289975417 0.9957471359019208 -0.0053258002754335 1.5206794410946123 -0.0008801984213568 0.0052671692305127 0.9999857409878584 0.8168864096906209
0.9955195242326969 0.0943929978118226 -0.0055532725128750 -43.8431035168658951 -0.0944179773268156 0.9955228235039871 -0.0044219272000039 1.5609184188243488 0.0051110105671904 0.0049264436205498 0.9999748035446872 0.8337045830585970
0.9952546248956109 0.0968767533482264 -0.0091173617128904 -44.4295090224721605 -0.0969298014691358 0.9952756493153094 -0.0055673572853792 1.6100890204961795 0.0085349406003024 0.0064246821474727 0.9999429374960620 0.8454096944434993
0.9950406588387428 0.0989624058969271 -0.0100264388918753 -45.0068017328520398 -0.0990345256070824 0.9950595836410732 -0.0069704907886212 1.6685706262068405 0.0092870875704277 0.0079288853659243 0.9999254386109563 0.8221670966590929
0.9948768122457432 0.1007603404205628 -0.0082147583093127 -45.5618713197213907 -0.1008109395435220 0.9948875293793756 -0.0059965284752399 1.7337708502417482 0.0075685483482940 0.0067939446372722 0.9999482783585185 0.8276690473107045
0.9947407650268888 0.1023105526609038 -0.0048333433501465 -46.1512603285133167 -0.1023277332922213 0.9947447522173929 -0.0034515120213657 1.7964077166832548 0.0044548168308014 0.0039279447778763 0.9999823627728771 0.8466181497423648
0.9945558904331567 0.1041682953301154 -0.0027471899695073 -46.6870957622990161 -0.1041746505465928 0.9945564024523300 -0.0022813427129956 1.8511935283975938 0.0024945917914498 0.0025551103883651 0.9999936241910232 0.8795349065142245
0.9944620482292275 0.1050828933248251 -0.0016793338599347 -47.2704151391991445 -0.1050863488868043 0.9944608368067283 -0.0021221063363235 1.9287651433205306 0.0014470346818647 0.0022868292776830 0.9999963382445379 0.8782034985123228
0.9942585979445381 0.1069866608667519 -0.0019221888419061 -47.8416964851516582 -0.1069928941095889 0.9942536206892372 -0.0035011935674436 1.9881490738397036 0.0015365622068847 0.0036867523547196 0.9999920233850165 0.8923104048751753
0.9941561408735193 0.1079193814402369 -0.0026409606259565 -48.4351564685249798 -0.1079316881876102 0.9941453700754124 -0.0050728534962018 2.0571667705680916 0.0020780395673991 0.0053282517937972 0.9999836456084561 0.9059492765547367
0.9939921939671506 0.1094262840657408 -0.0023252285767955 -49.0184174227344798 -0.1094387070792549 0.9939745870095513 -0.0061391996231502 2.1061340861160822 0.0016394283124240 0.0063567865117256 0.9999784515378582 0.9013810561332632
0.9938815880204489 0.1104298452691567 -0.0021536638040249 -49.5979292376862304 -0.1104408354844481 0.9938650791065768 -0.0059183097227831 2.1869157965054860 0.0014868932200143 0.0061199514955456 0.9999801674744577 0.9056525369204648
0.9937562810747530 0.1115220196536096 -0.0033604994950904 -50.1873631565910543 -0.1115372656796628 0.9937488801250227 -0.0047541155820489 2.2681760533912048 0.0028093040385300 0.0050992531456167 0.9999830525704804 0.9301206092752043
0.9935710751121044 0.1131332833873862 -0.0041687996553241 -50.7894623390930064 -0.1131512635135446 0.9935681914063054 -0.0043635525540291 2.3360874631702484 0.0036483237062049 0.0048072045507496 0.9999817900934707 0.9417774537765430
0.9933807912337395 0.1147935580462701 -0.0041282731144388 -51.3754798289956867 -0.1148084143616614 0.9933812676641330 -0.0035616071879360 2.4083021120143715 0.0036920996182187 0.0040119926567362 0.9999851360471972 0.9402964984513941
0.9932122796152840 0.1162181197455698 -0.0047661582239054 -51.9675870147672185 -0.1162310708186024 0.9932189624606308 -0.0025358992466475 2.4617374873811180 0.0044391212837609 0.0030726619456929 0.9999854263692024 0.9558726221785336
0.9930380955693129 0.1177256176755389 -0.0040024606163013 -52.5759737918304424 -0.1177334081748705 0.9930436620378674 -0.0017691483689025 2.5537665937332044 0.0037663440630855 0.0022280550564773 0.9999904251656931 0.9727469656686467
0.9928648501217443 0.1192148325615937 -0.0026857196498307 -53.1728198223105153 -0.1192196199856409 0.9928664547461182 -0.0016986024707615 2.6303660006622214 0.0024640623380289 0.0020066731635898 0.9999949508170572 0.9874987054064575
0.9926974490931546 0.1206203671956819 -0.0015816388723489 -53.7755042500324265 -0.1206226789452331 0.9926973576032401 -0.0014579203065054 2.7161996863414188 0.0013942338465506 0.0016380552871557 0.9999976864407524 0.9932409320491824
0.9924961225329877 0.1222693517321730 -0.0012854508854642 -54.3924995322868980 -0.1222707148821531 0.9924962408576239 -0.0010412327754028 2.7831523773656706 0.0011484943151796 0.0011905924909531 0.9999986317242282 1.0121828670254138
