1.0000000000000000 -0.0000000000000031 0.0000000000000005 0.0000000000000037 0.0000000000000031 1.0000000000000000 -0.0000000000000004 -0.0000000000000062 -0.0000000000000005 0.0000000000000004 1.0000000000000000 0.0000000000000002
0.9999999880516837 -0.0001515515634160 0.0000304755012360 -0.0012245464765458 0.0001515517484621 0.9999999884976128 -0.0000060697458781 0.0025943545497911 -0.0000304745810060 0.0000060743644210 0.9999999995172010 -0.0010708938135850
0.9999999899854555 -0.0001412442610081 0.0000088964972455 0.0004914180052941 0.0001412441457809 0.9999999899411779 0.0000129512686195 0.0054824843890794 -0.0000088983264484 -0.0000129500119117 0.9999999998765585 -0.0006192985546872
0.9999999962232642 -0.0000850975943544 -0.0000176598711184 0.0008759975536481 0.0000850985188679 0.9999999950084963 0.0000523569426186 0.0009983350260837 0.0000176554155804 -0.0000523584452498 0.9999999984734398 0.0004322146295553
0.9999999936431664 -0.0001021987318265 -0.0000476349282190 0.0028129045574761 0.0001022013640143 0.9999999932506974 0.0000552583584584 -0.0001085806188935 0.0000476292805633 -0.0000552632264618 0.9999999973387137 0.0007785879895527
0.9999999905855056 -0.0001365687403639 0.0000133404618537 -0.0019633888245774 0.0001365686269660 0.9999999906383729 0.0000085008392199 0.0030965704161162 -0.0000133416226777 -0.0000084990172513 0.9999999998748839 -0.0002253127198959
0.9999999952556082 -0.0000907945675264 -0.0000352863988683 0.0010439317415508 0.0000907953874828 0.9999999956081366 0.0000232362726654 0.0015194531164199 0.0000352842889860 -0.0000232394763974 0.9999999991074728 0.0000885090073822
0.9999999933073316 -0.0001127676401676 -0.0000258610943896 0.0025858932177592 0.0001127691876059 0.9999999918509695 0.0000598428878512 0.0018424341143834 0.0000258543458376 -0.0000598458037853 0.9999999978750163 -0.0000717601104769
0.9999999931511236 -0.0001130670430921 -0.0000302257594024 -0.0010366784840116 0.0001130677104608 0.9999999933641125 0.0000220786721200 0.0044250471695794 0.0000302232628317 -0.0000220820895262 0.9999999992994678 0.0007076470237882
0.9999999960119308 -0.0000776751148579 -0.0000440762391518 0.0014603745607705 0.0000776765847591 0.9999999964271186 0.0000333483300007 0.0042059795973136 0.0000440736486590 -0.0000333517535595 0.9999999984725870 0.0004196038345202
0.9999999923266304 -0.0001226967615135 -0.0000170951397843 -0.0027464784443402 0.0001226972232061 0.9999999921079576 0.0000270088165141 0.0017422539364732 0.0000170918257551 -0.0000270109138330 0.9999999994891400 0.0006207075135619
0.9999999968371788 -0.0000788983800113 -0.0000100343455807 -0.0002516852617497 0.0000788986625282 0.9999999964910724 0.0000281577030348 0.0019877397718266 0.0000100321239483 -0.0000281584946421 0.9999999995532278 -0.0000114430583150
0.9999999946612345 -0.0001032339891959 -0.0000045027279495 -0.0024372252524619 0.0001032340501131 0.9999999945798240 0.0000135308126826 0.0013966760528157 0.0000045013310853 -0.0000135312774452 0.9999999998983212 0.0000340042775600
0.9999999959940353 -0.0000894598479449 0.0000029774001152 -0.0000701195074705 0.0000894597643838 0.9999999956049780 0.0000280534243813 0.0013442238624473 -0.0000029799097572 -0.0000280531579114 0.9999999996020702 -0.0008654533858310
0.9999999932735146 -0.0001125369923017 -0.0000280783924212 0.0006759294540748 0.0001125381191118 0.9999999928622766 0.0000401325114376 0.0018483737317555 0.0000280738758287 -0.0000401356710571 0.9999999988004927 -0.0001661252783301
0.9999999918360640 -0.0001277795366021 0.0000005117265588 -0.0029755783581946 0.0001277795258100 0.9999999916149722 0.0000210344528762 0.0041557018651981 -0.0000005144143272 -0.0000210343873163 0.9999999997786450 -0.0005216163000889
0.9999999970353924 -0.0000740704814447 -0.0000210423101503 -0.0014021138862314 0.0000740710771798 0.9999999968559552 0.0000283119265144 0.0028791586549288 0.0000210402130061 -0.0000283134850571 0.9999999993778280 -0.0007325499783201
0.9999999934744723 -0.0001088690256940 -0.0000346206673336 0.0016451499493964 0.0001088698458979 0.9999999937930664 0.0000236901634268 0.0036667052972002 0.0000346180879937 -0.0000236939324189 0.9999999991200927 -0.0009629572763211
0.9999999956516017 -0.0000829173693779 -0.0000426791109086 0.0001853826341627 0.0000829189728352 0.9999999958564817 0.0000375696753129 0.0022138696705486 0.0000426759955531 -0.0000375732140576 0.9999999983835065 -0.0012698380205786
0.9999999957107097 -0.0000761540201512 -0.0000527176038745 0.0038499755039506 0.0000761560419212 0.9999999963647673 0.0000383500013332 0.0044277147359219 0.0000527146831761 -0.0000383540159327 0.9999999978750658 -0.0004745937874356
0.9999999965806878 -0.0000791953483177 -0.0000238059036962 0.0005924826629831 0.0000791964509015 0.9999999957912737 0.0000463181898241 0.0019609358453466 0.0000238022354109 -0.0000463200750088 0.9999999986439522 -0.0008008205235676
0.9999999980957769 -0.0000608822261066 -0.0000100896342955 -0.0012258576449423 0.0000608826276477 0.9999999973545588 0.0000398018590679 0.0024631090070604 0.0000100872110430 -0.0000398024732755 0.9999999991570057 -0.0011600302227693
0.9999999961063551 -0.0000863853987710 -0.0000180236685754 0.0019146695820762 0.0000863862194703 0.9999999952318230 0.0000455387206605 0.0030316400248141 0.0000180197346089 -0.0000455402774798 0.9999999988006861 -0.0009457975753710
0.9999999961432705 -0.0000867007466339 0.0000140156886863 0.0023587032032110 0.0000867001810568 0.9999999954275299 0.0000403487136138 0.0019750286643857 -0.0000140191868858 -0.0000403474982954 0.9999999990877709 -0.0006856359436469
0.9999999968296435 -0.0000714671969006 0.0000351162741958 0.0013953654770962 0.0000714660937510 0.9999999969528649 0.0000314144496667 0.0039018933246765 -0.0000351185191914 -0.0000314119399442 0.9999999988899898 -0.0012570754894548
0.9999999965200144 -0.0000772439259019 0.0000315174099097 0.0016720598035846 0.0000772430085537 0.9999999965931716 0.0000291062589721 0.0026523962306330 -0.0000315196580840 -0.0000291038243713 0.9999999990797392 -0.0007891960005602
0.9999999931617580 -0.0001108405188141 0.0000372942786083 0.0030283948787435 0.0001108397176165 0.9999999936264865 0.0000214845027507 0.0051232081048124 -0.0000372966597240 -0.0000214803689165 0.9999999990737765 -0.0006477115722872
0.9999999929665321 -0.0000887685006495 0.0000786580519351 0.0019738043852377 0.0000887662250517 0.9999999956417114 0.0000289332774062 0.0016724703214127 -0.0000786606199559 -0.0000289262950244 0.9999999964878882 -0.0010940720916017
0.9999999934717775 -0.0000824921005926 0.0000790664173413 0.0015616068265278 0.0000824888611601 0.9999999957583835 0.0000409734147804 0.0029440584007103 -0.0000790697969890 -0.0000409668924142 0.9999999960348405 -0.0008102494218376
0.9999999918160998 -0.0000767436323079 0.0001023631543509 -0.0003482601875548 0.0000767398479036 0.9999999963719672 0.0000369737915596 0.0028655984589988 -0.0001023659914826 -0.0000369659359241 0.9999999940773616 -0.0011238887122583
0.9999999896319887 -0.0000817965412087 0.0001185130723370 0.0024763023845296 0.0000817922691861 0.9999999960051662 0.0000360512453648 0.0037295232115826 -0.0001185160207308 -0.0000360415515379 0.9999999923274797 -0.0011847063811033
0.9999999838289650 -0.0001050938997594 0.0001459360883138 -0.0001306506702173 0.0001050899430493 0.9999999941103040 0.0000271200258671 0.0011803334187395 -0.0001459389376035 -0.0000271046890133 0.9999999889835811 -0.0020286461074244
0.9999999863339275 -0.0000900892579929 0.0001386220417904 -0.0006132563230636 0.0000900826244414 0.9999999947973179 0.0000478590110542 -0.0003240062668321 -0.0001386263526520 -0.0000478465229629 0.9999999892467223 -0.0014531295283377
0.9999999824520023 -0.0000988478535607 0.0001591386092367 -0.0022777011896090 0.0000988414205174 0.9999999942978334 0.0000404315085671 0.0017908076646497 -0.0001591426048971 -0.0000404157783715 0.9999999865200980 -0.0013928737414300
0.9999999833435806 -0.0000747142433443 0.0001665251342063 -0.0000680223233593 0.0000747093095001 0.9999999967701652 0.0000296342489423 0.0024795168326076 -0.0001665273477690 -0.0000296218074709 0.9999999856955953 -0.0017227684562494
0.9999999734288330 -0.0001105832043115 0.0002022713232628 -0.0021450069158434 0.0001105746109574 0.9999999929837159 0.0000424949824034 0.0032809350015372 -0.0002022760210749 -0.0000424726152014 0.9999999786402439 -0.0017578844753567
0.9999999739828317 -0.0000662506409504 0.0002182777782535 -0.0014488170450830 0.0000662398399645 0.9999999965815308 0.0000494896134815 0.0007421628216916 -0.0002182810562259 -0.0000494751535089 0.9999999749527946 -0.0015550118660218
0.9999999654203124 -0.0000799698591450 0.0002505278337683 -0.0063249883621213 0.0000799555888466 0.9999999951807371 0.0000569704276638 -0.0005061818380822 -0.0002505323884781 -0.0000569503945933 0.9999999669950869 -0.0018898704526798
0.9999999638451730 -0.0000777252132564 0.0002574265796722 -0.0036220185697842 0.0000777137278513 0.9999999959845510 0.0000446259386981 0.0032700274896612 -0.0002574300471991 -0.0000446059315055 0.9999999658700403 -0.0010781812293506
0.9999999557674709 -0.0000967596631442 0.0002812518868551 -0.0034044765781756 0.0000967435358965 0.9999999936756047 0.0000573539794211 0.0032105819901626 -0.0002812574346281 -0.0000573267675822 0.9999999588039478 -0.0013673413666431
0.9999999442990176 -0.0001052968848949 0.0003167246876142 -0.0064494311318086 0.0001052786432789 0.9999999927987089 0.0000576106713885 0.0010166842786586 -0.0003167307515576 -0.0000575773238341 0.9999999481832400 -0.0010404419017681
0.9999999334156571 -0.0000541967425570 0.0003608758714313 -0.0062367737676209 0.0000541824888971 0.9999999977517250 0.0000395070629423 -0.0011597849756068 -0.0003608780117741 -0.0000394875071589 0.9999999341038965 -0.0016048482963849
0.9999999264010225 -0.0001104891681401 0.0003674099798039 -0.0089624028347628 0.0001104705745425 0.9999999926165730 0.0000506271285050 0.0012809871222039 -0.0003674155708404 -0.0000505865367873 0.9999999312233979 -0.0014394514629440
0.9999999346629552 -0.0000972491958286 0.0003481618576138 -0.0032633257585427 0.0000972236130119 0.9999999925729656 0.0000734958356447 0.0016148869292565 -0.0003481690024389 -0.0000734619812890 0.9999999366908395 -0.0011729384842649
0.9999999292568278 -0.0001131966578546 0.0003587099887588 -0.0054863378192987 0.0001131742479804 0.9999999916430948 0.0000624931985666 0.0001316402682269 -0.0003587170597823 -0.0000624525974124 0.9999999337108698 0.0000533023752909
0.9999999035634166 -0.0000868266286354 0.0004305046968791 -0.0081739847204674 0.0000867986082057 0.9999999941136278 0.0000651056524342 0.0006380779191058 -0.0004305103472493 -0.0000650682789471 0.9999999052134755 -0.0012700936565275
0.9999999011422671 -0.0000808535192949 0.0004372392530743 -0.0041118516685459 0.0000808293864341 0.9999999952091718 0.0000552111088637 0.0015549394694630 -0.0004372437149920 -0.0000551757616251 0.9999999028867798 -0.0007740997700373
0.9999998944448432 -0.0001154759398747 0.0004447196981810 -0.0069490870254339 0.0001154447452207 0.9999999908743717 0.0000701695608248 0.0013541681981735 -0.0004447277970187 -0.0000701182128658 0.9999998986503063 -0.0003775917225871
0.9999998839288150 -0.0000698245867338 0.0004767251657646 -0.0059248883162854 0.0000697885267584 0.9999999947027725 0.0000756572309065 -0.0011047829883543 -0.0004767304459742 -0.0000756239521779 0.9999998835045431 -0.0005639645416226
0.9999998627632939 -0.0001080162153788 0.0005126459700902 -0.0085200304784857 0.0001079816891445 0.9999999919001958 0.0000673762799511 0.0014503356550896 -0.0005126532436687 -0.0000673209143268 0.9999998663272642 -0.0004132069214628
0.9999998576407960 -0.0000887935266268 0.0005261502610998 -0.0087153174006542 0.0000887481458262 0.9999999923403363 0.0000862733669557 -0.0019384004000313 -0.0005261579175861 -0.0000862266598138 0.9999998578613943 0.0003978217524467
0.9999998438214827 -0.0000670889435979 0.0005548478024179 -0.0068428899206608 0.0000670362747689 0.9999999932459942 0.0000949428749336 -0.0020908547050479 -0.0005548541682876 -0.0000949056651758 0.9999998415648708 0.0005137291142234
0.9999998258225723 -0.0000866447983609 0.0005838214658655 -0.0097672684968324 0.0000865997392394 0.9999999932699781 0.0000772044618680 0.0001357138637752 -0.0005838281513014 -0.0000771538896340 0.9999998265959685 0.0007537344884159
0.9999997936660150 -0.0000853160075846 0.0006367017404078 -0.0075019243094636 0.0000852619023842 0.9999999927523666 0.0000850039682358 -0.0005430995849050 -0.0006367089879924 -0.0000849496642950 0.9999997936925883 -0.0000272355264994
0.9999997810901988 -0.0001242943482302 0.0006499003535363 -0.0059581734926521 0.0001242395040675 0.9999999887182071 0.0000844282624215 0.0007133921662263 -0.0006499108401601 -0.0000843475006417 0.9999997852506765 0.0006197089982699
0.9999997875187966 -0.0001029840718028 0.0006437054004183 -0.0066603163281137 0.0001029262663327 0.9999999906680532 0.0000898336086421 0.0011534414969505 -0.0006437146458420 -0.0000897673353606 0.9999997887866178 0.0010701828051487
0.9999997480144702 -0.0000870436728689 0.0007045526205505 -0.0117242367153733 0.0000869781599336 0.9999999918914804 0.0000930152621370 -0.0033767358612964 -0.0007045607112277 -0.0000929539580080 0.9999997474768511 0.0005998985666033
0.9999997467997678 -0.0000810579870515 0.0007069865649480 -0.0103728449110459 0.0000809983939868 0.9999999931647093 0.0000843198759139 -0.0009324987598983 -0.0007069933949149 -0.0000842625897878 0.9999997465300456 0.0011471558268791
0.9999997368783272 -0.0001045180410381 0.0007178574060753 -0.0101570775348187 0.0001044439322291 0.9999999892130942 0.0001032728259730 -0.0005192269517893 -0.0007178681922053 -0.0001031978229494 0.9999997370076994 0.0017588407447947
0.9999997071157463 -0.0000837610305733 0.0007607578533504 -0.0117912653875357 0.0000836899421259 0.9999999921291525 0.0000934756037563 -0.0042913532303884 -0.0007607656769755 -0.0000934119085981 0.9999997062548569 0.0013365586488228
0.9999996851951500 -0.0000955649311641 0.0007877035894131 -0.0136529386775854 0.0000954889982238 0.9999999907910802 0.0000964349047374 -0.0030598213619992 -0.0007877127979543 -0.0000963596573526 0.9999996851116326 0.0013912339067510
0.9999996832761898 -0.0000912920284026 0.0007906410598644 -0.0101343050192224 0.0000912098422140 0.9999999904340220 0.0001039842322453 -0.0017692093417412 -0.0007906505452327 -0.0001039120850647 0.9999996820369464 0.0020226790568481
0.9999996833894377 -0.0001130642532647 0.0007876785505892 -0.0024321301232527 0.0001129974650963 0.9999999900172863 0.0000848351346489 0.0026110728232904 -0.0007876881345471 -0.0000847461021097 0.9999996861827012 0.0023208027573978
0.9999996372156056 -0.0001366200607171 0.0008407756039793 0.0065915593180531 0.0001365610702367 0.9999999882101839 0.0000702189878033 0.0067026119130322 -0.0008407851873891 -0.0000701041451127 0.9999996440827754 0.0024381633681822
0.9999996117181681 -0.0001464906212112 0.0008689672093578 0.0027067022629921 0.0001464291849511 0.9999999867755089 0.0000707635202078 0.0073054059220904 -0.0008689775640582 -0.0000706362505714 0.9999996199441844 0.0033739625618594
0.9999995388578437 -0.0000788364444622 0.0009571148912811 -0.0046534774653293 0.0000787581409839 0.9999999935489147 0.0000818494092013 0.0056234562615660 -0.0009571213378231 -0.0000817739908675 0.9999995386157731 0.0017379034397324
0.9999995574824467 -0.0002353492442317 0.0009108488590281 -0.0172972925423403 0.0002352850710097 0.9999999698310528 0.0000705608169199 0.0064781612562141 -0.0009108654379837 -0.0000703464765570 0.9999995826876765 0.0031095080733951
0.9999995160417028 -0.0002289377030243 0.0009568196738592 -0.0209378953423837 0.0002288458975786 0.9999999692013116 0.0000960569155110 0.0032512596040771 -0.0009568416354400 -0.0000958379047663 0.9999995376344835 0.0031456093825300
0.9999994247696651 -0.0002564898805754 0.0010414764903923 -0.0344603509310128 0.0002564294143716 0.9999999654288650 0.0000581912728416 0.0033731883371866 -0.0010414913798599 -0.0000579241741617 0.9999994559700999 0.0031327585238309
0.9999994232276832 -0.0001174187158299 0.0010675940923347 -0.0392697905479686 0.0001173567214828 0.9999999914240544 0.0000581316707188 0.0010579920428516 -0.0010676009089252 -0.0000580063478475 0.9999994284316180 0.0053006614084536
0.9999990970603406 -0.0001963224085026 0.0013294119058507 -0.0524019082643817 0.0001962854428547 0.9999999803457902 0.0000279364304947 0.0038075124178682 -0.0013294173642695 -0.0000276754610651 0.9999991159413795 0.0044090568083800
0.9999981550546658 -0.0001950036991741 0.0019109842547600 -0.0775959537401036 0.0001952633331271 0.9999999717318059 -0.0001356783629493 0.0053399719919107 -0.0019109577429572 0.0001360512577853 0.9999981648635961 0.0043020004014632
0.9999971345065077 -0.0000853083674617 0.0023924258098940 -0.1072256523893410 0.0000858904819283 0.9999999667349141 -0.0002432138891545 0.0003176515614555 -0.0023924049821299 0.0002434186788325 0.9999971085686939 0.0086366487391895
0.9999965314726204 -0.0002269881992372 0.0026240272647319 -0.1608407401706198 0.0002276565294520 0.9999999417264471 -0.0002544004851761 0.0029632496716018 -0.0026239693659125 0.0002549969797214 0.9999965248746153 0.0081678098494642
0.9999963404511093 -0.0009425898286895 0.0025358645081807 -0.2830173376025023 0.0009432604725807 0.9999995204713829 -0.0002632806208457 0.0129508094925575 -0.0025356151265258 0.0002656716381117 0.9999967500319743 0.0090623441201142
0.9999967885317966 0.0009010344470491 0.0023687682491825 -0.3887472924746835 -0.0009006597044571 0.9999995817235412 -0.0001592634275501 -0.0049282501876287 -0.0023689107602169 0.0001571294619695 0.9999971817821000 0.0135675154269357
0.9999964468310263 0.0008660536906526 0.0025211656683691 -0.4503897469314985 -0.0008656575144223 0.9999996128005519 -0.0001582270959898 -0.0110508041585917 -0.0025213017253356 0.0001560440677763 0.9999968093388392 0.0169036140158511
0.9999958619112372 0.0008665517593708 0.0027432186296720 -0.5038332176397822 -0.0008660927757302 0.9999996107455764 -0.0001684992567691 -0.0180321785544152 -0.0027433635751894 0.0001661226776668 0.9999962231726429 0.0128562957841804
0.9999957139533480 0.0005091766392546 0.0028831951172276 -0.5802098275861418 -0.0005084287884813 0.9999998369215539 -0.0002601096549543 -0.0161080529295457 -0.0028833270888006 0.0002586426407118 0.9999958097556626 0.0125054506249242
0.9999951386986637 -0.0003116866123170 0.0031024877914112 -0.6903151041151212 0.0003124698053673 0.9999999194396847 -0.0002519588157932 -0.0043531107015259 -0.0031024090092841 0.0002529270247019 0.9999951555313952 0.0106175875994617
0.9999947129647236 -0.0001708868406872 0.0032472819846364 -0.7728689341423056 0.0001717671501343 0.9999999485778543 -0.0002708142069702 -0.0061469046519526 -0.0032472355390700 0.0002713705515381 0.9999946908955955 0.0184225065195052
0.9999926796224667 -0.0001088916459283 0.0038247671939671 -0.9271416326854061 0.0001102389050045 0.9999999319586717 -0.0003520369807336 0.0065070103574805 -0.0038247285998386 0.0003524560418373 0.9999926235857324 0.0188337137139583
0.9999928322133315 0.0016806478825614 0.0033927783091172 -1.0298235049283531 -0.0016799149091934 0.9999985649882357 -0.0002188775164558 -0.0203390402916908 -0.0033931412964749 0.0002131763687234 0.9999942205572880 0.0243616474983115
0.9999931485074436 0.0012985974429619 0.0034664943171707 -1.1505102987231062 -0.0012979284180585 0.9999991386311700 -0.0001952402101620 -0.0145039437204293 -0.0034667448696782 0.0001907396109898 0.9999939726310401 0.0265236814760825
0.9999928302770875 0.0007811099950949 0.0037053018224769 -1.2865708952426889 -0.0007801558815485 0.9999996621539196 -0.0002589379216369 -0.0008452697966008 -0.0037055028296539 0.0002560453521140 0.9999931018209861 0.0282374613739050
0.9999924792592582 0.0007429192135803 0.0038065070555798 -1.4482486515577047 -0.0007417290481388 0.9999996755995423 -0.0003140681923109 0.0048942223647512 -0.0038067391480416 0.0003112424334304 0.9999927059060013 0.0300759427450524
0.9999918821581205 0.0019632041104076 0.0035187281055087 -1.5859169321340798 -0.0019624246692682 0.9999980491413006 -0.0002249511286547 -0.0153878041198620 -0.0035191628659477 0.0002180440636983 0.9999937839554350 0.0322816265066178
0.9999929844628979 0.0010614324132303 0.0035922675594445 -1.7633511715668886 -0.0010607783220194 0.9999994204495423 -0.0001839835079171 0.0038158132502391 -0.0035924607636030 0.0001801716176200 0.9999935308610002 0.0356837275654169
0.9999937186656181 0.0003234334930435 0.0035295920563258 -1.9269101096385359 -0.0003230616819742 0.9999999422070328 -0.0001059107198846 0.0173834308426450 -0.0035296261074142 0.0001047697786775 0.9999937653619824 0.0353504625342787
0.9999939962428621 0.0005204555326102 0.0034258727748103 -2.0604585753715048 -0.0005205927590026 0.9999998637246603 0.0000391642696718 0.0180079257250457 -0.0034258519246875 -0.0000409475190989 0.9999941309137224 0.0376346932744979
0.9999938985913579 0.0014147419091719 0.0031939451134212 -2.2883321045440788 -0.0014150430810448 0.9999989945906470 0.0000920368074982 -0.0003363296306884 -0.0031938116938702 -0.0000965558158780 0.9999948951088893 0.0408609365645244
0.9999947410783968 0.0011511838183343 0.0030319286545896 -2.4740431193230425 -0.0011509959582508 0.9999993355747848 -0.0000637047330179 0.0072992201072288 -0.0030319999759576 0.0000602146603725 0.9999954016645979 0.0453505767953079
0.9999925297375321 0.0029479421022147 0.0025000212985329 -2.6558579444946080 -0.0029481315867619 0.9999956516505960 0.0000721113507526 -0.0300504571839286 -0.0024997978474798 -0.0000794812038197 0.9999968723418389 0.0494490277608673
0.9999960406328395 0.0020378952602552 0.0019405415616833 -2.8740376874794493 -0.0020379249316442 0.9999979233402116 0.0000133130419085 -0.0068070040372305 -0.0019405104012536 -0.0000172676672267 0.9999981170588325 0.0559705782784431
0.9999983066417225 0.0010675195757320 0.0014990382393488 -3.0371505546454722 -0.0010676316909434 0.9999994273436248 0.0000739932093689 0.0147268303368078 -0.0014989583917155 -0.0000755935048022 0.9999988737040467 0.0544170201171487
0.9999993635080335 0.0006062445723981 0.0009515519146618 -3.1941739811867458 -0.0006063716385460 0.9999998072785343 0.0001332528805083 0.0073017922095108 -0.0009514709474418 -0.0001338297897876 0.9999995383962053 0.0646259731150526
0.9999977955792797 0.0020636994152857 0.0003872741981487 -3.4069198517216908 -0.0020637209401248 0.9999978690027583 0.0000551889790321 -0.0033151818011229 -0.0003871594794046 -0.0000559880832447 0.9999999234864331 0.0860662650819260
0.9999976805194405 0.0021469428947653 -0.0001720230964880 -3.5655228654799194 -0.0021469205338579 0.9999976869046958 0.0001300672108425 0.0081018294919361 0.0001723019454563 -0.0001296975892360 0.9999999767452872 0.0926227952433098
0.9999947421612827 0.0031632994701878 -0.0007135728776198 -3.8074575175451950 -0.0031631278434564 0.9999949681330076 0.0002415179312007 -0.0123784873982577 0.0007143332805598 -0.0002392595391009 0.9999997162413784 0.1033002423670006
0.9999972885557322 0.0023286824784759 0.0000109132108510 -4.0106886561028086 -0.0023286858157882 0.9999972385278915 0.0003164790082829 -0.0004878794300316 -0.0000101762015931 -0.0003165035636070 0.9999999498609683 0.1017075249039556
0.9999983141151171 0.0016872032233998 0.0007246462631013 -4.1722279516893082 -0.0016875395777454 0.9999984685472327 0.0004638031509130 0.0192155215500257 -0.0007238626231685 -0.0004650252382431 0.9999996298871467 0.1024811202732972
0.9999994948789502 0.0006276060071505 0.0007850812341051 -4.3830392181846545 -0.0006279018191306 0.9999997319551425 0.0003766018437941 0.0491545086061625 -0.0007848446660886 -0.0003770946074996 0.9999996209091817 0.1169528842321965
0.9999968421879400 0.0024834491537970 0.0003848304155579 -4.5946005033848900 -0.0024836638874243 0.9999967597260289 0.0005585258607506 0.0150155146509302 -0.0003834420980256 -0.0005594798864368 0.9999997699771807 0.1331285502968619
0.9999972100459111 0.0023363498827138 0.0003483814281247 -4.8158913259273461 -0.0023365551264576 0.9999970962618713 0.0005898965728957 0.0094872301759762 -0.0003470022117274 -0.0005907089395232 0.9999997653261794 0.1376802935954013
0.9999942894634533 0.0033469046285730 0.0004682626298107 -5.0127780981633459 -0.0033471727752195 0.9999942340162531 0.0005730346063557 -0.0095313420531411 -0.0004663420376397 -0.0005745986899468 0.9999997261806872 0.1389627270338688
0.9999961854006604 0.0026514447999071 0.0007739667958193 -5.2481108002832340 -0.0026519275580091 0.9999962893276620 0.0006233868253340 -0.0052314606700308 -0.0007723110481257 -0.0006254369512379 0.9999995061820106 0.1460331878431086
0.9999977424341862 0.0018186574738044 0.0010989137927932 -5.4392336777446246 -0.0018193472827290 0.9999981483929209 0.0006270456080207 0.0218919880693051 -0.0010977713768552 -0.0006290434982469 0.9999991996008204 0.1360715774760892
0.9999952043903125 0.0030617529867059 0.0004656876910006 -5.6368099975844697 -0.0030620201277631 0.9999951472542953 0.0005740214260650 0.0013135054768172 -0.0004639279193210 -0.0005754446183653 0.9999997268171511 0.1469333478836411
0.9999967659280654 0.0025350178432433 0.0002044943627452 -5.8828218353405628 -0.0025351257640238 0.9999966465245620 0.0005292230067501 0.0096214291656823 -0.0002031520872132 -0.0005297397141324 0.9999998390525194 0.1565300243682256
0.9999991260709096 0.0012989888894525 0.0002459375576730 -6.0877062324639750 -0.0012991229741756 0.9999990071763888 0.0005458257366471 0.0282583342186681 -0.0002452282919329 -0.0005461447627655 0.9999998207944754 0.1531400704290591
0.9999963004849545 0.0027045389339275 -0.0002906639975458 -6.3386822687126170 -0.0027043523288565 0.9999961381227310 0.0006404827127612 -0.0013975594103355 0.0002923950854703 -0.0006396942854271 0.9999997526481370 0.1611299271081919
0.9999983843645732 0.0017941837574315 0.0001103308110781 -6.5361073658694426 -0.0017942571239519 0.9999981668699737 0.0006685043496750 0.0131234023921117 -0.0001091311891815 -0.0006687012314595 0.9999997704644970 0.1591755486828851
0.9999996582767047 0.0006660665671975 0.0004896956218390 -6.7310858274125867 -0.0006664027787268 0.9999995421543976 0.0006867301739290 0.0259881625146026 -0.0004892379896244 -0.0006870562737805 0.9999996442998699 0.1475031810616350
0.9999976688714084 0.0021435222300380 -0.0002599311416025 -6.9447480111678921 -0.0021433978894647 0.9999975888219468 0.0004776984197168 -0.0091933376980341 0.0002609544720441 -0.0004771401702801 0.9999998521199998 0.1666400414362931
0.9999996206007746 0.0008085624414510 -0.0003240757396849 -7.1585746289063517 -0.0008083385206441 0.9999994349070622 0.0006904885171188 0.0029524850460748 0.0003246338596331 -0.0006902262922440 0.9999997091002191 0.1680624978603984
0.9999997901028768 -0.0004588984531717 -0.0004573908744714 -7.3561798252585859 0.0004593459793189 0.9999994154676454 0.0009788082748738 0.0087639460707329 0.0004569414335083 -0.0009790181700840 0.9999994163638042 0.1747585997474206
0.9999998769566133 -0.0003927881663421 -0.0003029921033257 -7.5456569836419858 0.0003930931272231 0.9999994156178266 0.0010070957246416 0.0085317415140709 0.0003025963509795 -0.0010072147048386 0.9999994469768404 0.1904188048405801
0.9999998314623380 -0.0003044678745193 0.0004943426029596 -7.8136760042994657 0.0003040449735094 0.9999995879822432 0.0008553315134841 0.0015273791133362 -0.0004946028202496 -0.0008551810669450 0.9999995120165774 0.1870535768147171
0.9999987147590621 -0.0011633966936021 0.0011031719526776 -8.0138357896407406 0.0011627812864317 0.9999991681033995 0.0005583298208875 0.0068119124668971 -0.0011038205940201 -0.0005570463555969 0.9999992356394348 0.1861790373881276
0.9999956296831946 -0.0026269428317053 0.0013563870649904 -8.2132637400461572 0.0026264778294037 0.9999964914636772 0.0003444917232357 0.0129767542746822 -0.0013572872661201 -0.0003409276971434 0.9999990207693118 0.1841650834491499
0.9999941675008792 -0.0031664854219956 0.0012799743340244 -8.4559483716619930 0.0031665941441043 0.9999949828900497 -0.0000829231913668 -0.0003867355846210 -0.0012797053371758 0.0000869758669480 0.9999991773943859 0.2052196006429919
0.9999927512017399 -0.0035209912156067 0.0014491945469011 -8.6506060800732865 0.0035209713627911 0.9999938012290831 0.0000162502741866 -0.0019521882600916 -0.0014492427807487 -0.0000111475838929 0.9999989497849955 0.2003045924686222
0.9999879780725884 -0.0046063995115006 0.0016807123004303 -8.8755786972208099 0.0046066046282806 0.9999893825560038 -0.0001181907827675 -0.0108390034951920 -0.0016801500215975 0.0001259317389485 0.9999985806175437 0.2180869809894824
0.9999806155631769 -0.0058792480137752 0.0020501074806727 -9.0705680017937063 0.0058795933253954 0.9999827018466140 -0.0001624496041675 0.0008296326704587 -0.0020491169360864 0.0001745002534331 0.9999978853324860 0.2144196476850335
0.9999684557341915 -0.0076652464342956 0.0020812336913064 -9.2638459430990601 0.0076656263684364 0.9999706034051260 -0.0001746366737064 0.0017206466394763 -0.0020798338769823 0.0001905851247837 0.9999978189817987 0.2207700510440491
0.9999551860537984 -0.0090944198280028 0.0026300973566310 -9.5144799329184053 0.0090941337663355 0.9999586402255105 0.0001207037202125 -0.0056959573450939 -0.0026310863067038 -0.0000967798538227 0.9999965340032467 0.2234915878585896
0.9999634192601328 -0.0080644764263864 0.0028503265693750 -9.7323150737493762 0.0080636339215120 0.9999674412646227 0.0003069505876066 -0.0293692828844159 -0.0028527091621243 -0.0002839553691148 0.9999958907014491 0.2379651207089997
0.9999504230509886 -0.0093502580981417 0.0034240493055834 -9.9634002066006104 0.0093504143013714 0.9999562834821423 -0.0000296137504798 -0.0351858451906771 -0.0034236227218606 0.0000616285619159 0.9999941374875049 0.2508010053448275
0.9999319129610745 -0.0110224068622293 0.0038309253411659 -10.1643984005910397 0.0110230156291375 0.9999392352184818 -0.0001378300310596 -0.0307528826756579 -0.0038291733371444 0.0001800489965307 0.9999926524799635 0.2429771886228753
0.9999195106726005 -0.0119855212346170 0.0041616651717374 -10.3373202972801490 0.0119877512509376 0.9999280135970662 -0.0005113157254357 -0.0243826404540389 -0.0041552372029467 0.0005611635768454 0.9999912095109773 0.2474947072891039
0.9999020568686366 -0.0132900880738273 0.0043875082745929 -10.5902724851296703 0.0132930587918677 0.9999114330192133 -0.0006486180843137 -0.0201775581184299 -0.0043784994947650 0.0007068779620714 0.9999901644844919 0.2560972892118045
0.9999003142602757 -0.0135655918542701 0.0039161537055132 -10.7917971029644200 0.0135676854830419 0.9999078253999665 -0.0005085415847295 -0.0293566244433913 -0.0039088940680323 0.0005616240321651 0.9999922025324054 0.2699944669078479
0.9998989394161774 -0.0137065367645953 0.0037738315177531 -10.9802631848058816 0.0137081219021001 0.9999059614651442 -0.0003944874938133 -0.0401043088688402 -0.0037680695748292 0.0004461797691602 0.9999928012617355 0.2722744208473368
0.9998747297459641 -0.0152165129816669 0.0043568966150217 -11.2080604090797120 0.0152180891376418 0.9998841441036190 -0.0003288360869114 -0.0478072040243876 -0.0043513881042736 0.0003950985345822 0.9999904546137998 0.2676807093068515
0.9998557435109751 -0.0162868154310685 0.0048199389238459 -11.4040020722569491 0.0162889871751415 0.9998672409040392 -0.0004116597528449 -0.0423610824926492 -0.0048125944066968 0.0004901122915698 0.9999882992940559 0.2661660723601192
0.9998457679838452 -0.0170605979573780 0.0041684819936753 -11.5998505313854086 0.0170637404371384 0.9998541449289216 -0.0007194655996917 -0.0622233080919148 -0.0041555994860973 0.0007904845298186 0.9999910530235354 0.2699258600425940
0.9998361344415218 -0.0176817728353273 0.0038806152134873 -11.8203348389796865 0.0176855174746797 0.9998431639044859 -0.0009327728127038 -0.0604180828087027 -0.0038635135159679 0.0010012506515366 0.9999920353485046 0.2721649788914369
0.9998179374413141 -0.0188197093643967 0.0031480962558771 -12.0316329850716635 0.0188234133175735 0.9998221612211631 -0.0011511047382183 -0.0698233314720622 -0.0031258729456620 0.0012101530821323 0.9999943822081429 0.2849828818255237
0.9997961296529537 -0.0199749162841134 0.0029498898991153 -12.2344115677029972 0.0199780093227386 0.9997998964847045 -0.0010228062743533 -0.0610175910342249 -0.0029288691460717 0.0010815306823888 0.9999951259965761 0.2896258613120902
0.9997747115665969 -0.0210860387546818 0.0024300373585689 -12.4341142434768628 0.0210887628630723 0.9997770011915067 -0.0011008948283556 -0.0643890411048591 -0.0024062819521178 0.0011518932910876 0.9999964414681749 0.3021186594399738
0.9997804368778825 -0.0208829311814689 0.0017266214235805 -12.6354773247243752 0.0208853204881573 0.9997809288756648 -0.0013775502240377 -0.0862531453329992 -0.0016974758841564 0.0014133088066028 0.9999975605639445 0.3066145748187153
0.9997694296772442 -0.0214153408667104 0.0015718328156439 -12.8427245804021002 0.0214184614995502 0.9997686057455279 -0.0019961143843247 -0.1005833052385750 -0.0015287216326122 0.0020293203802324 0.9999967724292735 0.3087347414038064
0.9997344614585019 -0.0230073452816882 0.0012917566985962 -13.0335824438615102 0.0230103737402032 0.9997323916973143 -0.0023806913919711 -0.1039988535400448 -0.0012366376249144 0.0024097830310673 0.9999963318298362 0.3045237619080071
0.9997033954328520 -0.0243472613338591 0.0005762165977729 -13.2222650152710717 0.0243489467992124 0.9996986351501035 -0.0031253269891912 -0.1027617143006024 -0.0004999497933848 0.0031384302702164 0.9999949501400710 0.3269803697091912
0.9996758425022342 -0.0254372701550998 0.0010748044029997 -13.4079568649150325 0.0254405384246294 0.9996713893340002 -0.0031452109141915 -0.1148983142097454 -0.0009944456310900 0.0031715349732051 0.9999944762066442 0.3223061918355810
0.9996598625099421 -0.0260548319293125 0.0011423746053460 -13.5715260795786090 0.0260580990320837 0.9996560922655551 -0.0029449399304756 -0.1178110224932347 -0.0010652518189532 0.0029737063565971 0.9999950111420891 0.3168478336270066
0.9996358590079254 -0.0269695359900702 0.0008907940094728 -13.7873836527321405 0.0269720977785588 0.9996316812849121 -0.0030012852120044 -0.1330533119213315 -0.0008095226438262 0.0030242189041539 0.9999950993745463 0.3305713159743235
0.9996461261534134 -0.0265967367413921 0.0004858612794836 -13.9802350641368758 0.0265982339763873 0.9996404525569840 -0.0033911002647571 -0.1554020975982542 -0.0003954943882975 0.0034028232950541 0.9999941321716900 0.3408405321127771
0.9996280808796920 -0.0272571302468248 0.0008653135220881 -14.1758936200139001 0.0272601849044049 0.9996213756156818 -0.0037400175387039 -0.1465733223757763 -0.0007630437481107 0.0037622151612833 0.9999926317235136 0.3421317929794729
0.9996015377990145 -0.0281751567465417 0.0017106057854380 -14.3614991132319361 0.0281810625746820 0.9995965930459256 -0.0035325462686145 -0.1367098737078576 -0.0016103856703359 0.0035793453711333 0.9999922974426888 0.3438055049520530
0.9995940975896902 -0.0283311694944285 0.0029974820985219 -14.5480374995364397 0.0283394512898846 0.9995945536952455 -0.0027574849756920 -0.1514312999992687 -0.0029181440062568 0.0028413127038173 0.9999917056544408 0.3482086443533266
0.9996001502849886 -0.0279647305402873 0.0041849009590906 -14.7393058919329647 0.0279712664903856 0.9996075848311838 -0.0015114889650327 -0.1664757729418145 -0.0041409903588525 0.0016279415765634 0.9999901009535400 0.3462671422976186
0.9995941777868517 -0.0280999097340270 0.0046770511615252 -14.9037743963675950 0.0281050895994045 0.9996044272180243 -0.0010454782326217 -0.1620589334762868 -0.0046458232034202 0.0011765028962872 0.9999885160179078 0.3491899309649807
0.9995748629759558 -0.0288376819308910 0.0042990007504206 -15.0997077251204530 0.0288441632846294 0.9995828640371383 -0.0014533298736641 -0.1483807383424307 -0.0042552968179658 0.0015767130889325 0.9999897031594006 0.3627566992724304
0.9996003952981539 -0.0279768714659193 0.0040428186644893 -15.3046101742726872 0.0279845260977912 0.9996066456830666 -0.0018493797150321 -0.1781965200929753 -0.0039894885457359 0.0019617770586275 0.9999901176571275 0.3655175996500264
0.9996030221526194 -0.0279666191794970 0.0034155987789484 -15.4791378807652329 0.0279769081448524 0.9996040599594330 -0.0030026527059800 -0.1779297469964222 -0.0033302723618729 0.0030970186126707 0.9999896588273843 0.3814022536127330
0.9995811449571164 -0.0287662694384108 0.0031680260126974 -15.6633624027928420 0.0287781061533902 0.9995787665484235 -0.0037563375456141 -0.1787637831508846 -0.0030586357162267 0.0038459339735805 0.9999879266968308 0.3721619461939660
0.9995565454606694 -0.0296396205162223 0.0028644933909890 -15.8419032258510217 0.0296521350080493 0.9995504626832227 -0.0044298351233303 -0.1694679706647357 -0.0027319070623111 0.0045128090375956 0.9999860855223902 0.3857928077463312
0.9995853961978611 -0.0286433698560121 0.0029313940807666 -16.0228348464242245 0.0286576857250686 0.9995769580728636 -0.0049640647340574 -0.1962205433673506 -0.0027879664359986 0.0050460135842475 0.9999833823569566 0.3724744559420908
0.9995784785120231 -0.0289775233884449 0.0017800095115083 -16.1997679416334961 0.0289871571367809 0.9995638246629650 -0.0056484640631776 -0.2081308886305956 -0.0016155546157601 0.0056976805296160 0.9999824630561608 0.3797140832012813
0.9995736303502144 -0.0291952795488124 0.0004395003523679 -16.3655426923691607 0.0291980392963645 0.9995338573435046 -0.0089186616295574 -0.2245532939088473 -0.0001789126630300 0.0089276915314810 0.9999601313623347 0.3687162250734979
0.9995546708205889 -0.0298331184965008 0.0006671443005664 -16.5174011140966712 0.0298381034340995 0.9995098582288678 -0.0094726388490421 -0.2156646077992821 -0.0003842189480192 0.0094883267272024 0.9999549109993500 0.3633443845981543
0.9995449735526961 -0.0301631500035808 0.0001738602932685 -16.6743623513521371 0.0301633976943958 0.9994963491102703 -0.0098598962859853 -0.2254161129430951 0.0001236328023168 0.0098606539895766 0.9999513749267152 0.3959415303936798
0.9995083449181247 -0.0313454443994941 0.0007290777938164 -16.8333875610129162 0.0313510989653348 0.9994601549659026 -0.0098238093018799 -0.2332227819011401 -0.0004207525365266 0.0098418367661806 0.9999514794310627 0.3982168628839753
0.9994639733578898 -0.0327243656531129 0.0009390698912884 -16.9691362738813787 0.0327319624215100 0.9994168157898032 -0.0097286665379831 -0.2185235494030086 -0.0006201577994494 0.0097541893139194 0.9999522344567925 0.4060622308329135
0.9994191779796857 -0.0340687014044236 0.0007938961049992 -17.0917195307951388 0.0340746186208714 0.9993760036276663 -0.0093018137498463 -0.2292927534364242 -0.0004765000015466 0.0093234627585940 0.9999564220454498 0.4072456224273241
0.9993641925121836 -0.0356539462287853 0.0000827211352363 -17.2544474726964694 0.0356533300311211 0.9993268773228752 -0.0086389998149723 -0.2439821688168388 0.0002253489811092 0.0086364563581379 0.9999626797233038 0.4139235780377410
0.9993231288870645 -0.0367839259063742 -0.0004763048202999 -17.3861946196233426 0.0367787729514864 0.9992896052401831 -0.0082223305152516 -0.2524558823163489 0.0007784160523022 0.0081992471504033 0.9999660826321142 0.4138673114443788
0.9992659423896012 -0.0382825571773922 -0.0014220394445669 -17.5219249783402802 0.0382706175555554 0.9992381843649281 -0.0076426918686113 -0.2551282680204336 0.0017135379011336 0.0075826593647492 0.9999697830758786 0.4300902635856869
0.9991955002018365 -0.0400890051007796 -0.0011063663188362 -17.6246864267720795 0.0400803685996689 0.9991722391840833 -0.0069570465558227 -0.2600048490672300 0.0013843515870122 0.0069071060434075 0.9999751874205622 0.4368971484266436
0.9991021515313859 -0.0423659107242894 0.0001428770701924 -17.7799255997797516 0.0423660757741925 0.9990882981998215 -0.0052619410562927 -0.2745642871840602 0.0000801801161171 0.0052632697713556 0.9999861456852605 0.4296628368769677
