1.0000000000000000 0.0000000000000207 0.0000000000000007 -0.0000000000000004 -0.0000000000000207 1.0000000000000000 0.0000000000000019 0.0000000000000007 -0.0000000000000007 -0.0000000000000019 1.0000000000000000 0.0000000000000000
0.9999999982493311 0.0000081335994424 -0.0000586104296753 0.0050477841080319 -0.0000081378254732 0.9999999973674049 -0.0000721038566749 0.0020241872004024 0.0000586098430572 0.0000721043335101 0.9999999956829256 0.0018866185731055
0.9999999992196623 -0.0000380952087232 0.0000104608977572 0.0032759518944573 0.0000380955614537 0.9999999987058172 -0.0000337208215819 0.0024717156028645 -0.0000104596131419 0.0000337212200694 0.9999999993767379 0.0008355989928675
0.9999999969099285 -0.0000737910576597 0.0000271113064661 0.0012691552740163 0.0000737927374537 0.9999999953575849 -0.0000619633932048 0.0039887271266359 -0.0000271067339959 0.0000619653936308 0.9999999977127575 0.0000320836905849
0.9999999988911052 -0.0000270951104928 -0.0000385181046519 0.0048673067514841 0.0000270928477592 0.9999999979075609 -0.0000587439845551 0.0034208140799878 0.0000385196962460 0.0000587429409248 0.9999999975327499 0.0010178532726916
0.9999999977688121 -0.0000433037897871 -0.0000508641096798 0.0031416035014710 0.0000432986693872 0.9999999939958898 -0.0001006650172845 0.0028185945575558 0.0000508684685511 0.0001006628147117 0.9999999936396983 0.0025408978821176
0.9999999997012128 0.0000025235355409 -0.0000243147337742 0.0030091233615540 -0.0000025247981687 0.9999999986485222 -0.0000519286153994 -0.0009239818729913 0.0000243146026976 0.0000519286767737 0.9999999983561063 0.0006314602604253
0.9999999972460669 -0.0000739662961644 0.0000060706754846 -0.0005801457922400 0.0000739666152296 0.9999999958824022 -0.0000525750451832 0.0010882522569857 -0.0000060667866783 0.0000525754940657 0.9999999985995057 0.0004403544087308
0.9999999958438930 -0.0000910702014141 0.0000042933056532 0.0009715005887896 0.0000910703910096 0.9999999948771016 -0.0000441812268298 0.0051513398754518 -0.0000042892820380 0.0000441816176392 0.9999999990147933 0.0003731038743329
0.9999999964901052 -0.0000837732177073 0.0000013556055103 0.0022296848919104 0.0000837732661952 0.9999999958499153 -0.0000358079493297 0.0057691258765939 -0.0000013526057575 0.0000358080627675 0.9999999993579766 0.0002160991827492
0.9999999970106215 -0.0000692775856919 -0.0000343420023388 0.0023806181321562 0.0000692754848580 0.9999999957294894 -0.0000611713044635 0.0054496988788226 0.0000343462399924 0.0000611689252217 0.9999999975393492 0.0011119861359567
0.9999999995062351 -0.0000269289662486 -0.0000161975470672 0.0038603779943265 0.0000269282566240 0.9999999986778094 -0.0000438092477598 0.0044742075971693 0.0000161987267836 0.0000438088115665 0.9999999989091947 0.0000460621851124
0.9999999996626132 -0.0000189257156350 -0.0000177930009250 0.0045007606238936 0.0000189241855713 0.9999999961239108 -0.0000859886838477 0.0033120717398899 0.0000177946282534 0.0000859883471007 0.9999999961446777 0.0012347728631868
0.9999999990418077 -0.0000425208041248 -0.0000104098899696 0.0038026300428754 0.0000425205026447 0.9999999986766788 -0.0000289594440159 0.0042656039169701 0.0000104111213347 0.0000289590013544 0.9999999995264924 -0.0001720677365930
0.9999999986680677 -0.0000510423718003 -0.0000076512124985 0.0016314942243137 0.0000510418829582 0.9999999966572028 -0.0000638773857183 0.0045280441894866 0.0000076544729262 0.0000638769951009 0.9999999979305693 0.0006552636420443
0.9999999999648703 0.0000083711569055 -0.0000004278673317 0.0042437398009523 -0.0000083711572264 0.9999999999646806 -0.0000007500843448 0.0006968170207247 0.0000004278610526 0.0000007500879265 0.9999999999996272 -0.0004230595460126
0.9999999999913709 0.0000007809218652 0.0000040802372312 0.0028922275124670 -0.0000007809237020 0.9999999999995938 0.0000004501654222 -0.0005063575788839 -0.0000040802368797 -0.0000004501686085 0.9999999999915745 -0.0002414817190463
0.9999999968018981 -0.0000790877523931 -0.0000118882827177 -0.0002485809031167 0.0000790869738467 0.9999999947291530 -0.0000654747621943 0.0032180156141026 0.0000118934609068 0.0000654738217766 0.9999999977858621 0.0013868938285352
0.9999999990470845 -0.0000399258764861 -0.0000176565976917 0.0040778886381689 0.0000399251076897 0.9999999982551355 -0.0000435398058695 0.0037975765167520 0.0000176583360258 0.0000435391008865 0.9999999988962649 0.0005965444032038
0.9999999993024694 -0.0000370324211365 -0.0000048642615858 0.0041442107493848 0.0000370322631655 0.9999999987870928 -0.0000324719238336 0.0042138418280037 0.0000048654640938 0.0000324717436764 0.9999999994609565 0.0000862278803601
0.9999999996305354 -0.0000241492337488 -0.0000124797326836 0.0040447005052759 0.0000241482433754 0.9999999965600133 -0.0000793526036593 0.0046950886870837 0.0000124816489452 0.0000793523022664 0.9999999967737103 0.0007840820376598
0.9999999994536950 0.0000091128398254 -0.0000317736698830 0.0057494417940366 -0.0000091127008168 0.9999999999489085 0.0000043751064888 0.0028842072970797 0.0000317737097510 -0.0000043748169424 0.9999999994856462 -0.0004817521113992
0.9999999975957966 -0.0000692553027366 -0.0000034799188949 0.0007256644492626 0.0000692550629922 0.9999999952319389 -0.0000688466299163 0.0037204890711466 0.0000034846868725 0.0000688463887487 0.9999999976240158 0.0007261044813554
0.9999999993167618 -0.0000368634342060 0.0000027502186507 0.0025546026580578 0.0000368635572566 0.9999999983190129 -0.0000447554722128 0.0014006588616914 -0.0000027485688057 0.0000447555735651 0.9999999989946921 0.0008184179696073
0.9999999989283005 -0.0000457843160357 -0.0000068698867502 0.0028446652070987 0.0000457840998353 0.9999999984568034 -0.0000314675904541 0.0041164562273803 0.0000068713274617 0.0000314672758888 0.9999999994812977 0.0002232596041177
0.9999999991185359 -0.0000419608203464 0.0000014892370995 0.0037914772365596 0.0000419608652764 0.9999999986641481 -0.0000301826015837 0.0057574823502662 -0.0000014879706108 0.0000301826640468 0.9999999995433964 -0.0001611044075623
0.9999999959538857 -0.0000890823797700 -0.0000125123250901 0.0016507156186319 0.0000890816806168 0.9999999944716881 -0.0000558666084768 0.0055996665625788 0.0000125173017514 0.0000558654936318 0.9999999983611819 0.0005590230144861
0.9999999999592296 0.0000082537458250 -0.0000036628525853 0.0028153051287050 -0.0000082538305529 0.9999999996983864 -0.0000231322596496 -0.0010444162182182 0.0000036626616564 0.0000231322898812 0.9999999997257411 0.0003828941406748
0.9999999986719875 0.0000467324717560 -0.0000217278837169 0.0065704718457195 -0.0000467326859603 0.9999999988594370 -0.0000098580951101 -0.0017302511815517 0.0000217274229990 0.0000098591104994 0.9999999997153585 0.0000015001045730
0.9999999992264841 0.0000374393932790 -0.0000120550254584 0.0078143518324634 -0.0000374396520395 0.9999999990687537 -0.0000214654384884 0.0015498735119662 0.0000120542217942 0.0000214658898077 0.9999999996969556 0.0003166822844728
0.9999999998837683 -0.0000152466289539 0.0000000609004216 0.0052568961112064 0.0000152466323892 0.9999999982699564 -0.0000568122108152 0.0013260733647703 -0.0000000600342268 0.0000568122117371 0.9999999983861845 0.0011238378800047
0.9999999985982714 -0.0000505143246483 -0.0000158669555429 0.0020233098760139 0.0000505136931692 0.9999999979323123 -0.0000397962574066 0.0039086201772456 0.0000158689657912 0.0000397954558522 0.9999999990822488 0.0008975571552915
0.9999999963636396 -0.0000851880126457 0.0000039652611292 0.0018367566102994 0.0000851882003492 0.9999999952499582 -0.0000473608924863 0.0046168982984366 -0.0000039612265300 0.0000473612301075 0.9999999988706113 0.0004930105524819
0.9999999997507130 -0.0000119164259620 -0.0000188831394155 0.0059737425566279 0.0000119156886833 0.9999999991667944 -0.0000390439194273 0.0030399874103734 0.0000188836046637 0.0000390436944120 0.9999999990594997 -0.0002166176096631
0.9999999971146354 -0.0000758033203648 -0.0000049584024185 0.0015567772878475 0.0000758030763850 0.9999999959172658 -0.0000491870086903 0.0031390735582639 0.0000049621309368 0.0000491866326862 0.9999999987780263 0.0006399148012391
0.9999999939184905 -0.0001099686690787 -0.0000083612708813 0.0002424742754213 0.0001099684176649 0.9999999935015705 -0.0000300633649494 0.0036657109110114 0.0000083645768552 0.0000300624452908 0.9999999995131417 -0.0002447593860566
0.9999999953643292 -0.0000962339727987 -0.0000032193483088 0.0015113714558569 0.0000962338112980 0.9999999941131066 -0.0000501282391040 0.0050659364092397 0.0000032241723294 0.0000501279290615 0.9999999987383977 0.0002175482628128
0.9999999992649857 -0.0000345535167947 -0.0000166157472288 0.0038653763688514 0.0000345526340880 0.9999999979920811 -0.0000531220600918 0.0015553051145430 0.0000166175827494 0.0000531214859349 0.9999999984509819 0.0005666410664420
0.9999999986667287 -0.0000510624700706 -0.0000076919818433 0.0025561035059274 0.0000510620661254 0.9999999973178851 -0.0000525061433350 0.0011117419251214 0.0000076946629160 0.0000525057504965 0.9999999985919692 0.0001850375834292
0.9999999997242236 -0.0000225559728894 -0.0000065407145748 0.0043856823640216 0.0000225558913223 0.9999999996678595 -0.0000124704788592 0.0006520507685089 0.0000065409958564 0.0000124703313241 0.9999999999008531 0.0002416076649208
0.9999999998114572 -0.0000149554793409 -0.0000123862598402 0.0039910547823222 0.0000149554685164 0.9999999998877851 -0.0000008739988601 0.0023248416295637 0.0000123862729099 0.0000008738136176 0.9999999999229083 -0.0002489352876703
0.9999999976492097 -0.0000677571876676 0.0000105140010522 0.0029857790673375 0.0000677573431657 0.9999999975950996 -0.0000147899692652 0.0023266927098868 -0.0000105129989002 0.0000147906816312 0.9999999998353563 -0.0001069948251511
0.9999999998210544 0.0000015628308397 -0.0000188533523773 0.0057619685283511 -0.0000015635920095 0.9999999991837787 -0.0000403732320016 0.0007564565366028 0.0000188532892654 0.0000403732614733 0.9999999990072767 0.0005140322592063
0.9999999967410564 -0.0000804766683523 0.0000064337295953 0.0016290305184071 0.0000804769880532 0.9999999955263555 -0.0000497065717650 0.0013385201580065 -0.0000064297293472 0.0000497070893701 0.9999999987439320 0.0002643173617351
0.9999999985084902 -0.0000538432844701 -0.0000091608007622 0.0034364605860899 0.0000538431283285 0.9999999984052109 -0.0000170439318731 0.0028823154541238 0.0000091617184489 0.0000170434386015 0.9999999998127921 -0.0002704882992700
0.9999999998995297 0.0000050724698080 -0.0000132367163803 0.0044002211178513 -0.0000050727820667 0.9999999997088794 -0.0000235904213858 0.0008159781372021 0.0000132365967147 0.0000235904885304 0.9999999996341407 0.0007245973055869
0.9999999996584251 0.0000113308216057 -0.0000235533933226 0.0054783674260214 -0.0000113319414253 0.9999999988055640 -0.0000475442864145 0.0007971211989951 0.0000235528545786 0.0000475445533039 0.9999999985923892 0.0007644456510415
0.9999999999610851 -0.0000030584848734 -0.0000082749828663 0.0057994090445013 0.0000030577981871 0.9999999965523069 -0.0000829821430376 0.0010893766783547 0.0000082752366374 0.0000829821177311 0.9999999965227443 0.0008315474273446
0.9999999995613207 -0.0000268209843419 -0.0000125695445728 0.0045028633558395 0.0000268201171441 0.9999999972607323 -0.0000689870767937 0.0019196512746402 0.0000125713948397 0.0000689867396467 0.9999999975413949 0.0009931136757332
0.9999999996127116 -0.0000170590660800 -0.0000219901151936 0.0053576589239435 0.0000170578336451 0.9999999982840549 -0.0000560439145494 0.0016112617757677 0.0000219910712127 0.0000560435394239 0.9999999981877572 0.0011799928614823
0.9999999996879518 -0.0000193182768989 -0.0000158398422118 0.0052770044469404 0.0000193177475826 0.9999999992550899 -0.0000334162381300 0.0018288133524152 0.0000158404877442 0.0000334159321295 0.9999999993162272 0.0002868643663226
0.9999999996778720 0.0000136981099007 -0.0000213686178734 0.0071736389406530 -0.0000136992979021 0.9999999983606814 -0.0000555964594084 0.0026137532884695 0.0000213678562719 0.0000555967521256 0.9999999982262079 0.0003732660718678
0.9999999997861543 -0.0000048941126977 -0.0000200932585694 0.0069198301291529 0.0000048924607958 0.9999999966087098 -0.0000822109742313 0.0023931441483436 0.0000200936608511 0.0000822108759082 0.9999999964188083 0.0010787789633385
0.9999999998165925 -0.0000048207722794 -0.0000185357836149 0.0058762571925382 0.0000048201826287 0.9999999994824006 -0.0000318113915052 0.0022473532001511 0.0000185359369608 0.0000318113021535 0.9999999993222300 0.0000738130591803
0.9999999999068075 0.0000135201894979 0.0000018945448344 0.0062277258674910 -0.0000135201349565 0.9999999994942935 -0.0000287857407827 0.0017267308188412 -0.0000018949340221 0.0000287857151655 0.9999999995838960 0.0002073033354648
0.9999999998513687 0.0000058772361296 -0.0000162086630971 0.0073109816967209 -0.0000058785285503 0.9999999968036856 -0.0000797375176915 0.0021168096185670 0.0000162081944090 0.0000797376129627 0.9999999966896037 0.0013245539168975
0.9999999982353150 -0.0000565144152807 -0.0000183164079227 0.0029936107698890 0.0000565134026978 0.9999999968752541 -0.0000552786316717 0.0024229992319696 0.0000183195319050 0.0000552775964516 0.9999999983043910 0.0010173658681660
0.9999999992746221 -0.0000361253263376 -0.0000120713062760 0.0050122162365848 0.0000361246525453 0.9999999977899462 -0.0000558132345455 0.0031874920951812 0.0000120733225207 0.0000558127984333 0.9999999983695832 0.0005129680600263
0.9999999946586808 0.0001023091026219 -0.0000146794345370 0.0147251932574023 -0.0001023104111481 0.9999999907909078 -0.0000891670563836 -0.0018979735454341 0.0000146703118003 0.0000891685577663 0.9999999959168752 0.0021706134974577
0.9999999123617843 0.0004155927541253 0.0000505874144335 0.0330520357844220 -0.0004155822413092 0.9999998920867926 -0.0002076482693451 -0.0048912627122987 -0.0000506737060906 0.0002076272279161 0.9999999771615546 0.0055847354807446
0.9999998876323628 0.0004728658705984 0.0000336620001856 0.0382417660117718 -0.0004728594511662 0.9999998700652469 -0.0001904558442561 -0.0017780980961174 -0.0000337520558804 0.0001904399054601 0.9999999812967204 0.0062953169627721
0.9999999433519857 0.0003365924825844 0.0000012353053785 0.0280367710062927 -0.0003365922067715 0.9999999198370308 -0.0002168677435228 0.0038709669826424 -0.0000013083013317 0.0002168673154435 0.9999999764834276 0.0080513445662672
0.9999999930537382 0.0000435194231517 0.0001095380454353 0.0066505375754955 -0.0000435007507383 0.9999999845252456 -0.0001704617057689 0.0029435997863006 -0.0001095454621354 0.0001704569395976 0.9999999794721115 0.0053190427225057
0.9999999646046119 -0.0002273676198730 0.0001381837192584 -0.0114041514931298 0.0002273916047119 0.9999999590813142 -0.0001735811855063 0.0018700493395234 -0.0001381442468631 0.0001736126011800 0.9999999753874156 0.0055100493130976
0.9999999432666349 -0.0003253959556292 0.0000870873067900 -0.0167377455926627 0.0003254201946866 0.9999999082805100 -0.0002784612513590 0.0087637834385879 -0.0000869966886374 0.0002784895755292 0.9999999574375653 0.0091275823278947
0.9999999110483158 -0.0003875428378790 0.0001664749509182 -0.0253223264524512 0.0003876119398402 0.9999998386589908 -0.0004152577230045 0.0004916912420727 -0.0001663139939026 0.0004153222137453 0.9999998999235521 0.0144570027727176
0.9999995885439023 -0.0007340692014545 0.0005329675728563 -0.0555745929470042 0.0007343414881131 0.9999995998760918 -0.0005108720339957 -0.0073981952288708 -0.0005325923441772 0.0005112632039948 0.9999997274776284 0.0177222691862313
0.9999981189432973 -0.0017333581920205 0.0008703902832957 -0.1103179370183027 0.0017338301421576 0.9999983501595812 -0.0005417666968214 -0.0017720422306686 -0.0008694497715485 0.0005432747866361 0.9999994744546624 0.0154865035174724
0.9999950048754817 -0.0030179728627303 0.0009391825622690 -0.1838540072821420 0.0030186254968243 0.9999952029428945 -0.0006942559392461 0.0033360310948476 -0.0009370828113722 0.0006970875117799 0.9999993179721702 0.0180194246029632
0.9999887446778135 -0.0046351554170706 0.0010128434974879 -0.2664026757111493 0.0046357584610874 0.9999890784756226 -0.0005938627498408 -0.0089559482832711 -0.0010100797895510 0.0005985513635375 0.9999993107373044 0.0194947008671799
0.9999772404467931 -0.0066595538769912 0.0010811709281659 -0.3581451565257417 0.0066603099641837 0.9999775768160598 -0.0006972347253056 -0.0056706001955825 -0.0010765034126532 0.0007044197900606 0.9999991724662386 0.0200260228217446
0.9999611425149164 -0.0087224662976764 0.0012775139720789 -0.4385384228311017 0.0087232281157328 0.9999617766976860 -0.0005919753777713 -0.0187974671764959 -0.0012723016559944 0.0006030964208963 0.9999990087611104 0.0171189189137445
0.9999456631771063 -0.0103251643133196 0.0014358534743808 -0.5173455487735751 0.0103266909875141 0.9999461165447000 -0.0010599341591133 -0.0279913349751301 -0.0014248321112802 0.0010747041807919 0.9999984074309211 0.0260910176982028
0.9999170620564377 -0.0127704670781276 0.0016685859368047 -0.6309624908363193 0.0127722162719365 0.9999178891048064 -0.0010418923605071 -0.0313979408858588 -0.0016551434756309 0.0010631174885504 0.9999980651387684 0.0229599810549339
0.9998735585511602 -0.0158023675265256 0.0017754128522932 -0.7473714622759445 0.0158044155559977 0.9998744462527553 -0.0011455041157269 -0.0369022679177444 -0.0017570882655168 0.0011734186390279 0.9999977678622711 0.0249195640550760
0.9998316711206009 -0.0182325097392422 0.0020506127852493 -0.8719269887391984 0.0182354014551240 0.9998327404821683 -0.0014004262520620 -0.0309100124683493 -0.0020247365154638 0.0014375842672483 0.9999969168920060 0.0217101968699177
0.9997838400665241 -0.0206775525646687 0.0021707053624070 -0.9997737131967668 0.0206801954203647 0.9997854190870548 -0.0012022055971323 -0.0527674488874510 -0.0021453809010404 0.0012468363395450 0.9999969213652269 0.0080898387667723
0.9997182253900304 -0.0236201815369627 0.0023572965806657 -1.1711156824862217 0.0236242411267968 0.9997194472195591 -0.0017094098988263 -0.0661113639678049 -0.0023162586624243 0.0017646175733478 0.9999957605263278 0.0047886955450703
0.9996743005032607 -0.0253852024605249 0.0026238158004515 -1.3033645769895945 0.0253891691422169 0.9996765331176037 -0.0014897060906407 -0.0804859963124958 -0.0025851505922169 0.0015558373972724 0.9999954481728448 0.0035378180922380
0.9996215578999096 -0.0273389289756296 0.0030535134227927 -1.4713719818351305 0.0273437540798653 0.9996248883162612 -0.0015497649893256 -0.0719191631615312 -0.0030099990992592 0.0016326730131208 0.9999941371249407 0.0202961108141953
0.9995772675103930 -0.0288800670895083 0.0033508209981497 -1.6552842306283557 0.0288835690433726 0.9995822810230779 -0.0010014509559869 -0.0647344402963550 -0.0033204993258347 0.0010978112797831 0.9999938845286110 0.0386418363640303
0.9995158433863748 -0.0309319807683568 0.0033602656695472 -1.8560933585313772 0.0309338547686440 0.9995213051409355 -0.0005071474276535 -0.0720779135024122 -0.0033429700531672 0.0006108478590781 0.9999942256913871 0.0511939361276269
0.9994520397819371 -0.0329336105196263 0.0033162439395680 -2.0546563342655269 0.0329352754995994 0.9994573859329002 -0.0004487002777169 -0.0808202177562392 -0.0032996671787701 0.0005576758155885 0.9999944005814203 0.0578110621563880
0.9994237210963832 -0.0337869253439073 0.0032664025569528 -2.2701725039002731 0.0337899080440323 0.9994285860218302 -0.0008622973855614 -0.1101018527858215 -0.0032354017114832 0.0009721719038037 0.9999942935124954 0.0524288943238825
0.9993719366907186 -0.0352226130103846 0.0038858316694228 -2.5201279988403189 0.0352343428766961 0.9993745971088382 -0.0029926135057355 -0.1243417399273562 -0.0037779937916600 0.0031276486803953 0.9999879722159873 0.0530477345942894
0.9993190916664778 -0.0366011441667693 0.0046593214708910 -2.7511986355187656 0.0366178956865964 0.9993229910868980 -0.0035621904245990 -0.1287161287352398 -0.0045257868234460 0.0037303794470447 0.9999828006134954 0.0563360859103131
0.9992881576135841 -0.0373265721990845 0.0054685520126498 -3.0040780981811670 0.0373405544467241 0.9992995273606134 -0.0024774201229916 -0.1458733043728471 -0.0053722478404996 0.0026798553545122 0.9999819785018224 0.0637145123166584
0.9992623808526325 -0.0379066488670845 0.0061465587442114 -3.2582196785904673 0.0379176795764662 0.9992794403719163 -0.0016880833884089 -0.1355492990310562 -0.0060781401978659 0.0019199014707402 0.9999796848886870 0.0661020761920807
0.9992542803019787 -0.0380779114171320 0.0063996843893760 -3.5189664045689759 0.0380891164548920 0.9992730035494332 -0.0016381651260822 -0.1547249486243214 -0.0063326539349826 0.0018807018380606 0.9999781799893116 0.0844164317718251
0.9992560201610223 -0.0380020348803145 0.0065765885464944 -3.7964657081726743 0.0380146167057450 0.9992755642739027 -0.0017987667409925 -0.1568736600208822 -0.0065034674343627 0.0020474349876286 0.9999767561905135 0.0928907793758043
0.9992541659161885 -0.0381581039847669 0.0059220772901137 -4.1041082448251203 0.0381699114922945 0.9992694690002204 -0.0018937213860717 -0.1775414485040241 -0.0058454902115023 0.0021183541501309 0.9999806712231402 0.0993452892153832
0.9992209481947761 -0.0390177199394741 0.0059257252262685 -4.4385098557106932 0.0390295160787146 0.9992362741454838 -0.0018882019258738 -0.1910040028679245 -0.0058475262627736 0.0021180091067515 0.9999806600499981 0.1006992645181625
0.9992157840866769 -0.0391736050118060 0.0057658912950757 -4.7422449269703932 0.0391862741982902 0.9992297144007095 -0.0021008981729060 -0.2013132703772359 -0.0056791501568485 0.0023251944124129 0.9999811701849393 0.1126325718363129
0.9991656417339547 -0.0405767282786877 0.0046421439628701 -5.1045055610967456 0.0405860627207575 0.9991741735189248 -0.0019345504905166 -0.2270527325248206 -0.0045598126278615 0.0021213427283596 0.9999873539269523 0.1288618110709218
0.9991524911270518 -0.0410142334624219 0.0034831204539204 -5.4214525741994510 0.0410202371605956 0.9991569201601068 -0.0016700417535104 -0.2368280566231047 -0.0034116884229153 0.0018115048053848 0.9999925393883922 0.1397890700764254
0.9990999618544030 -0.0423474994938758 0.0024403911872247 -5.7735436282002537 0.0423520240547367 0.9991010687630772 -0.0018331543698485 -0.2495990093215582 -0.0023605679396068 0.0019348599672532 0.9999953420071064 0.1394920109448576
0.9990429803315460 -0.0436823201325353 0.0022312234537981 -6.1389610513346682 0.0436872178661544 0.9990428450131738 -0.0021956372876403 -0.2666823391424261 -0.0021331772962489 0.0022910119647054 0.9999951003973971 0.1470804248708105
0.9990144167246089 -0.0443050931157433 0.0026933065912971 -6.5237236445529163 0.0443125013765054 0.9990139167989620 -0.0027561320276400 -0.2937808247304184 -0.0025685400807883 0.0028727627820430 0.9999925748903596 0.1559883402585497
0.9989205261165316 -0.0462990338724455 0.0037658950529506 -6.9218155889487303 0.0463096292904608 0.9989232744353308 -0.0027766934250866 -0.3017406069045342 -0.0036332819945318 0.0029480932609007 0.9999890539441285 0.1592755380182711
0.9988602573366970 -0.0475780475942618 0.0038099475568007 -7.2841792639076877 0.0475892825734499 0.9988627361412004 -0.0029145381553825 -0.3209298143661656 -0.0036669466060683 0.0030925290027736 0.9999884948172930 0.1730406560824835
0.9988238788280605 -0.0483152675719336 0.0040612808718910 -7.7305028251718007 0.0483248715967084 0.9988290209032635 -0.0023008230243998 -0.3318435739964447 -0.0039453603168245 0.0024943778543802 0.9999891060462058 0.1930489912225769
0.9987699743038163 -0.0493045167783677 0.0052538609046822 -8.1430722969066291 0.0493181199708937 0.9987800128293878 -0.0024917895305297 -0.3575099842117364 -0.0051245947830662 0.0027478351077852 0.9999830938223555 0.2044748541401984
0.9987148351244359 -0.0503248483416877 0.0060073073632721 -8.5568795231687886 0.0503480243125713 0.9987246143917626 -0.0037710815220294 -0.3776131463294458 -0.0058098666242365 0.0040686911176935 0.9999748452848188 0.2164372715742255
0.9986385813780482 -0.0517244206846527 0.0067504139189014 -9.0078153651906270 0.0517546664322401 0.9986502001912430 -0.0043854487202527 -0.4104449788661202 -0.0065144674169873 0.0047288437093516 0.9999675993508217 0.2144435253792517
0.9985590865614151 -0.0532038561904508 0.0070071629136310 -9.4692199131268460 0.0532383869583903 0.9985701161292467 -0.0048370784251801 -0.4348720075984286 -0.0067397922594858 0.0052031586645502 0.9999637505130926 0.2301286787464473
0.9984878206023754 -0.0545576895292445 0.0067476382497259 -9.9304147610856717 0.0545890451692216 0.9984985244357196 -0.0045533336362851 -0.4600233960481219 -0.0064890874729259 0.0049147953081696 0.9999668677165496 0.2410062467808806
0.9984183692204660 -0.0558752749053851 0.0062220300057798 -10.4093707660848640 0.0559027272021809 0.9984268345068403 -0.0043291139981438 -0.4994269007536941 -0.0059703512881343 0.0046700953842531 0.9999712721446543 0.2461846727483377
0.9983651255344654 -0.0567890349934198 0.0064870348439995 -10.8938316974795626 0.0568223309526755 0.9983714376404934 -0.0050690441662025 -0.5432015548756104 -0.0061886041766900 0.0054293653561378 0.9999661110108551 0.2519895023510136
0.9982838799635173 -0.0582095046928785 0.0063991068435694 -11.3864209379113550 0.0582477667146256 0.9982843373480662 -0.0059648535850306 -0.5742947721036663 -0.0060409169622020 0.0063273508628848 0.9999617352445611 0.2586285486227091
0.9982500238762271 -0.0588196195941066 0.0060944386055464 -11.8985379345953035 0.0588559801041784 0.9982486380101940 -0.0059691135664526 -0.6015271431653345 -0.0057326640481306 0.0063173619175454 0.9999636130886533 0.2743093482371294
0.9981301888601365 -0.0608398930714977 0.0058850231161018 -12.4408868558081434 0.0608747002279724 0.9981278120359084 -0.0059280445818774 -0.6368261790887971 -0.0055133436481710 0.0062752092761080 0.9999651117865854 0.2932268540794077
0.9980706212782258 -0.0618050833954538 0.0059301439929826 -12.9546026586941974 0.0618439389873681 0.9980639492754181 -0.0066091124428648 -0.6590910431108824 -0.0055101861877069 0.0069631044252361 0.9999605757353337 0.3041571039995177
0.9980205092446047 -0.0625826195901968 0.0062031324642052 -13.4892094070040720 0.0626299212463570 0.9980067338676171 -0.0077493302656745 -0.6894421519218662 -0.0057057945822541 0.0081224922357670 0.9999507333004287 0.3128764108337271
0.9979989362189995 -0.0629207440027910 0.0062532615394481 -14.0326750522816113 0.0629771058954915 0.9979719496727023 -0.0092667038095174 -0.7357926871009279 -0.0056575117121881 0.0096419728583169 0.9999375105078446 0.3469397167187619
0.9979866856195900 -0.0631417273457310 0.0059747463396315 -14.5995458568345899 0.0631885259620914 0.9979695601403781 -0.0079979509850029 -0.7909116512388384 -0.0054576105360928 0.0083593840094697 0.9999501663514130 0.3357664042140238
0.9979518866933552 -0.0637790649502414 0.0049257201753324 -15.1596906077029026 0.0638204944362663 0.9979228636571302 -0.0087694173274558 -0.8220475097766792 -0.0043561835456378 0.0090658184641804 0.9999494160208762 0.3616865493799152
0.9979049496198547 -0.0645441281724833 0.0044460142430593 -15.7615284175183969 0.0645848228973680 0.9978649318769587 -0.0097148536534637 -0.8800272204176929 -0.0038094849403882 0.0099816455881111 0.9999429256591810 0.3876211590491234
0.9978534923801684 -0.0653016342823169 0.0049096135041194 -16.3777382166055610 0.0653491106826165 0.9978100518968693 -0.0102271240609540 -0.8927566890858663 -0.0042310137901506 0.0105260103375177 0.9999356487437989 0.3987590858343867
0.9978045506679855 -0.0659999736566421 0.0054847190978437 -16.9838175576238548 0.0660538334894776 0.9977629024417625 -0.0102995918528002 -0.9251966254671642 -0.0047926764551833 0.0106392663427725 0.9999319158143136 0.4018452795964640
0.9977246279997213 -0.0671225332769732 0.0063349987608145 -17.6122058930197767 0.0671882182759986 0.9976818880818750 -0.0107978478541730 -0.9663847924703485 -0.0055955346227744 0.0111989160130222 0.9999216340655994 0.4234295846830253
0.9977259876369611 -0.0670082748751116 0.0072625541039079 -18.2260196594124935 0.0670840905852586 0.9976893759225987 -0.0107533232781527 -1.0138808023290911 -0.0065252114294886 0.0112160719254613 0.9999158071289619 0.4417152200182295
0.9976591721573334 -0.0678689638221929 0.0083654025633083 -18.8877502513708819 0.0679612439765352 0.9976240795027570 -0.0112900537394086 -1.0566106239438151 -0.0075792827830999 0.0118321488318371 0.9999012724896968 0.4471209206890683
0.9976273111665579 -0.0683438504859693 0.0082985610400428 -19.5358528709505670 0.0684496339453178 0.9975670716226122 -0.0132130703108018 -1.0904283685252250 -0.0073753391336149 0.0137497532718837 0.9998782669193418 0.4809762600701035
0.9976570963965665 -0.0679709326901429 0.0077633960870234 -20.1872482522543955 0.0680831945281894 0.9975630960373999 -0.0152495261275230 -1.1258106351212722 -0.0067079529223653 0.0157423547638004 0.9998535800976471 0.5094536305582256
0.9977549815123028 -0.0665388389840335 0.0075881337653747 -20.8568403372918993 0.0666503190256996 0.9976555204017059 -0.0155305372017170 -1.1986811825699815 -0.0065369596263721 0.0160014223948472 0.9998506001599363 0.5184053434584157
0.9978924797617563 -0.0644716668260741 0.0073486741389439 -21.5264588070252572 0.0645739754613888 0.9978052659915385 -0.0146578597573832 -1.2502198987864865 -0.0063875291032327 0.0151015011248171 0.9998655630312170 0.5270954833916452
0.9979119029083515 -0.0642138795561827 0.0069578521238150 -22.2296013545788682 0.0643053616420411 0.9978343424174588 -0.0138363852361734 -1.2836478031601235 -0.0060542958235563 0.0142549207174766 0.9998800641764087 0.5540793315703292
0.9979301671472470 -0.0639141148725493 0.0070970006006820 -22.9877392508602085 0.0640088295425813 0.9978506446056837 -0.0140342723577048 -1.3116617156349566 -0.0061847585285345 0.0144594944614270 0.9998763282435802 0.5761081726259563
0.9980454157312770 -0.0620916584210095 0.0070692356242375 -23.6911510372985568 0.0621850939353529 0.9979682688183380 -0.0138689770344054 -1.3658261798488136 -0.0061937250531201 0.0142814700314151 0.9998788313509334 0.5954506522768716
0.9981686650082197 -0.0601097802387975 0.0067919448872961 -24.4116645980207672 0.0602063210272981 0.9980726794323754 -0.0150374691699302 -1.4055427719481057 -0.0058749556650684 0.0154188485407358 0.9998638627361284 0.6200802930498139
0.9983028680466930 -0.0577837405933148 0.0072403710396414 -25.1122665457235037 0.0578918270825930 0.9981988850935337 -0.0157328368409992 -1.4548915476714610 -0.0063182281366163 0.0161252944491209 0.9998500161884996 0.6286773707706620
0.9983974178605239 -0.0560921598546968 0.0075010407460154 -25.8852140057857909 0.0562072316962727 0.9982888527065811 -0.0161280397699035 -1.4942061456873008 -0.0065835487755287 0.0165238059965979 0.9998417978464929 0.6396529834545479
0.9984796509835027 -0.0546730953601372 0.0070170660253519 -26.6580243898919349 0.0547793245538732 0.9983708737938144 -0.0159632064948385 -1.5273092464923501 -0.0061328764282536 0.0163233269867626 0.9998479568528402 0.6612278286461787
0.9986164731852213 -0.0521774077648703 0.0065312787452864 -27.4171142992038561 0.0522780919226352 0.9984989922646280 -0.0163328978277219 -1.5634597459620769 -0.0056692669754288 0.0166517436162326 0.9998452774537171 0.6870916980366749
0.9987211591337909 -0.0501696771468846 0.0062489833920731 -28.1893977692563134 0.0502652876835546 0.9986041866859698 -0.0162197160068256 -1.5922150505525310 -0.0054265230623787 0.0165130805190901 0.9998489240976476 0.7152347643831689
0.9988073725604137 -0.0484909115509420 0.0056977202389704 -28.9650389425068795 0.0485753666841135 0.9986951805893066 -0.0157597594904311 -1.6176899263810549 -0.0049260806394912 0.0160177328186930 0.9998595731225871 0.7312910219621196
0.9988687899213977 -0.0472945341189602 0.0049363512266698 -29.7763661865261327 0.0473656760599719 0.9987580182559637 -0.0154568334662008 -1.6530289701657563 -0.0041991966308258 0.0156731621535212 0.9998683507021138 0.7477735943381911
0.9989606232132755 -0.0453390209444716 0.0046953646440795 -30.5761606628379923 0.0454120909594570 0.9988263459730808 -0.0168425824846827 -1.7051705436053726 -0.0039262277104251 0.0170383030217243 0.9998471287982508 0.7911703486979472
0.9989888675510584 -0.0447263797912066 0.0045599846300796 -31.3869834438848869 0.0447928581718602 0.9988728980606885 -0.0157013813607932 -1.7411130174900369 -0.0038525791165704 0.0158897599294072 0.9998663276476193 0.7854445054869419
0.9989812396131021 -0.0448865018523520 0.0046566997464527 -32.2218707930820187 0.0449480373681670 0.9988901064810281 -0.0140793860331452 -1.7609665706183815 -0.0040195569183276 0.0142743520265987 0.9998900369722667 0.8108387001864878
0.9989514260567652 -0.0455365646923431 0.0047402167856713 -33.0752975403259342 0.0455971709514003 0.9988676401009783 -0.0135770232500065 -1.7778366282157017 -0.0041165981567171 0.0137789272123228 0.9998965920456443 0.8409605961664878
0.9989593011804581 -0.0453578408757101 0.0047938352229289 -33.8862846813810847 0.0454183939154347 0.9988783922954674 -0.0133838297719560 -1.8277116425490016 -0.0041813967993046 0.0135876295326321 0.9998989410157862 0.8701218040830871
0.9989926113247646 -0.0446230862837618 0.0047479141777966 -34.7136085532047431 0.0446808493680372 0.9989186837180301 -0.0128485415043473 -1.8878297632182264 -0.0041694386047218 0.0130477388673330 0.9999061817451532 0.8847058007978186
0.9989891254610623 -0.0446979439947919 0.0047771344109607 -35.5973150850284128 0.0447543331638502 0.9989206565694253 -0.0124326804015631 -1.9076066359866322 -0.0042162629900230 0.0126339099864910 0.9999112997885623 0.8970871127637845
0.9989489384955925 -0.0456961963592679 0.0035883027776588 -36.4801222067151087 0.0457364710952740 0.9988804452121526 -0.0120843446046078 -1.9320539547759430 -0.0030320768921787 0.0122357595214594 0.9999205431926343 0.9182456667391945
0.9989480580683121 -0.0457700228839478 0.0028075410506281 -37.3726092125151368 0.0458000601490876 0.9988811960989307 -0.0117775451733167 -1.9815761337103941 -0.0022653414506488 0.0118937414286864 0.9999267008850896 0.9574911578475225
0.9989119975320347 -0.0465423094625087 0.0029384717892598 -38.2538754589176406 0.0465722967601646 0.9988529172112183 -0.0111297328414598 -2.0154792278002294 -0.0024170976487028 0.0112544750448513 0.9999337450203496 0.9787134128279817
0.9988590757529630 -0.0476086708150975 0.0037364754992281 -39.1526257794882113 0.0476489686379070 0.9987972414777979 -0.0115605451465422 -2.0536858091921233 -0.0031815992331536 0.0117253946441545 0.9999261935496832 0.9961659486819894
0.9988161328745266 -0.0484594072015023 0.0042448278239377 -40.0443876261041183 0.0485066899034156 0.9987525412962563 -0.0118516787369409 -2.0980199488760340 -0.0036652072505880 0.0120435504710517 0.9999207564341593 1.0113152865354547
0.9987478667473569 -0.0498707893828547 0.0039500675860919 -40.9515268043972966 0.0499139858323570 0.9986847699305257 -0.0117185462895464 -2.1600323589511685 -0.0033604591845471 0.0119010367255937 0.9999235333958918 1.0251070928322583
0.9986434565190706 -0.0519861312117540 0.0029476962661536 -41.8817967290256234 0.0520160031883049 0.9985837425141085 -0.0111733879745920 -2.1987179718400136 -0.0023626603559235 0.0113115581663536 0.9999332310148972 1.0548463049414825
0.9984803573994073 -0.0550443296172549 0.0026641442413762 -42.8232250396257399 0.0550705958919374 0.9984211158043202 -0.0110681969698313 -2.2398068025077813 -0.0020506963838623 0.0111980932771188 0.9999351965759072 1.1001658039709197
0.9983434574120718 -0.0574352745407309 0.0033956267376830 -43.7436672223625678 0.0574667068836464 0.9982970802501802 -0.0100258248495735 -2.3202149184879204 -0.0028140082551159 0.0102043521301518 0.9999439747081553 1.1205512266011428
0.9981583782434770 -0.0604908473997645 0.0045507497415556 -44.7179599256717779 0.0605309335055207 0.9981233913511028 -0.0092575227098539 -2.3672942287015344 -0.0039822143716900 0.0095159349846263 0.9999467930595439 1.1419200552582429
0.9979873902711121 -0.0632184590074214 0.0049593649373756 -45.6574706326409938 0.0632582334245437 0.9979625011483558 -0.0083211901626963 -2.4398504251165334 -0.0044232074178174 0.0086181635192649 0.9999530801461107 1.1583374647270528
0.9977788384800060 -0.0664661820697837 0.0044312664731823 -46.6190066243651060 0.0665003557923397 0.9977537578763142 -0.0080710174814335 -2.4982511928321287 -0.0038848630583596 0.0083477712450538 0.9999576103786890 1.1759621603222512
0.9975956950733036 -0.0692194130124007 0.0033914647913635 -47.6050419578127801 0.0692445489069949 0.9975679598534472 -0.0079597688721501 -2.5626609060658678 -0.0028322460837906 0.0081754716102473 0.9999625693225076 1.2177191826405060
0.9973177494521246 -0.0731304958829623 0.0030392761739010 -48.6038221841282692 0.0731487082159817 0.9973005772900936 -0.0063894462341544 -2.6217827082637406 -0.0025638085112543 0.0065946272645246 0.9999749685752937 1.2349932627948679
0.9970501660283948 -0.0766539076101511 0.0038916411505533 -49.5951284389343883 0.0766782853231523 0.9970343205981529 -0.0065577518465413 -2.7113868798177485 -0.0033774224863786 0.0068368119378845 0.9999709250872619 1.2640680917471174
0.9967070740851390 -0.0809263121824115 0.0050931783000530 -50.5911841918023057 0.0809623600728306 0.9966902696439485 -0.0073213829643463 -2.7874180255757004 -0.0044838287298448 0.0077096299280944 0.9999602276522268 1.2906229393394686
0.9963192337517635 -0.0855504469005871 0.0053949505473978 -51.5932457954275350 0.0855885180031321 0.9963040325780573 -0.0072718810997438 -2.8708420215560144 -0.0047528983080406 0.0077068608272826 0.9999590062866889 1.2966932362644541
0.9959005803173963 -0.0903394170926703 0.0045633148948982 -52.5994377422698776 0.0903747401566068 0.9958737388494330 -0.0082403041010073 -2.9626102414120297 -0.0038000611967783 0.0086189320340642 0.9999556357886549 1.3370173001554000
0.9954172445519152 -0.0955704214571391 0.0032869121037108 -53.6254477269963417 0.0955943886790836 0.9953871390892240 -0.0081336454829376 -3.0671802521603286 -0.0024944141085631 0.0084105813279840 0.9999615192696069 1.3606550441551086
0.9949361061972286 -0.1004779391127865 0.0025156185609489 -54.6644177075467894 0.1004933149369559 0.9949131109888717 -0.0069996596650694 -3.1860149630915844 -0.0017995105108980 0.0072170169801766 0.9999723378313167 1.3729491155784301
0.9943769317229860 -0.1058950589968266 0.0008684107545429 -55.7066592211255198 0.1058984466745888 0.9943566965762535 -0.0063465711900113 -3.2848333173541522 -0.0001914395185647 0.0064028473368665 0.9999794832379770 1.4037810605545575
0.9938349429831512 -0.1108696410790177 -0.0001696840779351 -56.7369794346112997 0.1108657082350228 0.9938104631938180 -0.0070397431796570 -3.4187040693804951 0.0009491276117064 0.0069775306160939 0.9999752063042754 1.4315942501998444
0.9932083208982678 -0.1163475989722823 -0.0006837483662900 -57.7514000621623040 0.1163378451498438 0.9931743212988365 -0.0083829170630707 -3.5416687281362349 0.0016544135923013 0.0082464371688830 0.9999646289692877 1.4550621078499073
0.9925954718839648 -0.1214669631677876 -0.0000778090268404 -58.8055961726449254 0.1214622530476148 0.9925622308348939 -0.0081938394331366 -3.6879144030366202 0.0010725110938873 0.0081237170589681 0.9999664269069733 1.4549912980363913
0.9919613291253162 -0.1265406029447760 0.0004442142598372 -59.8556821725537702 0.1265399313567430 0.9919270279919133 -0.0082714515872862 -3.8419713658606960 0.0006060463405318 0.0082611709522676 0.9999656922926559 1.4858839299482174
0.9911878722588455 -0.1324398290754955 0.0025086971590860 -60.9401692069604550 0.1324578713267642 0.9911432703429940 -0.0094831417461194 -3.9563093956315196 -0.0012305326346019 0.0097318717751612 0.9999518870731666 1.5188104339333495
0.9903613200950171 -0.1384299946130295 0.0046467462908641 -62.0403254570314289 0.1384740445286915 0.9903038529946141 -0.0111003484579436 -4.1090646603280598 -0.0030650695784952 0.0116368095051183 0.9999275923850789 1.5420055947360927
