1.0000000000000000 -0.0000000000000010 0.0000000000000016 0.0000000000000053 0.0000000000000010 1.0000000000000000 0.0000000000000078 0.0000000000000104 -0.0000000000000016 -0.0000000000000078 1.0000000000000000 0.0000000000000152
0.9999999979000307 -0.0000616938011072 -0.0000198447326788 0.0054413342489171 0.0000616954841691 0.9999999944994399 0.0000848220930140 0.0045738462979158 0.0000198394995724 -0.0000848233171662 0.9999999962056996 -0.0003303230334872
0.9999999979894619 -0.0000612007217352 0.0000165996297841 0.0036116780245579 0.0000611998500619 0.9999999967487948 0.0000525070353625 0.0052421537476618 -0.0000166028431986 -0.0000525060193621 0.9999999984837318 -0.0023004439117962
0.9999999971388536 -0.0000756381838795 0.0000010761283615 0.0059048860926766 0.0000756381491085 0.9999999966186117 0.0000322745559349 0.0032411953596372 -0.0000010785695466 -0.0000322744744462 0.9999999994785975 -0.0000099018454437
0.9999999933339488 -0.0001085753233567 -0.0000392874209993 0.0033788334245045 0.0001085779170615 0.9999999919259261 0.0000660225984575 0.0054979850997801 0.0000392802522572 -0.0000660268637637 0.9999999970487575 0.0004300429443429
0.9999999941271094 -0.0001040558690585 -0.0000303011109635 0.0021772560616312 0.0001040563397050 0.9999999944655307 0.0000155311562732 0.0052582991736213 0.0000302994946878 -0.0000155343092046 0.9999999994203129 0.0006201197094315
0.9999999965899123 -0.0000825066921890 -0.0000035806630424 0.0015107227751802 0.0000825069661765 0.9999999936635877 0.0000765860624855 0.0025042882387516 0.0000035743441570 -0.0000765863576540 0.9999999970608769 -0.0015174244110230
0.9999999921805409 -0.0001227502452363 -0.0000239017872332 0.0018189946306835 0.0001227512340523 0.9999999916102092 0.0000413728885596 0.0067247647968800 0.0000238967085005 -0.0000413758222100 0.9999999988584943 0.0003866269020816
0.9999999953872960 -0.0000960343297008 -0.0000016779666624 0.0058763413580146 0.0000960344047131 0.9999999943868980 0.0000447615567749 0.0063475717670044 0.0000016736680069 -0.0000447617177109 0.9999999989967937 -0.0008995975570544
0.9999999952892896 -0.0000970405111961 0.0000021353941275 0.0041240694504860 0.0000970404539384 0.9999999949325244 0.0000267974133825 0.0066303765582503 -0.0000021379945514 -0.0000267972060367 0.9999999996386694 -0.0011967040786394
0.9999999973123704 -0.0000732008233802 -0.0000041107958230 0.0041047648254105 0.0000732010048921 0.9999999963452170 0.0000441721514692 0.0051242650963845 0.0000041075623701 -0.0000441724522649 0.9999999990159611 -0.0007361376940502
0.9999999974247492 -0.0000689367455736 -0.0000199556187474 0.0056570078563135 0.0000689378454159 0.9999999961047358 0.0000551189793202 0.0036168742724396 0.0000199518189467 -0.0000551203548756 0.9999999982818357 -0.0003690558496674
0.9999999980050172 -0.0000567526261401 -0.0000277327441570 0.0043775743215177 0.0000567538481734 0.9999999974186013 0.0000440658370015 0.0033419506351622 0.0000277302432334 -0.0000440674108535 0.9999999986445485 -0.0002702906076019
0.9999999985146226 -0.0000525643137499 -0.0000144134516459 0.0071219882828750 0.0000525648395441 0.9999999979530204 0.0000364814584388 0.0035418595789044 0.0000144115339935 -0.0000364822160254 0.9999999992306778 0.0000975336827267
0.9999999979947842 -0.0000630192820748 -0.0000062451342707 0.0063457700622873 0.0000630196546242 0.9999999962338806 0.0000596721206053 0.0039674188158383 0.0000062413737529 -0.0000596725140519 0.9999999982001182 0.0005094034145309
0.9999999980002813 -0.0000626461187478 0.0000086545471855 0.0056589216668413 0.0000626456830103 0.9999999967707565 0.0000503389069793 0.0047720657031712 -0.0000086577006947 -0.0000503383647087 0.9999999986955467 0.0008215913133581
0.9999999989368714 -0.0000417402231444 0.0000195961951518 0.0047274044816518 0.0000417390879347 0.9999999974511586 0.0000579269470648 0.0030953703363982 -0.0000195986129856 -0.0000579261290759 0.9999999981302290 0.0008677344756669
0.9999999982005248 -0.0000592270188875 -0.0000095451923698 0.0080149024221242 0.0000592274197622 0.9999999973639414 0.0000420027382764 0.0047775667122985 0.0000095427046476 -0.0000420033035379 0.9999999990723296 0.0021266405611314
0.9999999952886064 -0.0000779302930399 0.0000578762186890 0.0041042627808293 0.0000779256992758 0.9999999938139755 0.0000793702349472 0.0029221138133556 -0.0000578824036766 -0.0000793657245285 0.9999999951753545 0.0000277788281087
0.9999999974477209 -0.0000713520870386 0.0000036657623547 0.0055203518160456 0.0000713519678448 0.9999999969261523 0.0000325052625854 0.0062897554527573 -0.0000036680816618 -0.0000325050009431 0.9999999994649851 0.0017569527546844
0.9999999973996732 -0.0000686247113377 -0.0000221653507992 0.0104407860043472 0.0000686260670750 0.9999999957743626 0.0000611697452850 0.0055248492512744 0.0000221611529494 -0.0000611712662468 0.9999999978834797 0.0014130642489559
0.9999999983347888 -0.0000568523276604 -0.0000099113728193 0.0062232003450078 0.0000568527527766 0.9999999974638164 0.0000428967563219 0.0046878605664167 0.0000099089340137 -0.0000428973197393 0.9999999990308165 0.0008906310495183
0.9999999997377877 -0.0000228997801237 0.0000001565354318 0.0073218945669215 0.0000228997721809 0.9999999984599394 0.0000505541471381 0.0014553980703878 -0.0000001576931104 -0.0000505541435402 0.9999999987221269 0.0004729592123357
0.9999999986891129 -0.0000392871170183 -0.0000328374268808 0.0066378262078212 0.0000392891206977 0.9999999973664780 0.0000610197427005 0.0029895192197274 0.0000328350295045 -0.0000610210327741 0.9999999975991472 0.0022772651733200
0.9999999981234288 -0.0000456903920979 -0.0000408109106667 0.0076803043541940 0.0000456926092150 0.9999999974803652 0.0000543272966196 0.0030757153664543 0.0000408084283284 -0.0000543291612746 0.9999999976915072 0.0023536810376230
0.9999999978403816 -0.0000625860985075 -0.0000200553503604 0.0042159481527142 0.0000625871709229 0.9999999966115486 0.0000534766189956 0.0036519265502793 0.0000200520033995 -0.0000534778740878 0.9999999983690171 0.0016767894815442
0.9999999978180528 -0.0000603237272552 -0.0000269247525220 0.0043033496843969 0.0000603251158177 0.9999999968504943 0.0000515741371799 0.0055032682682377 0.0000269216412931 -0.0000515757613062 0.9999999983075830 0.0018193408009934
0.9999999982088353 -0.0000561981414098 -0.0000205936469654 0.0017741155649516 0.0000561991039150 0.9999999973284992 0.0000467403715870 0.0034159225747867 0.0000205910201884 -0.0000467415288477 0.9999999986956197 0.0030437132059989
0.9999999988977947 -0.0000409630596466 -0.0000229442431692 0.0011223241774384 0.0000409647336384 0.9999999964991162 0.0000729634024521 0.0030087317515444 0.0000229412542847 -0.0000729643422765 0.9999999970749518 0.0025695714085285
0.9999999990987560 -0.0000211447481116 -0.0000368155871738 0.0014377052171569 0.0000211468762191 0.9999999981056905 0.0000578050919494 0.0032104491544120 0.0000368143648300 -0.0000578058704319 0.9999999976515920 0.0028910441803814
0.9999999988411193 -0.0000295966841556 -0.0000379710105235 0.0006972113835741 0.0000295986832414 0.9999999981760423 0.0000526482035922 0.0026608044497225 0.0000379694522420 -0.0000526493274231 0.9999999978931845 0.0030814726496507
0.9999999993186880 -0.0000267785066099 -0.0000254073905055 0.0011660274620836 0.0000267797761287 0.9999999983930468 0.0000499674905675 0.0034968930495459 0.0000254060524099 -0.0000499681709377 0.9999999984288572 0.0023364434929886
0.9999999987147904 -0.0000271943942204 -0.0000427888324871 0.0013315330205627 0.0000271963261750 0.9999999986108747 0.0000451509728034 0.0030552326016394 0.0000427876045743 -0.0000451521364445 0.9999999980652527 0.0027766080333508
0.9999999984691074 -0.0000222469367698 -0.0000506641787947 0.0008198789672764 0.0000222501517127 0.9999999977391171 0.0000634562565319 0.0028910412172324 0.0000506627669728 -0.0000634573837204 0.9999999967032223 0.0019847464831683
0.9999999989271052 -0.0000128463617539 -0.0000445057347861 -0.0013038389768987 0.0000128490293624 0.9999999981211234 0.0000599387661779 0.0014395055491958 0.0000445049647074 -0.0000599393379691 0.9999999972132919 0.0022258200711010
0.9999999988427342 -0.0000186595171595 -0.0000443435912676 -0.0029130542108187 0.0000186620678087 0.9999999981715646 0.0000575204141575 0.0021866015872047 0.0000443425178834 -0.0000575212416341 0.9999999973625240 0.0025061149320562
0.9999999976393903 -0.0000368983421255 -0.0000579631933626 -0.0003723764808188 0.0000369015335313 0.9999999978033877 0.0000550590730039 0.0051982913022265 0.0000579611616468 -0.0000550612118046 0.9999999968043833 0.0019571726478676
0.9999999976519280 -0.0000187409937189 -0.0000659159997281 0.0001947628919499 0.0000187445059344 0.9999999984047834 0.0000532829880448 0.0022941388111831 0.0000659150010468 -0.0000532842234825 0.9999999964080021 0.0018542306956693
0.9999999981500427 -0.0000449951944484 -0.0000409310040454 -0.0031703058790465 0.0000449979075514 0.9999999967906584 0.0000662862840728 0.0048267635049592 0.0000409280213498 -0.0000662881257597 0.9999999969653908 0.0012208176383154
0.9999999978407529 -0.0000257150665488 -0.0000604750333765 -0.0022302917880783 0.0000257193865194 0.9999999971178299 0.0000714342579405 0.0026702913293411 0.0000604731962655 -0.0000714358131670 0.9999999956199586 0.0016262825347118
0.9999999988990592 -0.0000247506627895 -0.0000398658542402 -0.0019942309257677 0.0000247531507780 0.9999999977461538 0.0000624097260130 0.0034067370821039 0.0000398643094683 -0.0000624107127498 0.9999999972578699 0.0009035594044985
0.9999999981215317 -0.0000194844871611 -0.0000581144678863 0.0010082784622677 0.0000194875560220 0.9999999984158240 0.0000528070761696 0.0014909159794073 0.0000581134388755 -0.0000528082085793 0.9999999969170607 0.0011363952975150
0.9999999968567602 -0.0000533604910698 -0.0000586441609745 -0.0005312919964405 0.0000533634209203 0.9999999973282033 0.0000499593703127 0.0047077303175109 0.0000586414949613 -0.0000499624996087 0.9999999970324619 0.0014192954668528
0.9999999989110898 -0.0000107835109028 -0.0000454041444181 -0.0001765571898904 0.0000107869176041 0.9999999971269921 0.0000750310480728 0.0021287679281446 0.0000454033351895 -0.0000750315377619 0.9999999961544027 0.0002723489968028
0.9999999978041519 -0.0000298855048995 -0.0000591485654759 0.0009170357691676 0.0000298903971014 0.9999999961327065 0.0000827112518448 0.0037195876102995 0.0000591460933797 -0.0000827130196373 0.9999999948301480 0.0000929380589715
0.9999999973686389 -0.0000298436351596 -0.0000661217042041 0.0002264834745161 0.0000298488701970 0.9999999964203262 0.0000791731809886 0.0038512676508601 0.0000661193411519 -0.0000791751544385 0.9999999946797639 -0.0000099401732637
0.9999999985268626 -0.0000055171088468 -0.0000539984831509 0.0005916289789388 0.0000055211143399 0.9999999972335698 0.0000741780128373 0.0031453712867683 0.0000539980737534 -0.0000741783108599 0.9999999957908932 -0.0005560352303487
0.9999999991769727 -0.0000140407311830 -0.0000380645831975 -0.0037360661178620 0.0000140434115076 0.9999999974221967 0.0000704158310968 0.0031569088632105 0.0000380635944096 -0.0000704163655955 0.9999999967963491 -0.0008934492385745
0.9999999986245488 -0.0000047215744042 -0.0000522360901396 -0.0008306400592548 0.0000047259166395 0.9999999965337587 0.0000831273011615 0.0037162148783903 0.0000522356974668 -0.0000831275479106 0.9999999951806213 -0.0008771378379168
0.9999999988396363 -0.0000033758647507 -0.0000480554976963 0.0006333229298514 0.0000033794741309 0.9999999971736314 0.0000751086970767 0.0045561471864320 0.0000480552440037 -0.0000751088593918 0.9999999960246764 -0.0010945544144127
0.9999999988136468 0.0000047426506232 -0.0000484790039708 -0.0001467944811085 -0.0000047383326467 0.9999999960221548 0.0000890687296853 0.0015727875379376 0.0000484794261999 -0.0000890684998700 0.9999999948582737 -0.0006732732833910
0.9999999986732052 0.0000250269057542 -0.0000450249218579 0.0005805730188693 -0.0000250224679941 0.9999999948298847 0.0000985601680571 0.0026753975913593 0.0000450273882812 -0.0000985590412917 0.9999999941293248 -0.0011057100274861
0.9999999992215611 0.0000075809745137 -0.0000387221700897 0.0003345510659719 -0.0000075776989873 0.9999999963935627 0.0000845899108346 0.0044630475354743 0.0000387228112240 -0.0000845896173438 0.9999999956725703 -0.0011489201808430
0.9999999990906402 0.0000030072323402 -0.0000425402897380 -0.0011324475394164 -0.0000030039474794 0.9999999970142175 0.0000772174942586 0.0044132028175860 0.0000425405218219 -0.0000772173663996 0.9999999961138911 -0.0003875924617654
0.9999999993718102 0.0000165629885397 -0.0000313376291643 -0.0024711922890327 -0.0000165601441791 0.9999999957439103 0.0000907631041055 0.0044012596554425 0.0000313391323392 -0.0000907625850929 0.9999999953900059 -0.0010079372061048
0.9999999991136731 0.0000352673728536 -0.0000229970924965 -0.0019810176144334 -0.0000352652051984 0.9999999949365207 0.0000942513861594 0.0040441499562512 0.0000230004163788 -0.0000942505750787 0.9999999952939049 -0.0015944439746280
0.9999999993699789 0.0000277779873824 -0.0000221003562469 -0.0013406574849470 -0.0000277758800388 0.9999999950686326 0.0000953479694782 0.0025032634847430 0.0000221030047126 -0.0000953473555613 0.9999999952101695 -0.0014396224454642
0.9999999997315023 0.0000078365631111 -0.0000218078775081 -0.0020794883629812 -0.0000078343365604 0.9999999947574464 0.0001020966712952 0.0056277882134710 0.0000218086774808 -0.0001020965004176 0.9999999945503431 -0.0015053957836975
0.9999999986307582 0.0000481215660138 -0.0000205620649599 0.0003933561433999 -0.0000481190619951 0.9999999914293212 0.0001217617075411 0.0041824450827375 0.0000205679241477 -0.0001217607179471 0.9999999923756440 -0.0020380772474112
0.9999999995072396 0.0000313712027738 -0.0000011697462128 -0.0059072485094674 -0.0000313710635544 0.9999999924479509 0.0001188274147591 0.0035805888134021 0.0000011734739629 -0.0001188273780044 0.9999999929393386 -0.0020831579034448
0.9999999979254817 0.0000637321609653 -0.0000093406842413 -0.0045880945467330 -0.0000637311861822 0.9999999925276256 0.0001043220241139 0.0032006979152480 0.0000093473328396 -0.0001043214286046 0.9999999945148335 -0.0016786010924172
0.9999999965637613 0.0000818893308818 -0.0000129079412869 -0.0009763256602273 -0.0000818877847853 0.9999999894791085 0.0001197337612261 0.0015291398149416 0.0000129177460687 -0.0001197327038119 0.9999999927486057 -0.0017023689001775
0.9999999970600748 0.0000766800737728 -0.0000001295101531 -0.0023760996145068 -0.0000766800573556 0.9999999895773227 0.0001223336551023 0.0017739188658619 0.0000001388907055 -0.0001223336448118 0.9999999925172300 -0.0018513275168456
0.9999999947018305 0.0001026385105609 0.0000078533456818 -0.0027344159658307 -0.0001026393682111 0.9999999887608760 0.0001092858993124 0.0020358542982170 -0.0000078421286516 -0.0001092867047958 0.9999999939974585 -0.0007480733262317
0.9999999973577696 0.0000658108409109 0.0000308770787877 -0.0046270912750856 -0.0000658144634872 0.9999999909503409 0.0001173361605137 0.0053436126976611 -0.0000308693565168 -0.0001173381923620 0.9999999926394157 -0.0012899328370855
0.9999999940923482 0.0000948638801950 0.0000530673899206 -0.0061058079279633 -0.0000948697419227 0.9999999893984336 0.0001104665778959 0.0045007460007970 -0.0000530569100698 -0.0001104716117329 0.9999999924904936 -0.0013100526372596
0.9999999889466886 0.0001264439980450 0.0000782210841757 -0.0063634818186458 -0.0001264552276615 0.9999999816977561 0.0001435742423155 0.0007959356614772 -0.0000782029286429 -0.0001435841321936 0.9999999866339494 -0.0021715120708538
0.9999999914797332 0.0001086190982845 0.0000724045923152 -0.0061156024595596 -0.0001086286690546 0.9999999853623125 0.0001321937481716 0.0029799973761099 -0.0000723902324896 -0.0001322016122598 0.9999999886411939 -0.0007467334904839
0.9999999867019542 0.0001276868696235 0.0001014502574122 -0.0072791592455828 -0.0001277021488268 0.9999999805035462 0.0001506156311399 0.0012988718792789 -0.0001014310237958 -0.0001506285845528 0.9999999835113883 -0.0017922308716014
0.9999999850442906 0.0001307967160794 0.0001131531608722 -0.0087057981458678 -0.0001308126708379 0.9999999815027427 0.0001410055299163 0.0009685779175755 -0.0001131347157189 -0.0001410203296746 0.9999999836569012 -0.0009424944459274
0.9999999824307143 0.0001442255612986 0.0001197395444150 -0.0064671959769054 -0.0001442434469892 0.9999999784402547 0.0001493764313637 0.0013827283774146 -0.0001197179979338 -0.0001493937003839 0.9999999816745615 -0.0001565992973530
0.9999999787053326 0.0001408743690936 0.0001508102990896 -0.0061654204136353 -0.0001408956055290 0.9999999801598960 0.0001408141896239 0.0020795036118595 -0.0001507904589874 -0.0001408354351337 0.9999999787138086 -0.0009430077943645
0.9999999764861665 0.0001487074913298 0.0001578408963878 -0.0070426115051850 -0.0001487304983320 0.9999999783167778 0.0001457589886141 0.0014796332197487 -0.0001578192175118 -0.0001457824609419 0.9999999769202841 -0.0000572519076243
0.9999999651017148 0.0001869688226637 0.0001866526947992 -0.0046936840344831 -0.0001870004606939 0.9999999681504452 0.0001694990745947 -0.0004836024743325 -0.0001866209978120 -0.0001695339728194 0.9999999682154171 -0.0004395577795450
0.9999999610128251 0.0001716878356217 0.0002202217869651 -0.0081008354981860 -0.0001717223980568 0.9999999729414973 0.0001569344535067 0.0016745648220689 -0.0002201948372696 -0.0001569722644017 0.9999999634369703 -0.0005619273038341
0.9999999558100657 0.0001856021766886 0.0002322319928870 -0.0054180383063954 -0.0001856377812545 0.9999999710184807 0.0001533024851039 0.0020648734168842 -0.0002322035328816 -0.0001533455893613 0.9999999612833240 0.0000214580199214
0.9999999507590082 0.0001957623179613 0.0002452735130094 -0.0044583523921425 -0.0001958024176098 0.9999999674684764 0.0001634761736498 0.0013619519260858 -0.0002452415025556 -0.0001635241907469 0.9999999565582213 0.0003441984801191
0.9999999420395314 0.0002165598056199 0.0002627218766053 -0.0069569012395644 -0.0002166039090882 0.9999999624538088 0.0001678544832004 -0.0005123325573682 -0.0002626855162068 -0.0001679113800569 0.9999999514010428 0.0009646110774940
0.9999999303295011 0.0002282767742507 0.0002953484505615 -0.0098169020422357 -0.0002283268911956 0.9999999595403208 0.0001696649271529 -0.0005459022523459 -0.0002953097080495 -0.0001697323513258 0.9999999419915510 0.0010353521378256
0.9999999242770551 0.0002133363092234 0.0003254742742451 -0.0097381792800428 -0.0002133950464572 0.9999999609515209 0.0001804425416551 0.0009961983721667 -0.0003254357665899 -0.0001805119825894 0.9999999307534906 0.0009675986454331
0.9999999191005410 0.0002199195089963 0.0003368001203017 -0.0049987777421978 -0.0002199833663636 0.9999999578343400 0.0001895748840506 0.0015000107873337 -0.0003367584148848 -0.0001896489591384 0.9999999253135183 0.0011313227336094
0.9999999039694764 0.0002283298044088 0.0003740675586167 -0.0080202380281390 -0.0002283974258336 0.9999999575837337 0.0001807405508548 0.0015365585255080 -0.0003740262742956 -0.0001808259695656 0.9999999137031537 0.0010714263927999
0.9999998905734845 0.0002559593602665 0.0003915837394609 -0.0087475800223271 -0.0002560377270229 0.9999999472042018 0.0002000906694974 -0.0009279794292432 -0.0003915325037071 -0.0002001909078128 0.9999999033129449 0.0005042080447246
0.9999998935509122 0.0002667464449851 0.0003764897053628 -0.0050177084648721 -0.0002668103292295 0.9999999500165992 0.0001696438832728 -0.0006104437290975 -0.0003764444346417 -0.0001697443165566 0.9999999147382237 0.0019449535261170
0.9999998798284226 0.0002817605876347 0.0004011908666798 -0.0055378223840058 -0.0002818336884017 0.9999999436929182 0.0001821645751249 0.0006309247093355 -0.0004011395172922 -0.0001822776223356 0.9999999029309733 0.0015385110352604
0.9999998732096174 0.0003082408527351 0.0003982063859716 -0.0059447232064242 -0.0003083209177908 0.9999999322648889 0.0002010184795230 -0.0003300788128330 -0.0003981443968915 -0.0002011412293942 0.9999999005116176 0.0017584899988110
0.9999998764853489 0.0003078295807179 0.0003902181904407 -0.0062988932439554 -0.0003079054859406 0.9999999336868796 0.0001944748012120 0.0002564450344485 -0.0003901582994676 -0.0001945949275131 0.9999999049546533 0.0029423886317997
0.9999998636787144 0.0003043252096391 0.0004242979133831 -0.0075529946523259 -0.0003044094880134 0.9999999339504693 0.0001985797590146 0.0016785528123655 -0.0004242374525316 -0.0001987088922545 0.9999998902686740 0.0017945172996707
0.9999998624234189 0.0003508118037752 0.0003899797708238 0.0046196298109321 -0.0003508882455096 0.9999999192378738 0.0001959634791587 0.0015672840361275 -0.0003899109930266 -0.0001961002915163 0.9999999047570420 0.0023423650874485
0.9999998632014933 0.0003837463428057 0.0003554373911791 0.0140572843663326 -0.0003838079488267 0.9999999113340375 0.0001732725464898 0.0011170349097687 -0.0003553708669578 -0.0001734089424824 0.9999999218204397 0.0044313443290110
0.9999998867814867 0.0003516410712439 0.0003206018885568 0.0219046357325149 -0.0003516847951828 0.9999999288653361 0.0001363346166096 0.0089282066917087 -0.0003205539249002 -0.0001364473519835 0.9999999393136488 0.0045830310616333
0.9999999014921225 0.0002949906229705 0.0003316568674204 0.0141708568394800 -0.0002950409425947 0.9999999449715147 0.0001516832550717 0.0104785924492802 -0.0003316121040319 -0.0001517810924845 0.9999999334979540 0.0061086984450503
0.9999998488566433 0.0003764560563560 0.0004007087821863 0.0031637972294223 -0.0003765412958907 0.9999999064945420 0.0002126677215493 0.0060410900036194 -0.0004006286846661 -0.0002128185728101 0.9999998971024507 0.0028463148449101
0.9999998486412913 0.0003816688126328 0.0003962906910885 -0.0071115140935181 -0.0003817514675326 0.9999999053932971 0.0002085166992394 0.0021304119735641 -0.0003962110692757 -0.0002086679522315 0.9999998997372321 0.0022773088608018
0.9999998454128521 0.0003461951292252 0.0004351128639163 -0.0148200913613768 -0.0003462752683915 0.9999999230969340 0.0001841183442525 0.0054644859695643 -0.0004350490895808 -0.0001842689846139 0.9999998883886092 0.0023338992770600
0.9999998238059055 0.0003911519065777 0.0004465292197348 -0.0232647353110392 -0.0003912303355644 0.9999999080574349 0.0001755674977084 0.0019491204773777 -0.0004464605051183 -0.0001757421625509 0.9999998848938482 0.0052470520974399
0.9999998237769590 0.0003709069111980 0.0004635451588285 -0.0352619747506452 -0.0003710102097033 0.9999999063605964 0.0002227784159479 0.0012175255027807 -0.0004634624853683 -0.0002229503566758 0.9999998677478228 0.0058602581045750
0.9999998434795671 0.0002441028522545 0.0005034427861242 -0.0424293168001840 -0.0002442071399860 0.9999999487366330 0.0002070980546377 0.0120867895224823 -0.0005033922070902 -0.0002072209665456 0.9999998518278674 0.0062345571549412
0.9999998403465837 0.0001473312238252 0.0005455275590008 -0.0625979750105303 -0.0001474750499571 0.9999999543790902 0.0002636151117292 0.0143012372891316 -0.0005454886953763 -0.0002636955213462 0.9999998164533608 0.0060366225784595
0.9999998372837913 0.0000781943562127 0.0005650823247367 -0.0852848640945640 -0.0000783019729574 0.9999999788036074 0.0001904247512761 0.0258440089304769 -0.0005650674226181 -0.0001904689673518 0.9999998222101744 0.0104252528764656
0.9999997923278580 -0.0000223119487027 0.0006440857225202 -0.1205255458299080 0.0000221420586784 0.9999999649661857 0.0002637752009813 0.0283909353964476 -0.0006440915852942 -0.0002637608848186 0.9999997577880834 0.0107496017035782
0.9999996124473559 -0.0003004412329272 0.0008275507256975 -0.1902628658320264 0.0003001701425755 0.9999999012597892 0.0003276862787992 0.0358354954056047 -0.0008276490944546 -0.0003274377457842 0.9999996038906711 0.0125250153331752
0.9999994781744466 -0.0002453871963957 0.0009916833962556 -0.2850450835612877 0.0002450085406120 0.9999998970483169 0.0003819347726033 0.0328418826827768 -0.0009917770160632 -0.0003816916023983 0.9999994353447761 0.0131607200060118
0.9999993487517833 -0.0001044257516764 0.0011364819715164 -0.3595506907161183 0.0001039829272349 0.9999999186618785 0.0003896970453824 0.0172713208636271 -0.0011365225734840 -0.0003895786168708 0.9999992782722101 0.0152998028922034
0.9999989991096285 0.0007578789631673 0.0011947381379991 -0.4406200073132193 -0.0007582486714421 0.9999996647813361 0.0003090245421846 -0.0208003861818751 -0.0011945035343009 -0.0003099301414907 0.9999992385520171 0.0183984009798595
0.9999989672270053 0.0005796307402310 0.0013151323612515 -0.5065284260810914 -0.0005799965694312 0.9999997932142207 0.0002778047788602 -0.0216318428201073 -0.0013149710651112 -0.0002785672642088 0.9999990966252805 0.0190649245345215
0.9999990658195398 0.0002024220417998 0.0013518081834108 -0.5503582406920061 -0.0002029530145968 0.9999999023135208 0.0003926614609062 -0.0134870337207805 -0.0013517285680228 -0.0003929354476355 0.9999990092153154 0.0210169603766401
0.9999989064964956 -0.0004863941583707 0.0013965767203687 -0.6175101437660055 0.0004857734342269 0.9999997831036643 0.0004447660000374 0.0008894299964817 -0.0013967927490406 -0.0004440870938146 0.9999989258777578 0.0252169489954097
0.9999980895926920 -0.0013249632785186 0.0014371093476237 -0.7031574213432501 0.0013240611973149 0.9999989259398466 0.0006284752173736 0.0003511853976700 -0.0014379405106663 -0.0006265711960064 0.9999987698670555 0.0308071781165814
0.9999803340622239 -0.0060432205142491 0.0016765961407651 -0.8282567231417399 0.0060422713769178 0.9999815825173397 0.0005705985668682 0.0198154740581710 -0.0016800135150494 -0.0005604568966403 0.9999984317200984 0.0351995019340482
0.9999796297614852 -0.0061235213575407 0.0018007077127212 -0.9563958022597201 0.0061223067201640 0.9999810277938131 0.0006792737690645 -0.0160165308282362 -0.0018048330967557 -0.0006682354471652 0.9999981480177251 0.0354781628657986
0.9999642416178991 -0.0082233707749159 0.0019727287289907 -1.0814357692745713 0.0082216681525730 0.9999658233633364 0.0008696424976801 0.0040821365161147 -0.0019798127004577 -0.0008533922797066 0.9999976760289436 0.0342185357588326
0.9999242693373959 -0.0121005388805979 0.0022433343206406 -1.2320757540188256 0.0120985888341297 0.9999264214582799 0.0008808052344597 -0.0203718330990871 -0.0022538274773586 -0.0008535973509328 0.9999970958124152 0.0387474120576188
0.9999009046665929 -0.0138860368571592 0.0023149141087394 -1.3522453762939310 0.0138828974302667 0.9999026938122866 0.0013667720633944 -0.0067489063388259 -0.0023336679005202 -0.0013344989075296 0.9999963865468694 0.0396473303947099
0.9998492739837975 -0.0172024058829111 0.0023466030581581 -1.5109953640937908 0.0171982476080899 0.9998505132393006 0.0017808577478331 -0.0248015649426357 -0.0023768873098663 -0.0017402318658072 0.9999956609904712 0.0475737607070078
0.9997765907899225 -0.0209543821716346 0.0027717099929266 -1.6858625426278084 0.0209460321823357 0.9997760825808573 0.0030080616834604 -0.0053053330053971 -0.0028341214328894 -0.0029493333280639 0.9999916345593215 0.0614242923837006
0.9997035561188583 -0.0241483219347000 0.0031078016421246 -1.8765374068717935 0.0241372609702296 0.9997023553465133 0.0035487106797752 -0.0344552488436536 -0.0031925720295300 -0.0034726448669286 0.9999888740488388 0.0669320671433517
0.9995971152856136 -0.0281509066802349 0.0036240261809976 -2.0597702483687907 0.0281394509643294 0.9995989675854994 0.0031741615317682 -0.0557045018302441 -0.0037119283540968 -0.0030709046035924 0.9999883954990726 0.0599133791521662
0.9994316597513331 -0.0334694173878535 0.0040194012505991 -2.2260686145947175 0.0334540115796911 0.9994328777705437 0.0038408254992187 -0.0706605200876842 -0.0041456719505480 -0.0037041775075184 0.9999845461171244 0.0615240551313872
0.9993336601421706 -0.0362421985189575 0.0043288281745800 -2.4238149445837469 0.0362217831822399 0.9993327002627597 0.0047049557532710 -0.0787228263862185 -0.0044964574891095 -0.0045450227781504 0.9999795621101437 0.0729008976310239
0.9991189881274610 -0.0417040396943503 0.0046926150844171 -2.6484570318533822 0.0416778476434722 0.9991157006207328 0.0055474128158676 -0.0702566550264043 -0.0049198149320847 -0.0053469473827771 0.9999736024389443 0.0809182397005335
0.9988767811849114 -0.0471069656329232 0.0051097748022065 -2.8570854805724459 0.0470777433770581 0.9988749883399297 0.0056959413119397 -0.1030102692968789 -0.0053723447576024 -0.0054489868566356 0.9999707227984436 0.0882433252200438
0.9985898138530674 -0.0527668847608091 0.0058343415683033 -3.1087252176089830 0.0527346881223963 0.9985931844737225 0.0055411723726732 -0.1274209534244972 -0.0061185241300280 -0.0052256861051515 0.9999676274096081 0.0848064242420906
0.9982783334592948 -0.0582989012488308 0.0064503533943577 -3.3343638050308906 0.0582626409018819 0.9982851674868476 0.0056735395385068 -0.1528864029440243 -0.0067700532399225 -0.0052879569718103 0.9999631012643381 0.0945230806674602
0.9978938568515826 -0.0644887550448126 0.0070036369582803 -3.5828404479578744 0.0644448483525814 0.9979012328645407 0.0063238412568983 -0.1728444148481255 -0.0073967546049620 -0.0058591740202705 0.9999554780594555 0.1046348660413773
0.9974889315120530 -0.0703967287767720 0.0077544882792200 -3.8322356343413650 0.0703416533955732 0.9974972600895288 0.0071601614129820 -0.2018682944904499 -0.0082391327529059 -0.0065967182304923 0.9999442984487024 0.1113293978433208
0.9970306992011976 -0.0765553324065271 0.0083105914649490 -4.1121489373822140 0.0764870244820858 0.9970364610716017 0.0082480530850104 -0.2236598788314354 -0.0089173951492542 -0.0075879097215563 0.9999314494953190 0.1173274419184629
0.9963696453911602 -0.0846906733971056 0.0086613845682131 -4.3609972357794007 0.0846149042016857 0.9963751341075152 0.0087698414564165 -0.2480358665917496 -0.0093727119892399 -0.0080051215965731 0.9999240322635470 0.1373815111280619
0.9956572119453947 -0.0926607026583173 0.0089839013791476 -4.6387669186139036 0.0925811287437392 0.9956653428673728 0.0089027868295341 -0.2907114658517352 -0.0097698977301975 -0.0080323841830342 0.9999200117522790 0.1395110044830577
0.9948993708374871 -0.1004751371132874 0.0089436418330730 -4.9268219186102433 0.1004065854575896 0.9949158311174375 0.0078106714593787 -0.3418420215532238 -0.0096829491333964 -0.0068728315827397 0.9999294998559225 0.1529192160098284
0.9939124597804718 -0.1098197250914125 0.0088119392859102 -5.2313038424059171 0.1097507025103937 0.9939272007139643 0.0079688756658595 -0.3761231376839767 -0.0096335658822185 -0.0069532482876316 0.9999294208826158 0.1558432533470613
0.9927828679752820 -0.1196308646262333 0.0084043609842474 -5.5399219659927743 0.1195652279623779 0.9927947377902502 0.0079224288127390 -0.4281299318238989 -0.0092915723684583 -0.0068603822610814 0.9999332986945447 0.1683863405081717
0.9915091849342564 -0.1297613211995583 0.0084578786673404 -5.8518402656403516 0.1296883325475650 0.9915168653295572 0.0086742243503940 -0.4878459180075050 -0.0095117081556676 -0.0075036849343391 0.9999266083670179 0.1808846327550171
0.9900925583314442 -0.1401637010924098 0.0084180064607666 -6.1690116839756870 0.1400889539052192 0.9900989419691306 0.0088977584452229 -0.5578557849811197 -0.0095818020454030 -0.0076303347033898 0.9999249807169921 0.1991765822268913
0.9884906110768450 -0.1510168519225036 0.0089566873531560 -6.4767270615490569 0.1509380838670797 0.9885031177958784 0.0089039848585958 -0.6037300365280108 -0.0101983651366284 -0.0074496002070105 0.9999202452222355 0.2051166781930521
0.9866867956845192 -0.1623761587973261 0.0091186773186372 -6.8047805339190210 0.1623041907791820 0.9867071196748544 0.0081492109107321 -0.6779412747876029 -0.0103207013972309 -0.0065607192576897 0.9999252172465154 0.2057032312230367
0.9846930012986180 -0.1740430200142926 0.0094191495276587 -7.1415758134988723 0.1739764569820355 0.9847213805617827 0.0074829860667197 -0.7555288448087816 -0.0105775994203707 -0.0057297337461078 0.9999276396528405 0.2036741949862837
0.9825757711558499 -0.1856328455110975 0.0092358326608865 -7.4856491465201307 0.1855763089370004 0.9826073561030831 0.0066496085168749 -0.8228023345043469 -0.0103095828628465 -0.0048197924811858 0.9999352389538196 0.2252404643012789
0.9803635797120543 -0.1969904297546602 0.0090566085948741 -7.8379813594854433 0.1969407346750420 0.9803964528904585 0.0060944388963745 -0.9266320981019199 -0.0100796130789422 -0.0041911507824473 0.9999404160525254 0.2316828757067585
0.9778679676852683 -0.2090167203183621 0.0092870018002894 -8.1847967158398180 0.2089604081920635 0.9779012907397251 0.0066793246504246 -0.9988052196904861 -0.0104778615799785 -0.0045908819343519 0.9999345669691471 0.2430308221625120
0.9752636898766287 -0.2208428574451320 0.0094428556958253 -8.5502150777037027 0.2207819124047662 0.9752974711031246 0.0070844911422033 -1.1022330796166573 -0.0107741525475191 -0.0048244352331569 0.9999303188030473 0.2577299432982097
0.9725812627211546 -0.2324000644873215 0.0087119131086761 -8.9258640838384391 0.2323463441915606 0.9726096594935515 0.0067547465277837 -1.2222065502162462 -0.0100430943708193 -0.0045453587456378 0.9999392361385427 0.2731321553492996
0.9696994543173327 -0.2441583764889271 0.0083459862783588 -9.2644877757125865 0.2441104447286349 0.9697265660900400 0.0063622160924733 -1.3293540033575522 -0.0096467129663575 -0.0041320950510111 0.9999449318434661 0.2820839170673037
0.9666854240813780 -0.2558172271339761 0.0087656813819566 -9.6402347469988072 0.2557748515440137 0.9667197256834675 0.0056742657779704 -1.4364158029398895 -0.0099255320383354 -0.0032431891657757 0.9999454812827502 0.2890548456509062
0.9639955752074362 -0.2657647492111085 0.0090348800346719 -10.0060803393416986 0.2657755717943793 0.9640349295689646 0.0000028865503994 -1.5614628902651726 -0.0087107070812320 0.0023984677854959 0.9999591846342664 0.2959408502886471
0.9610048492083104 -0.2763485335098221 0.0100582217654666 -10.4006768146375705 0.2763691549558975 0.9610513038644375 -0.0006939232146058 -1.7135011643321885 -0.0094747024795346 0.0034466458238954 0.9999491740311049 0.2942644373966971
0.9581595511851215 -0.2860981896677594 0.0088374397625789 -10.7722394554156651 0.2861175992696492 0.9581939996167307 -0.0009891848487882 -1.8161709354635012 -0.0081849777579923 0.0034763439593132 0.9999604598041754 0.3191626445607799
0.9553847713700829 -0.2952570236180254 0.0079516437520311 -11.1806627189657100 0.2952696917884732 0.9554138439707059 -0.0004425610235903 -1.9602825641341590 -0.0074664412724191 0.0027706954622141 0.9999682872478413 0.3436683854958777
0.9527933043572314 -0.3035307437391889 0.0073489303414114 -11.5728104655273984 0.3035420277543170 0.9528179465097735 -0.0004451917517200 -2.0832129491029288 -0.0068670633334409 0.0026548849378512 0.9999728971462883 0.3516898872582488
0.9507832924767154 -0.3097848412336934 0.0066695493814733 -11.9645555656530274 0.3097935761981064 0.9508037938017945 -0.0002929820858678 -2.2006272896759556 -0.0062506714458984 0.0023447460267546 0.9999777153879708 0.3722652221691996
0.9488354323509518 -0.3156967936319385 0.0068452031303423 -12.3805878340290079 0.3157045326029184 0.9488575474260041 -0.0000527890237587 -2.3410945781384962 -0.0064784573283498 0.0022111497510182 0.9999765699292276 0.3764189718111270
0.9472274088821452 -0.3204860219906216 0.0069961111372098 -12.8014819894980221 0.3204947332657817 0.9472502883044720 -0.0001313620571521 -2.5073694931891621 -0.0065849685885949 0.0023666465138394 0.9999755182868058 0.3791491185253576
0.9459568528089102 -0.3242313822643581 0.0062962988179955 -13.2104720658878296 0.3242391211584995 0.9459751282185551 -0.0002215902796200 -2.6608326771911051 -0.0058842955589981 0.0022511212388205 0.9999801535625307 0.3935619478292016
0.9450550410617157 -0.3268648985509773 0.0055052210762322 -13.6305046342435485 0.3268694478517962 0.9450694990633802 0.0000774671115296 -2.8080953251045373 -0.0052281378042991 0.0017262778892226 0.9999848431550092 0.4078319188341209
0.9442423065280666 -0.3292150277822899 0.0048920389269443 -14.0666274164289273 0.3292159877546055 0.9442544336541645 0.0006308178916414 -2.9584563928045706 -0.0048270041760982 0.0010148924864653 0.9999878349379681 0.4168309611967856
0.9440406081532634 -0.3298041886945057 0.0040653754040153 -14.5086884686067989 0.3297996786027615 0.9440493092635754 0.0017531892314662 -3.1080956353174001 -0.0044161239941695 -0.0003143223266373 0.9999901994771464 0.4260696844617904
0.9438319869523147 -0.3304222507629993 0.0015220401962914 -14.9653920307820272 0.3304096638405296 0.9438214683383839 0.0055217700391488 -3.2609509788705298 -0.0032610498974651 -0.0047087263979352 0.9999835965901019 0.4459393975313981
0.9438315519627675 -0.3304266809917811 0.0004582666358218 -15.4167642704069454 0.3304190495177218 0.9438175581352864 0.0056274924567146 -3.4371166521296201 -0.0022919937519747 -0.0051599849128458 0.9999840605331367 0.4871752650560781
0.9437840131070545 -0.3305604577013788 0.0012330481735081 -15.8761644445017520 0.3305471684587151 0.9437691654543970 0.0061912649302734 -3.5985691781479754 -0.0032103002147784 -0.0054356362797761 0.9999800737168542 0.4727176898063788
0.9438058381024330 -0.3304938594163521 0.0020853900950532 -16.3365601288259619 0.3304781695437811 0.9437967041820925 0.0056533733302979 -3.7469879437662121 -0.0038365894692968 -0.0046465108527098 0.9999818450942696 0.4938351778163064
0.9439710530695717 -0.3300138902158966 0.0030794855566963 -16.7843046925137891 0.3299941920035487 0.9439665892178485 0.0055598277263503 -3.8854114375497537 -0.0047417518544033 -0.0042321040856597 0.9999798023382069 0.5023933755781692
0.9440410376693821 -0.3298015930464868 0.0041747359336700 -17.2505638948862909 0.3297747762781050 0.9440404545653955 0.0060180623698297 -4.0714960308758830 -0.0059258861651353 -0.0043045752358269 0.9999731768928589 0.5211183007518232
0.9440320833864190 -0.3298129790467287 0.0051792267202117 -17.7417518791301845 0.3297714697612793 0.9440310152712253 0.0074979955631544 -4.2267402430527987 -0.0073622869125644 -0.0053703871649557 0.9999584769744769 0.5202608718280952
0.9442474309847703 -0.3291945483541887 0.0052667269288785 -18.2321846120476465 0.3291467770125440 0.9442426131911956 0.0082635716319732 -4.3917173389087152 -0.0076933907294686 -0.0060693300902038 0.9999519863330139 0.5424565392039169
0.9444629999074079 -0.3285844956479670 0.0046766468404994 -18.7285481329116124 0.3285449504537876 0.9444576651940608 0.0076114510772630 -4.5750090621310298 -0.0069178997692868 -0.0056522452135785 0.9999600965972730 0.5558737088228266
0.9446273685509113 -0.3281220011248035 0.0038841939234672 -19.2199212625789748 0.3280964222026935 0.9446250340158479 0.0060235245786956 -4.7413981532915166 -0.0056455577556654 -0.0044155960427439 0.9999743147647417 0.5806459557227247
0.9446824627016507 -0.3279474410057105 0.0050517919345944 -19.7207355952419867 0.3279218133557146 0.9446900746791214 0.0052865043512574 -4.8986739996230106 -0.0065060732738158 -0.0033374751777409 0.9999732657776376 0.5811104787424002
0.9449691564693021 -0.3271067572469238 0.0058704927474360 -20.2261229381124394 0.3270786353363235 0.9449824455927882 0.0052672410236769 -5.0738973825170266 -0.0072704627241997 -0.0030572675504813 0.9999688962597291 0.5948540908131433
0.9449742868650490 -0.3270771633491544 0.0066427689529680 -20.7221452784084832 0.3270346789736264 0.9449883351311572 0.0067353704175041 -5.2557307281852488 -0.0084803250237892 -0.0041923360450231 0.9999552532018503 0.6026866371168190
0.9448370681016226 -0.3274651335955511 0.0070356961544401 -21.2363792354957575 0.3274078358098939 0.9448476492357198 0.0081871108466655 -5.4192192508781769 -0.0093286543194244 -0.0054319437572452 0.9999417334003051 0.6475091075240650
0.9446162411982025 -0.3280915390983263 0.0074899156651179 -21.7735475358193042 0.3280234679538265 0.9446264102759241 0.0090304751129980 -5.6187989192361325 -0.0100379946266224 -0.0060734653463204 0.9999311734727361 0.6555085977692859
0.9442571308564957 -0.3291215870832320 0.0075796927690675 -22.2837122375702990 0.3290570693765644 0.9442706512722536 0.0086245138518580 -5.7954244568964413 -0.0099957951142358 -0.0056496072154235 0.9999340808365048 0.6835330329672727
