1.0000000000000000 0.0000000000000000 0.0000000000000000 0.0000000000000000 0.0000000000000000 1.0000000000000000 0.0000000000000000 0.0000000000000000 0.0000000000000000 0.0000000000000000 1.0000000000000000 0.0000000000000000
0.9999999986957764 -0.0000472891873144 -0.0000192919681490 0.0020130710453666 0.0000472893578159 0.9999999988428068 0.0000088375932552 0.0008986269379246 0.0000192915502041 -0.0000088385055485 0.9999999997748584 0.0008614125025032
0.9999999941100177 -0.0001056329779819 -0.0000249326781992 0.0031108013786400 0.0001056342953975 0.9999999930244794 0.0000528435124598 -0.0001638729811981 0.0000249270960077 -0.0000528461458944 0.9999999982929624 0.0010065139622123
0.9999999927858361 -0.0001193255177999 -0.0000137749240731 0.0063123693541038 0.0001193259392886 0.9999999924124344 0.0000306014903123 0.0028880161444455 0.0000137712724299 -0.0000306031337973 0.9999999994369001 0.0001929154954813
0.9999999964323091 -0.0000838333453075 -0.0000103610817010 0.0014741952164496 0.0000838330845056 0.9999999961692633 -0.0000251691738168 0.0028578066328197 0.0000103631916773 0.0000251683051256 0.9999999996295803 -0.0000475003043114
0.9999999986153439 -0.0000523653586389 -0.0000052135689779 0.0035601491332795 0.0000523653793136 0.9999999986210709 0.0000039654979788 0.0042288355229548 0.0000052133613160 -0.0000039657709838 0.9999999999785467 -0.0006002769068331
0.9999999960022948 -0.0000893753528953 -0.0000027306636998 0.0022804147734567 0.0000893753092102 0.9999999958781245 -0.0000159939053343 0.0022995638302769 0.0000027320931495 0.0000159936612165 0.9999999998683692 0.0001288895588813
0.9999999941131131 -0.0001083180100330 -0.0000064017523504 0.0040334731446935 0.0001083180700461 0.9999999940896536 0.0000093748923882 0.0030886705210210 0.0000064007368429 -0.0000093755857585 0.9999999999355644 0.0006344976750470
0.9999999983585853 -0.0000527646196337 -0.0000223321328275 0.0043877331643904 0.0000527649442476 0.9999999985022915 0.0000145353959166 0.0029263139482509 0.0000223313658394 -0.0000145365742464 0.9999999996449991 0.0005365515758808
0.9999999956672376 -0.0000826470607504 -0.0000428367606722 0.0003965659099393 0.0000826490767929 0.9999999954770672 0.0000470637414726 -0.0005088876167836 0.0000428328707985 -0.0000470672816874 0.9999999979750080 0.0010741796905119
0.9999999993169379 -0.0000366489051318 -0.0000047939388487 0.0011224133569003 0.0000366491517188 0.9999999980050083 0.0000514472847607 0.0012536354035610 0.0000047920533525 -0.0000514474604193 0.9999999986650975 0.0006785941101015
0.9999999978906690 -0.0000602130104687 -0.0000243527294434 0.0008954005465604 0.0000602136364821 0.9999999978567553 0.0000257061719381 0.0010590431953289 0.0000243511815452 -0.0000257076382503 0.9999999993730686 0.0011266693345298
0.9999999970805363 -0.0000695433654312 -0.0000316646137076 0.0050225810210672 0.0000695447036485 0.9999999966886827 0.0000422630919396 0.0009418878244229 0.0000316616744851 -0.0000422652939223 0.9999999986055916 0.0011962555293341
0.9999999956539808 -0.0000884036789420 -0.0000296112821074 0.0043752883099271 0.0000884040396250 0.9999999960181927 0.0000121795055018 0.0027024225673568 0.0000296102052764 -0.0000121821232058 0.9999999994874158 -0.0003143156794585
0.9999999961935463 -0.0000806985108099 -0.0000331761625950 0.0060043843136041 0.0000806991934482 0.9999999965321477 0.0000205753439914 0.0007588805596948 0.0000331745020803 -0.0000205780212027 0.9999999992379988 0.0002760436698260
0.9999999970193314 -0.0000714113391290 -0.0000293557111554 0.0035901856026943 0.0000714128302466 0.9999999961599416 0.0000507968938775 0.0004379740701182 0.0000293520835685 -0.0000507989901005 0.9999999982789589 0.0000222005633201
0.9999999984181712 -0.0000475767660334 -0.0000300018157740 0.0020586655656404 0.0000475774784494 0.9999999985862675 0.0000237454953113 -0.0002779689603563 0.0000300006859977 -0.0000237469226844 0.9999999992680213 0.0011218586018132
0.9999999983210677 -0.0000547829044931 -0.0000188864509420 0.0009154496065242 0.0000547838948246 0.9999999971244091 0.0000524395518948 -0.0003848861813730 0.0000188835780967 -0.0000524405864801 0.9999999984466977 0.0003777401431843
0.9999999972441769 -0.0000646639812358 -0.0000364721231920 0.0045555589760092 0.0000646645315696 0.9999999977954225 0.0000150881852446 0.0008279024222610 0.0000364711474495 -0.0000150905436557 0.9999999992210654 0.0003386641207352
0.9999999949269637 -0.0001004045360221 -0.0000080623626678 0.0050487038447083 0.0001004048017066 0.9999999944162558 0.0000329600394313 0.0022995360079050 0.0000080590532853 -0.0000329608487640 0.9999999994243171 -0.0000053259902536
0.9999999981628647 -0.0000546563851053 -0.0000262097346802 0.0014191704948010 0.0000546571247302 0.9999999981081267 0.0000282195903369 0.0008378463578328 0.0000262081922499 -0.0000282210228338 0.9999999992583523 0.0006592135155204
0.9999999981829523 -0.0000570026380540 -0.0000196161872466 0.0016310568473451 0.0000570033810793 0.9999999976578716 0.0000378796957884 0.0004573854768398 0.0000196140279581 -0.0000378808139086 0.9999999990901669 0.0003240151029521
0.9999999980902644 -0.0000592522580146 -0.0000175681829808 0.0040366024820234 0.0000592526754327 0.9999999979622838 0.0000237603235929 0.0000456978377999 0.0000175667750922 -0.0000237613645094 0.9999999995634030 0.0001731533483746
0.9999999963395355 -0.0000828140767145 -0.0000215118014407 0.0038043375109882 0.0000828144962791 0.9999999963806812 0.0000195037679066 0.0035609008988283 0.0000215101861763 -0.0000195055493242 0.9999999995784227 0.0003247492915965
0.9999999987861374 -0.0000489273885983 -0.0000058168455328 0.0042547716459249 0.0000489274362377 0.9999999987695146 0.0000081900411406 0.0022117115584279 0.0000058164448083 -0.0000081903257340 0.9999999999495438 -0.0003344641589736
0.9999999957412012 -0.0000812263606107 -0.0000438163888346 0.0034592364748342 0.0000812278338797 0.9999999961357676 0.0000336229642100 -0.0012526530052423 0.0000438136575942 -0.0000336265231772 0.9999999984748101 0.0010235825188543
0.9999999976217117 -0.0000546930326427 -0.0000420148651842 0.0028308591124732 0.0000546953188872 0.9999999970236653 0.0000544159127368 -0.0014388032771544 0.0000420118888879 -0.0000544182106238 0.9999999976368298 0.0009323577558781
0.9999999967824139 -0.0000749435594594 -0.0000286118002190 0.0006019367587434 0.0000749443149634 0.9999999968430583 0.0000264051711305 0.0025462701808540 0.0000286098212312 -0.0000264073153373 0.9999999992420660 0.0005186624844943
0.9999999989725822 -0.0000443446462275 -0.0000094014844974 0.0011859564645789 0.0000443448971649 0.9999999986605143 0.0000266927234279 -0.0015024055120200 0.0000094003008054 -0.0000266931403083 0.9999999995995553 0.0006927149485369
0.9999999948128302 -0.0000989879544561 -0.0000239942595048 0.0044366324662022 0.0000989883884223 0.9999999949371025 0.0000180857393066 0.0039408629890107 0.0000239924691130 -0.0000180881143659 0.9999999995485908 0.0004737887646786
0.9999999944074687 -0.0000955898933045 -0.0000452508008730 0.0074969500110961 0.0000955912713870 0.9999999949674576 0.0000304531386867 0.0026436105142746 0.0000452478896330 -0.0000304574640980 0.9999999985124857 0.0001027861830279
0.9999999956759791 -0.0000911985658827 -0.0000181896536256 0.0056531534098346 0.0000911989084895 0.9999999956639950 0.0000188353163010 0.0031633370611993 0.0000181879357929 -0.0000188369750962 0.9999999996571837 0.0001839161660592
0.9999999974669512 -0.0000603843494720 -0.0000376806044026 0.0060728836841506 0.0000603847403293 0.9999999981230538 0.0000103718540800 0.0030832394830313 0.0000376799780342 -0.0000103741293872 0.9999999992362983 0.0004703276740007
0.9999999979733699 -0.0000617435951066 -0.0000155238077673 -0.0004872453954407 0.0000617438495651 0.9999999979595070 0.0000163915511792 -0.0004486094213140 0.0000155227956623 -0.0000163925096456 0.9999999997451642 0.0005303843016902
0.9999999998405814 -0.0000178556552450 -0.0000001127810811 0.0021741867522732 0.0000178556568139 0.9999999997436086 0.0000139268921058 0.0022250266449809 0.0000001125324072 -0.0000139268941174 0.9999999999030145 0.0008358472230228
0.9999999982360916 -0.0000580827760933 -0.0000124180410645 0.0027046978954313 0.0000580829177278 0.9999999982481448 0.0000114054853342 -0.0002958932585682 0.0000124173785805 -0.0000114062065902 0.9999999998578536 0.0003897441336543
0.9999999965668877 -0.0000774482994790 -0.0000294615949772 0.0049730593217594 0.0000774490207538 0.9999999967011524 0.0000244815128774 0.0014520255063331 0.0000294596988284 -0.0000244837945651 0.9999999992663350 0.0005630433402257
0.9999999958060108 -0.0000850287489751 -0.0000340307247621 0.0053513555318803 0.0000850296529771 0.9999999960321634 0.0000265637231459 0.0016192475219118 0.0000340284659470 -0.0000265666166552 0.9999999990681392 0.0008332500465640
0.9999999982736920 -0.0000567883254528 -0.0000150897964306 0.0040438794767495 0.0000567886818230 0.9999999981086353 0.0000236172599815 0.0006614281454367 0.0000150884552174 -0.0000236181168704 0.9999999996072615 0.0006926541668094
0.9999999981378584 -0.0000562197219913 -0.0000237408058837 0.0028237349983890 0.0000562204886233 0.9999999978982316 0.0000322923121695 -0.0004949379681451 0.0000237389903689 -0.0000322936468291 0.9999999991967904 0.0002171951988782
0.9999999974664109 -0.0000697897800380 -0.0000140201544543 0.0029276469271652 0.0000697901799907 0.9999999971577271 0.0000285285211630 -0.0006158816717579 0.0000140181634153 -0.0000285294995599 0.9999999994947794 0.0003655712969540
0.9999999984625842 -0.0000527539539343 -0.0000170836712901 0.0039185701396747 0.0000527544967792 0.9999999981036001 0.0000317767661819 -0.0003836391523536 0.0000170819949077 -0.0000317776673735 0.9999999993491927 -0.0000972131942765
0.9999999972525119 -0.0000710383675486 -0.0000211784448009 0.0016792326308016 0.0000710383805065 0.9999999974765875 0.0000006110924334 0.0016988395458028 0.0000211784013365 -0.0000006125969142 0.9999999997755500 -0.0000281778348675
0.9999999958622557 -0.0000871985281247 -0.0000259211326088 0.0065373188134344 0.0000871993484482 0.9999999956973561 0.0000316474560017 0.0010938502626824 0.0000259183728857 -0.0000316497161766 0.9999999991632667 0.0008009577251140
0.9999999744878147 -0.0002222360667253 -0.0000404413208486 0.0224705409457527 0.0002222384143550 0.9999999736198494 0.0000580550414393 0.0066337695765922 0.0000404284178577 -0.0000580640275733 0.9999999974970558 0.0002654746286363
0.9999999576160019 -0.0002899833691687 0.0000260315175890 0.0277227412879151 0.0002899820023037 0.9999999565772766 0.0000524965068586 0.0139410919323252 -0.0000260467395725 -0.0000524889559620 0.9999999982832384 0.0013690757860106
0.9999999607027866 -0.0002721394610648 0.0000673389845409 0.0267862888319621 0.0002721383245404 0.9999999628277928 0.0000168862456436 0.0137286994827927 -0.0000673435774516 -0.0000168679194616 0.9999999975901579 -0.0002602256740759
0.9999999619994271 -0.0002698739356822 0.0000562956775668 0.0139034570208625 0.0002698748779246 0.9999999634438204 -0.0000167304599486 0.0145409474383996 -0.0000562911603938 0.0000167456521020 0.9999999982754442 -0.0000374871993565
0.9999999939066944 -0.0000786571749267 0.0000774574720536 0.0042024874382566 0.0000786566135943 0.9999999968802874 0.0000072499953055 0.0051145524748897 -0.0000774580420761 -0.0000072439027189 0.9999999969738887 -0.0008783092456203
0.9999999882947264 -0.0001527901367623 0.0000081068705089 -0.0081186720698729 0.0001527898892702 0.9999999878618736 0.0000305205248966 -0.0006951017869183 -0.0000081115336457 -0.0000305192858915 0.9999999995013881 0.0004892339479442
0.9999999990047603 -0.0000431157867041 0.0000114677043946 -0.0203311217314659 0.0000431148931073 0.9999999960354335 0.0000779117377207 -0.0056327563728974 -0.0000114710635750 -0.0000779112432143 0.9999999968991264 0.0018909136719953
0.9999999997100584 -0.0000142575017315 0.0000194063600519 -0.0254805373209046 0.0000142561347867 0.9999999974177457 0.0000704362919805 -0.0041171588779267 -0.0000194073642474 -0.0000704360153004 0.9999999973310609 0.0010700074959555
0.9999999961741941 -0.0000151856837628 0.0000861452657891 -0.0388933383316579 0.0000151824387286 0.9999999991752377 0.0000376698552542 0.0008160969783166 -0.0000861458377606 -0.0000376685472149 0.9999999955799875 0.0015210500108267
0.9999999890796117 -0.0000088518327505 0.0001475209190530 -0.0465398230422449 0.0000088483360259 0.9999999996799165 0.0000237038815946 0.0007429696114963 -0.0001475211288285 -0.0000237025760210 0.9999999888378521 0.0011339993638826
0.9999999633754340 -0.0000227401452988 0.0002696887402238 -0.0703531379143820 0.0000227251040838 0.9999999981863354 0.0000557754323519 0.0064905405238907 -0.0002696900080762 -0.0000557693016044 0.9999999620785416 0.0003995208695885
0.9999999471652175 0.0001128325154595 0.0003048579762886 -0.0988095444203982 -0.0001128376478322 0.9999999934924076 0.0000168181436320 0.0033640678197817 -0.0003048560766713 -0.0000168525422004 0.9999999533893811 0.0044047518950741
0.9999999211057224 0.0001317261081830 0.0003747489576820 -0.1445023476907440 -0.0001317469847985 0.9999999897710049 0.0000556841276805 -0.0010776944815209 -0.0003747416187953 -0.0000557334953326 0.9999999282312457 0.0034767965554799
0.9999996604854574 -0.0006551346695225 0.0004998275048446 -0.2672244920332159 0.0006551547121754 0.9999997845886679 -0.0000399364612551 0.0234916189471176 -0.0004998012334158 0.0000402639120411 0.9999998742887644 0.0028650874881600
0.9999997895505914 0.0003286420487031 0.0005593685517580 -0.3596398400565707 -0.0003286524120573 0.9999999458238688 0.0000184350621675 0.0082142376580046 -0.0005593624629170 -0.0000186188961116 0.9999998433834736 0.0057940832778688
0.9999995937004320 0.0004854877454624 0.0007595397421749 -0.4515905217107400 -0.0004854217463089 0.9999998783917809 -0.0000870755501034 0.0135911477356818 -0.0007595819239211 0.0000867068176166 0.9999997077585716 0.0045651262165351
0.9999990462749844 0.0010171167123372 0.0009343033314004 -0.4995169976501823 -0.0010169969100500 0.9999994745776281 -0.0001286924735346 0.0026519530505066 -0.0009344337357621 0.0001277421671963 0.9999995552576671 0.0055109634469833
0.9999991715795016 0.0008923618395413 0.0009276479169874 -0.5559243783828400 -0.0008923396573716 0.9999996015690142 -0.0000243258860970 -0.0041968701734828 -0.0009276692548762 0.0000234980889205 0.9999995694387041 0.0097906354788431
0.9999994052037091 0.0004876889710534 0.0009755776214936 -0.6377815206354759 -0.0004877814060824 0.9999998765682571 0.0000945133352312 0.0078998272457044 -0.0009755314079652 -0.0000949891476390 0.9999995196576515 0.0125783868858803
0.9999992332121214 0.0004029590428967 0.0011709821429562 -0.7770008438620271 -0.0004029933234786 0.9999999183765478 0.0000290392664353 0.0140659681888324 -0.0011709703457416 -0.0000295111421539 0.9999993139785356 0.0121390063770719
0.9999991730275070 0.0004760502494142 0.0011947051779187 -0.8820077625383661 -0.0004762888261737 0.9999998666905942 0.0001994185244848 0.0180683658026768 -0.0011946100854149 -0.0001999873842980 0.9999992664556260 0.0157949554180742
0.9999991791548783 0.0004642131787715 0.0011942343548044 -0.9987399183041523 -0.0004646958845762 0.9999998104405781 0.0004039511637430 0.0029724758140229 -0.0011940466089723 -0.0004045057879516 0.9999992053135658 0.0243749067308528
0.9999988482132832 0.0004558209961512 0.0014476875789987 -1.0771524023118184 -0.0004565064369824 0.9999997838523195 0.0004731777544977 0.0193939772440972 -0.0014474715817290 -0.0004738380881964 0.9999988401510705 0.0302845282562865
0.9999983307619055 0.0007398603944345 0.0016706525669630 -1.1958718768136469 -0.0007406264032824 0.9999996208832004 0.0004579366618262 0.0118023357554211 -0.0016703131243913 -0.0004591732268227 0.9999984996058815 0.0335708541156103
0.9999976253146211 0.0005219971929145 0.0021158648466228 -1.3853775245619464 -0.0005229828754880 0.9999997549799248 0.0004653267693652 -0.0025092824158391 -0.0021156214289260 -0.0004664322254422 0.9999976532907208 0.0350026320760025
0.9999972378357643 0.0004308726822723 0.0023105561177742 -1.5174352582037869 -0.0004320787304181 0.9999997706731797 0.0005214993372268 0.0189304466051036 -0.0023103308880835 -0.0005224962389139 0.9999971946804991 0.0383711308114397
0.9999969041322933 0.0004252702753696 0.0024517077766521 -1.6391362929151303 -0.0004268555926796 0.9999997001547515 0.0006461305674091 0.0240713596802811 -0.0024514322613948 -0.0006471750922504 0.9999967858169684 0.0423626374329682
0.9999966090396166 0.0004251292819207 0.0025692750653998 -1.8493408269690592 -0.0004273811136374 0.9999995250188592 0.0008759608665353 0.0296066985627724 -0.0025689014484284 -0.0008770559558254 0.9999963157523125 0.0440469469173643
0.9999963594010670 0.0006074480078937 0.0026291047011854 -1.9901523097499627 -0.0006098621971362 0.9999993930839469 0.0009175510004411 0.0213272164949215 -0.0026285457410122 -0.0009191510515754 0.9999961229468002 0.0516003987986303
0.9999964036071162 0.0010393056133398 0.0024723706590629 -2.1501904956745221 -0.0010420480086953 0.9999988430275684 0.0011081874715736 0.0096544271781328 -0.0024712160531384 -0.0011107598150181 0.9999963296451903 0.0546897107669809
0.9999961544800875 0.0007901752227350 0.0026583167896864 -2.4115128010828362 -0.0007927180382468 0.9999992291812084 0.0009556333506068 0.0123888303680952 -0.0026575596228102 -0.0009577369713703 0.9999960100504126 0.0566800414525009
0.9999945205434611 0.0013184579759188 0.0030365361218226 -2.5503021408518207 -0.0013222111160602 0.9999983641067537 0.0012343182656888 0.0085168006531561 -0.0030349037576114 -0.0012383264441101 0.9999946279389704 0.0601714366325340
0.9999949079292668 0.0006780575348586 0.0031183895710187 -2.7550148501039899 -0.0006821856234630 0.9999988922580295 0.0013229155260405 0.0245797291220935 -0.0031174891038073 -0.0013250361101947 0.9999942627540391 0.0724500738590705
0.9999932760184923 0.0007523210090509 0.0035891406914289 -2.9735486929631860 -0.0007576675617057 0.9999986051231458 0.0014885199457350 0.0325180092774493 -0.0035880158401920 -0.0014912293124307 0.9999924511602416 0.0732616739443478
0.9999930517877160 0.0014279134374069 0.0034434633010441 -3.1486004366864284 -0.0014334513151472 0.9999976825099158 0.0016062976451250 0.0140474555035960 -0.0034411616668601 -0.0016112225212255 0.9999927811581290 0.0810278249006308
0.9999913500490308 0.0010680869740247 0.0040198280227571 -3.4345803873426677 -0.0010742895508605 0.9999982353735062 0.0015411527615935 0.0083924436010959 -0.0040181748440725 -0.0015454578899388 0.9999907328724766 0.0890335365580951
0.9999886757616634 0.0014689949825771 0.0045266325426391 -3.6366616232212547 -0.0014758594267557 0.9999977655908416 0.0015134900979804 0.0109805791543276 -0.0045243991189298 -0.0015201536321673 0.9999886094079008 0.0912086974032190
0.9999875476349287 0.0014723462055911 0.0047683091061840 -3.9171210046164067 -0.0014784992959937 0.9999980786460637 0.0012871456843622 0.0220047029728151 -0.0047664048205101 -0.0012941795980108 0.9999878031677462 0.0973394661155751
0.9999876591428681 0.0013599668346765 0.0047782896705282 -4.0940712000611770 -0.0013669806159533 0.9999979927370212 0.0014648842699044 0.0250177362974879 -0.0047762878852206 -0.0014713980213339 0.9999875109529620 0.0900672241135582
0.9999902462178450 0.0016302421668575 0.0041048483103496 -4.3881543658139632 -0.0016370846221831 0.9999972753380379 0.0016641125082235 0.0396408522599659 -0.0041021242196442 -0.0016708162608779 0.9999901904268407 0.1045669662817380
0.9999902251850971 0.0013651241886698 0.0042054690830278 -4.6415444446787451 -0.0013729796440858 0.9999973172397154 0.0018655938113516 0.0207612039394707 -0.0042029110335242 -0.0018713495989623 0.9999894167387586 0.1172638333189109
0.9999959097899809 0.0015626729625812 0.0023955075705487 -4.9390519683450247 -0.0015683178276908 0.9999959939335615 0.0023563734890063 0.0182450809204390 -0.0023918157328452 -0.0023601207681731 0.9999943545077941 0.1157130771061177
0.9999961415469104 0.0014813396217502 0.0023500051524551 -5.1793878962716677 -0.0014862443868001 0.9999967182541519 0.0020867579037649 0.0141366102452044 -0.0023469062431716 -0.0020902425340742 0.9999950614464226 0.1246690164922947
0.9999980800048566 0.0008584527524872 0.0017615463298474 -5.4816840432726046 -0.0008617573602753 0.9999978688671601 0.0018760691325257 0.0215341140031571 -0.0017599320590475 -0.0018775835559973 0.9999966886540864 0.1287405462468706
0.9999986672348190 0.0005702683063388 0.0015298113101287 -5.7545618051728802 -0.0005729821376442 0.9999982621050741 0.0017741133846094 0.0118620282888171 -0.0015287969308423 -0.0017749875746875 0.9999972560957625 0.1354665144375620
0.9999996662690922 0.0003792478645250 0.0007236247379982 -6.0616050862180559 -0.0003805139417646 0.9999983958324749 0.0017502975795842 0.0185252637712587 -0.0007229597805636 -0.0017505723447572 0.9999982064112023 0.1406621776251033
0.9999994648887297 0.0005507322227837 0.0008757375594694 -6.3823036273676959 -0.0005524798233096 0.9999978541999330 0.0019965874822746 0.0238712546203624 -0.0008746360952496 -0.0019970702412103 0.9999976233582520 0.1367411843057396
0.9999995753022167 0.0003175555379588 0.0008651900753118 -6.6616577437303359 -0.0003196753041522 0.9999969451430449 0.0024510227003850 0.0063198990897035 -0.0008644090964477 -0.0024512982393416 0.9999966219612223 0.1513567117272406
0.9999991103985135 -0.0002525885206526 0.0013097332631899 -6.9916742857192951 0.0002488049259791 0.9999957982269176 0.0028881870816374 0.0112034983493670 -0.0013104572828902 -0.0028878586442143 0.9999949714744374 0.1573900073499218
0.9999972638470349 -0.0014172080948309 0.0018611339714490 -7.2646359535074723 0.0014108678065850 0.9999932125045661 0.0034035858781674 0.0378742922446345 -0.0018659449284687 -0.0034009507514317 0.9999924758634489 0.1601492940427961
0.9999967491086803 -0.0006769699627784 0.0024583498002781 -7.6222663833505386 0.0006683031339101 0.9999935653400700 0.0035245779004574 0.0232590159988197 -0.0024607200150033 -0.0035229235195620 0.9999907668908163 0.1854671801039615
0.9999951669400584 -0.0013192660262865 0.0028152501978618 -7.9428524846832511 0.0013086162475163 0.9999919942976572 0.0037813838883524 0.0247365136886853 -0.0028202163111029 -0.0037776815305477 0.9999888876893644 0.1765163938033440
0.9999955745286712 -0.0012555154576243 0.0026971473835392 -8.3040913636015450 0.0012461950576296 0.9999932564953892 0.0034545566466923 0.0158045140193174 -0.0027014664445825 -0.0034511801869118 0.9999903956710615 0.1930089060181269
0.9999941638864043 -0.0018337993700994 0.0028825983073379 -8.6224603386707965 0.0018244493451169 0.9999930774680260 0.0032429000313866 0.0379410224403990 -0.0028885251804938 -0.0032376219508596 0.9999905870688909 0.1925569338891478
0.9999956554814632 -0.0017932849277202 0.0023394758743641 -8.9926492096358803 0.0017859621742717 0.9999935116239739 0.0031284259724762 0.0285064682311398 -0.0023450708541088 -0.0031242341655523 0.9999923698726746 0.2006254900067829
0.9999926838667424 -0.0028993376486218 0.0024952062417102 -9.3553632724921876 0.0028908559944069 0.9999900546796439 0.0033960997368244 0.0395536572079965 -0.0025050278659102 -0.0033888616085851 0.9999911201867689 0.1968539285542784
0.9999929846095729 -0.0030969959356472 0.0021069759877906 -9.7019440335688891 0.0030901500343645 0.9999899614193414 0.0032446930993816 0.0348727507362548 -0.0021170036380835 -0.0032381594646716 0.9999925162814358 0.2279439303984724
0.9999897147423022 -0.0040254627788588 0.0020895116714342 -10.0637724926318590 0.0040178568168109 0.9999853340828844 0.0036315899743387 0.0308407141016642 -0.0021040998570990 -0.0036231572637871 0.9999912227090962 0.2257285382573511
0.9999943884118665 -0.0030662081393204 0.0013496341813642 -10.4850689684068534 0.0030611827684163 0.9999884326329170 0.0037099542342675 0.0133076454228168 -0.0013609940615198 -0.0037058019386327 0.9999922073332153 0.2553522891990294
0.9999942742876965 -0.0030169070910684 0.0015328611897790 -10.8587092448317577 0.0030120827583494 0.9999905341670748 0.0031398939002955 0.0092185451585913 -0.0015423194481441 -0.0031352588174057 0.9999938956828025 0.2704509376438952
0.9999892573733251 -0.0041077901255618 0.0021473700729034 -11.2259189151456358 0.0041017966028691 0.9999877008294392 0.0027880915481276 0.0090036264553891 -0.0021587965569632 -0.0027792535214308 0.9999938076544721 0.2798589193300078
0.9999854225931525 -0.0043833597997060 0.0031528967728940 -11.6071023541608191 0.0043752088348350 0.9999870811159014 0.0025874985896067 0.0091797653514730 -0.0031641979782855 -0.0025736662887710 0.9999916820118997 0.2733540773701952
0.9999815587680865 -0.0047826987537238 0.0037427151079468 -11.9963939365716570 0.0047744422283296 0.9999861560931881 0.0022118597103945 0.0045189176168152 -0.0037532419528280 -0.0021939495439166 0.9999905498354683 0.2961515293102593
0.9999742992195458 -0.0055219345221912 0.0045726512561961 -12.4001932199119853 0.0055100196069765 0.9999814026432301 0.0026142019066878 0.0264140510362723 -0.0045870016687258 -0.0025889393215810 0.9999861283082282 0.3012911856847912
0.9999647415312005 -0.0059698595038555 0.0059056305288752 -12.7868836909052490 0.0059535256641310 0.9999784146334462 0.0027795322171536 0.0205750627194677 -0.0059220964704984 -0.0027442748921872 0.9999786986374811 0.3196222150144645
0.9999562632525100 -0.0062984272479572 0.0069138553845938 -13.2099669395907338 0.0062801601959867 0.9999767400422317 0.0026606319594662 0.0128222638721893 -0.0069304523654398 -0.0026170954726909 0.9999725594441565 0.3178067076657358
0.9999582559214835 -0.0057953400282533 0.0070640249448879 -13.6259095368968026 0.0057795563780183 0.9999807607592539 0.0022527404238244 -0.0015299614596664 -0.0070769444351628 -0.0022118194548265 0.9999725119782847 0.3328179644044461
0.9999559113618895 -0.0064123140340712 0.0068598513935293 -14.0545748250560454 0.0063978634107606 0.9999772725715194 0.0021264252167876 0.0088786663491440 -0.0068733307930074 -0.0020824430733619 0.9999742100447672 0.3337339361735067
0.9999534098874868 -0.0068817642588215 0.0067690010395833 -14.4725757168661033 0.0068703121720354 0.9999749308039548 0.0017136435698614 0.0179304810122823 -0.0067806242372407 -0.0016670585807799 0.9999756217281708 0.3429095864916065
0.9999607082450457 -0.0065186137571926 0.0060074654182314 -14.9256067536483989 0.0065083314703680 0.9999773248853762 0.0017295480793208 0.0157762116509250 -0.0060186034541680 -0.0016903815461029 0.9999804593204260 0.3516817834205054
0.9999674640405852 -0.0067340163828763 0.0044411579116316 -15.3332539664850973 0.0067261423355307 0.9999757851507761 0.0017855311173566 0.0060948797201328 -0.0044530741654588 -0.0017556011631405 0.9999885439318957 0.3691683601590082
0.9999759465524918 -0.0065709686923886 0.0022200646143428 -15.7529365517970454 0.0065692454966483 0.9999781160404237 0.0007825943072059 0.0009138011702260 -0.0022251584332300 -0.0007679913336448 0.9999972294257912 0.4034900790071171
0.9999803809492965 -0.0061502837287029 0.0011881609976003 -16.2066595128469331 0.0061504417084343 0.9999810774882077 -0.0001293534464984 -0.0239476188884348 -0.0011873429542125 0.0001366586236625 0.9999992857703097 0.4110821008432574
0.9999819432430748 -0.0057620254413398 0.0017065317510408 -16.6433001253463111 0.0057639376556374 0.9999827636957088 -0.0011177361916064 -0.0307246444719818 -0.0017000619123675 0.0011275523515361 0.9999979192054295 0.4100901997327237
0.9999816430988410 -0.0057642315054762 0.0018673779728332 -17.1002236908587157 0.0057675153950979 0.9999818224878165 -0.0017579704526073 -0.0477049009721776 -0.0018572106798787 0.0017687083129242 0.9999967112142891 0.4249617116861198
0.9999625401690042 -0.0072831137600510 0.0046770196397649 -17.5230168232585015 0.0072854516553041 0.9999733440848197 -0.0004830258801562 -0.0273118383497752 -0.0046733770370919 0.0005170819865648 0.9999889460255490 0.4156560300416715
0.9999554507296599 -0.0069044711463926 0.0064362127242291 -17.9835651335852909 0.0068975524279647 0.9999756103814950 0.0010965457856703 -0.0344588977782047 -0.0064436268161940 -0.0010521028206528 0.9999786861494141 0.4410451804106038
0.9999582446681110 -0.0061620182675088 0.0067482183679219 -18.4586118902732075 0.0061521031454695 0.9999799669499029 0.0014890687555427 -0.0487247365728319 -0.0067572588493985 -0.0014474908435350 0.9999761218264664 0.4696517013091411
0.9999565569778861 -0.0074989820765581 0.0055361922606737 -18.8948962805786778 0.0075036070177760 0.9999715153385910 -0.0008151031620927 -0.0253287009506432 -0.0055299221201086 0.0008566091626470 0.9999843429684727 0.4875850372712169
0.9999672337065254 -0.0069914048064010 0.0040806582988821 -19.3777105116856490 0.0070223536329807 0.9999463106079817 -0.0076198721078022 -0.0431933366591620 -0.0040271656003403 0.0076482782584665 0.9999626421906513 0.4753585502064994
0.9999706257376586 -0.0068695823268836 0.0033994853271865 -19.8544658977143804 0.0069033624160913 0.9999258995455204 -0.0100269140533930 -0.0517495589943637 -0.0033303527122044 0.0100500873994309 0.9999439506762747 0.4579219444928062
0.9999712982249384 -0.0070039494249393 0.0028891899875595 -20.3356159384759785 0.0070310497766367 0.9999303549872440 -0.0094788983601771 -0.0557406512174254 -0.0028225990451672 0.0094989403375852 0.9999509003281577 0.4815688852846272
0.9999651077698276 -0.0082694554545690 0.0011829409799455 -20.7982556336410305 0.0082754179663821 0.9999526114954400 -0.0051275940684865 -0.0425586308630487 -0.0011404825114030 0.0051372044863326 0.9999861541189992 0.4919313241994411
0.9999678194620197 -0.0079724220727441 0.0008947215586850 -21.2839890328436638 0.0079740822969720 0.9999664624630795 -0.0018676082554015 -0.0522352635909610 -0.0008798021906491 0.0018746827381049 0.9999978557540695 0.5552199887432978
0.9999703114534706 -0.0075731155049682 0.0014227203511360 -21.7508778808362031 0.0075744681854038 0.9999708641286819 -0.0009478003194324 -0.0566088471367774 -0.0014155010976443 0.0009585485306549 0.9999985387696109 0.5715729309515203
0.9999691159955765 -0.0076841363708817 0.0016495766908438 -22.2412999832684406 0.0076889602781094 0.9999661229126445 -0.0029381825837491 -0.0570139815308565 -0.0016269434123341 0.0029507753705568 0.9999943229738085 0.5702082578366268
0.9999712206848953 -0.0074155321932300 0.0016023995293430 -22.7267002556165814 0.0074268521083606 0.9999466589973491 -0.0071778149739147 -0.0612253698713692 -0.0015490867377293 0.0071895091856388 0.9999729552782658 0.5631732630178953
0.9999674043506205 -0.0080568441885447 0.0005267807933806 -23.2153696039443211 0.0080599162211930 0.9999488159389298 -0.0061158198828699 -0.0633429537525323 -0.0004774796227188 0.0061198663428109 0.9999811594470948 0.5370431913343529
0.9999578970141825 -0.0088563013402476 -0.0024021085621414 -23.7103462260860169 0.0088521994399130 0.9999593514171466 -0.0017129151979678 -0.0475724669168744 0.0024171810129960 0.0016915791350551 0.9999956478885197 0.5403169733356974
0.9999254878391165 -0.0097119607139026 -0.0073957142181453 -24.1863798699146990 0.0097703097616031 0.9999211039134122 0.0078947448182617 -0.0608308209317554 0.0073184572737147 -0.0079664149825852 0.9999414864958139 0.5817951970498664
0.9998880870806532 -0.0116271662165258 -0.0094139428490568 -24.6676554704939406 0.0117025552958769 0.9998995748208057 0.0079931516136616 -0.0778522452764869 0.0093200597497533 -0.0081024242634731 0.9999237406959172 0.6699413111861403
0.9998767729737368 -0.0142428732723307 -0.0066014716976466 -25.1504329584258102 0.0142631931690606 0.9998936502727592 0.0030412932839594 -0.1036694972581566 0.0065574528781048 -0.0031350765804557 0.9999735852044224 0.6619822896884866
0.9998359770285820 -0.0176260073267126 -0.0041644813626313 -25.6548932883907383 0.0176091286236651 0.9998367224067021 -0.0040555044246897 -0.1084002702886150 0.0042352837468401 0.0039815063408380 0.9999831048466977 0.6205112918702178
0.9997475154164888 -0.0223650778946726 -0.0021699560647226 -26.1225723791177664 0.0223550146535879 0.9997397144060911 -0.0045559586329599 -0.1234592547805143 0.0022712856261306 0.0045062989240174 0.9999872671847436 0.5896462858017002
0.9996261119944426 -0.0273392632527023 -0.0004482227943800 -26.6060581770832130 0.0273398469708680 0.9996252816067405 0.0013524571173349 -0.1347002663238605 0.0004110796558858 -0.0013642057924479 0.9999989849775210 0.6120453195128088
0.9994541434836332 -0.0329775914562827 0.0019732042822878 -27.0912150824540561 0.0329664894626204 0.9994417793318893 0.0054166685719266 -0.1448853855725978 -0.0021507314820941 -0.0053486622299100 0.9999833829451579 0.6873050337865900
0.9993775514821495 -0.0352019453067649 0.0023092509961712 -27.5532000758250994 0.0351919479052785 0.9993715950025380 0.0042357885588595 -0.1835633964233979 -0.0024569078484848 -0.0041518849577916 0.9999883626598468 0.7154847300963866
0.9991685933118355 -0.0406276607050409 0.0033934237701676 -28.0866663215927979 0.0406402357493420 0.9991669089997656 -0.0037227943929486 -0.2064798988819532 -0.0032393483118933 0.0038576087788086 0.9999873126580276 0.7156476150206585
0.9988731827034780 -0.0468444798682142 0.0076131190520521 -28.5659891153767589 0.0468935086029277 0.9988794277322943 -0.0063943493892144 -0.2441115642154379 -0.0073050480307382 0.0067441499894851 0.9999505751356854 0.6651654238462181
0.9985704841729964 -0.0528269073357902 0.0081428496144423 -29.0519338475945794 0.0528789718552215 0.9985809489309607 -0.0063168637532211 -0.2696020703861927 -0.0077975941188477 0.0067384192120922 0.9999468942061273 0.6949624722275889
0.9982872384641618 -0.0579962687492037 0.0076825992195310 -29.5423745239263269 0.0580303530769847 0.9983056000087279 -0.0042903511481341 -0.2960477616913452 -0.0074207574652648 0.0047288267449707 0.9999612845286850 0.7056594305102494
0.9979913915576282 -0.0631718981208596 0.0047427486415072 -30.0361989607078996 0.0631880547531116 0.9979960571545403 -0.0033376099995615 -0.3448084716011818 -0.0045224012854398 0.0036305911087788 0.9999831832060049 0.7490703718509663
0.9976617291600400 -0.0683309055424181 0.0014005417352451 -30.5428529988772475 0.0683361689237056 0.9976537720087836 -0.0041375371269338 -0.3979735936424400 -0.0011145340864242 0.0042235701011250 0.9999904595891759 0.7738163312711486
0.9973488279023867 -0.0727620093473847 0.0010027349932632 -31.0128744675183619 0.0727670198488988 0.9973276544307106 -0.0065200099729338 -0.4481824818580286 -0.0005256463122511 0.0065756903415754 0.9999782417595325 0.7820071440319605
0.9969664923238298 -0.0778157823615610 0.0015865683020953 -31.5293859205030671 0.0778265904798241 0.9969299619168249 -0.0085832888104596 -0.4878540756818596 -0.0009137821429652 0.0086807285394818 0.9999619042514665 0.7672230992262813
0.9965893566421637 -0.0825069059957069 0.0015048888908338 -32.0045697825823083 0.0825185958335778 0.9965270911294649 -0.0111551775737493 -0.5345054109567926 -0.0005792833614129 0.0112413125596091 0.9999366466545390 0.7976730891231408
0.9962005154692876 -0.0870376147370304 0.0029977657703748 -32.5110880084893310 0.0870667861594134 0.9961349720095798 -0.0115970809837985 -0.5882019269007340 -0.0019767970550216 0.0118140238852844 0.9999282579830621 0.7847376844430234
0.9957419347022891 -0.0920916427587316 0.0041386965750562 -33.0099996497282291 0.0921305099287972 0.9956919677434327 -0.0104630068083085 -0.6390953087182156 -0.0031573114515377 0.0107997548680088 0.9999366963359175 0.8093802542688577
0.9952645800016205 -0.0970617206733458 0.0052381460582171 -33.5252510569573658 0.0970955486764897 0.9952528877487354 -0.0066440842118767 -0.6839718933809721 -0.0045683937449869 0.0071212223481990 0.9999642083449078 0.8226203009549641
0.9949080885903491 -0.1006553055991276 0.0051385515706539 -34.0002099924226613 0.1006757192400904 0.9949117225029599 -0.0038812345566510 -0.7285094871780802 -0.0047217383439280 0.0043787990293563 0.9999792654380749 0.8625699924877194
0.9944206491824267 -0.1053588686813594 0.0052039667356001 -34.4988672984467755 0.1053720193039614 0.9944301654080753 -0.0023202746116697 -0.8059882028833185 -0.0049305199935453 0.0028556814689389 0.9999837673962219 0.8952259161670999
0.9940841296740167 -0.1083307218800197 0.0078229040136347 -34.9945344493934201 0.1083803345711368 0.9940900259651467 -0.0062228092420071 -0.8678734807619166 -0.0071025494367287 0.0070338448637837 0.9999500381608728 0.9047485481100191
0.9936788562044193 -0.1117773442269602 0.0103998100869527 -35.5079762966480672 0.1118733129951861 0.9936803144910306 -0.0091539298931017 -0.9352825092280523 -0.0093108845851594 0.0102595277949009 0.9999040201527682 0.8981162561916975
0.9932837679847482 -0.1150666406078594 0.0121253650354415 -36.0184125752620758 0.1151873010728040 0.9932957362713690 -0.0097706692033930 -0.9879745948187081 -0.0109197953087129 0.0111017351950338 0.9998787474219437 0.8986188637371473
0.9930331600941829 -0.1172039112735125 0.0121813847961413 -36.5007579318711066 0.1173056868602044 0.9930635996803546 -0.0080039252964994 -1.0563199297855561 -0.0111587984844569 0.0093771089407603 0.9998937698797290 0.9143097005538942
0.9928905235602561 -0.1185530612109227 0.0106573871919824 -37.0154839050508286 0.1186155899339480 0.9929253600668360 -0.0054379371792670 -1.1196696959315555 -0.0099373059156960 0.0066634085619417 0.9999284219070256 0.9451261209670503
0.9928130581432154 -0.1193314034528223 0.0090690534399163 -37.5323154899244287 0.1193841114067720 0.9928328552193714 -0.0055095862427440 -1.1811284916360125 -0.0083465875620982 0.0065526900529874 0.9999436967795425 0.9780671102055128
0.9927833949389819 -0.1196505229843044 0.0080550036009887 -38.0425538901764355 0.1196925290968099 0.9927986662445071 -0.0049504324596157 -1.2371628197728815 -0.0074046749988648 0.0058788308965596 0.9999553040688622 0.9819808578387084
0.9928010481968679 -0.1195976445518201 0.0065178306864301 -38.5606437970511990 0.1196302402023163 0.9928066058980595 -0.0048630149404873 -1.2945546563724870 -0.0058893402293103 0.0056077359809285 0.9999669339377336 0.9907049250837637
0.9928686042817956 -0.1190886785966564 0.0054608846922058 -39.0948792949264998 0.1191112777548014 0.9928727819729490 -0.0040177517239462 -1.3617272973291623 -0.0049434950326497 0.0046395524998655 0.9999770179406441 0.9971613923872567
0.9928721448053557 -0.1191359854836372 0.0033942646413390 -39.6059976815469952 0.1191375092730483 0.9928777324421657 -0.0002496091296358 -1.3948162269902897 -0.0033403523507564 0.0006522141870872 0.9999942083146417 1.0091867641715750
0.9929644745507306 -0.1184101603832256 0.0007656358210473 -40.1172271860560627 0.1184086052034249 0.9929632681914027 0.0018303651078375 -1.4528031884210471 -0.0009769820730904 -0.0017268296578759 0.9999980317807439 1.0611108103615605
0.9930370861409556 -0.1177997234187302 0.0007554542679315 -40.6436857965289065 0.1177971865182092 0.9930337055307702 0.0028075840542773 -1.5159646047079154 -0.0010809241761118 -0.0026990447010499 0.9999957733713815 1.0592144239192602
0.9931023574998075 -0.1172449720253530 0.0011506794075078 -41.1624025223249674 0.1172410857460017 0.9930989353636113 0.0030053939443030 -1.5836629856430917 -0.0014951058234658 -0.0028497569082212 0.9999948217586633 1.0736531667195801
0.9931684340723873 -0.1166798963075553 0.0015044466956890 -41.6864347313906265 0.1166737972754664 0.9931635827583513 0.0036500564268148 -1.6311419139100387 -0.0019200498757570 -0.0034495913169109 0.9999922068337437 1.0844911111281244
0.9932573454641962 -0.1159056634405218 0.0023922507876243 -42.2297594252177646 0.1158930187733141 0.9932497126190478 0.0048802235386388 -1.6878779136246558 -0.0029417479543045 -0.0045700727118196 0.9999852301681170 1.0899655598121909
0.9932943527059711 -0.1155714019156127 0.0030951480878461 -42.7470631575147024 0.1155307580557762 0.9932420058481055 0.0110888124652526 -1.7318807513846430 -0.0043557806973577 -0.0106568699950673 0.9999337269521540 1.1051267158936930
