1.0000000000000000 0.0000000000002142 -0.0000000000000672 -0.0000000000000347 -0.0000000000002142 1.0000000000000000 0.0000000000000205 0.0000000000000695 0.0000000000000672 -0.0000000000000205 1.0000000000000000 -0.0000000000000184
0.9999999991683020 -0.0000398875579547 -0.0000085075786768 -0.0019683008529070 0.0000398874652519 0.9999999991451295 -0.0000108963806755 -0.0008347942600762 0.0000085080132995 0.0000108960413207 0.9999999999044450 0.0005815622427636
0.9999999998395023 -0.0000145317840980 0.0000104796361934 -0.0046129020722949 0.0000145320881079 0.9999999994736165 -0.0000290100906866 -0.0025973914593530 -0.0000104792146195 0.0000290102429729 0.9999999995242960 0.0002412992688142
0.9999999991545215 -0.0000264656300355 -0.0000314726428998 -0.0031593020578701 0.0000264652390541 0.9999999995726270 -0.0000124232493900 -0.0042507759192966 0.0000314729716754 0.0000124224164485 0.9999999994275678 0.0007256824892485
0.9999999986677176 0.0000506212139302 -0.0000101023509495 -0.0027309422706390 -0.0000506210988942 0.9999999986539205 0.0000113869815305 -0.0043961093450023 0.0000101029273588 -0.0000113864701233 0.9999999998841396 0.0000440333524258
0.9999999994246402 -0.0000330089629468 0.0000078184304314 -0.0056668475440308 0.0000330092852485 0.9999999986053697 -0.0000412267848148 -0.0016281572377275 -0.0000078170695671 0.0000412270428719 0.9999999991196121 0.0002918374114716
0.9999999998011413 0.0000029643055732 -0.0000197213155274 -0.0032654736426068 -0.0000029643071951 0.9999999999956031 -0.0000000822116527 -0.0063967493664056 0.0000197213152836 0.0000000822701128 0.9999999998055314 0.0006141038917452
0.9999999987265102 -0.0000459694208368 -0.0000208276704839 -0.0054183995267867 0.0000459690422794 0.9999999987782435 -0.0000181758104605 -0.0044170124240879 0.0000208285059900 0.0000181748530093 0.9999999996179241 0.0010561801269897
0.9999999995366768 -0.0000231713121852 0.0000197417458646 -0.0042356161418604 0.0000231716606825 0.9999999995757270 -0.0000176527625782 -0.0004075583135693 -0.0000197413368185 0.0000176532200190 0.9999999996493217 0.0001886157044590
0.9999999983925888 -0.0000489155581851 -0.0000286721231015 -0.0027320227889375 0.0000489149730351 0.9999999985954058 -0.0000204086712019 0.0003198342302980 0.0000286731213627 0.0000204072686730 0.9999999993806977 0.0005471562386966
0.9999999999499914 -0.0000045497849753 0.0000089059822713 -0.0037959018786885 0.0000045498389960 0.9999999999712534 -0.0000060656524585 -0.0045395856260266 -0.0000089059546736 0.0000060656929790 0.9999999999419457 -0.0000703988845516
0.9999999998999392 0.0000065618767718 0.0000125324932282 -0.0031297722455274 -0.0000065616691628 0.9999999998412622 -0.0000165656315535 -0.0015103464713966 -0.0000125326019279 0.0000165655493178 0.9999999997842582 0.0001752288714083
0.9999999983012192 -0.0000581131928186 -0.0000045186642304 -0.0043203679250911 0.0000581131296759 0.9999999982138150 -0.0000139726228987 -0.0021451444719161 0.0000045194762160 0.0000139723602813 0.9999999998921737 0.0007195533000828
0.9999999993339042 -0.0000321488395340 -0.0000172813122895 -0.0035562239029832 0.0000321487393417 0.9999999994664210 -0.0000057979714489 -0.0021409389229904 0.0000172814986784 0.0000057974158727 0.9999999998338699 0.0013895012661212
0.9999999988516229 -0.0000279760598597 0.0000389113639568 -0.0048239873639016 0.0000279768557475 0.9999999993994756 -0.0000204534694012 -0.0017196741795997 -0.0000389107917260 0.0000204545579953 0.9999999990337807 0.0005148414580780
0.9999999998904264 -0.0000018233216572 0.0000146909034298 -0.0021259585233066 0.0000018236063382 0.9999999998105827 -0.0000193780566361 -0.0015414588408191 -0.0000146908680946 0.0000193780834244 0.9999999997043342 -0.0000573419524713
0.9999999997252820 -0.0000215957902879 0.0000091136111559 -0.0045676177289327 0.0000215959997486 0.9999999995026787 -0.0000229838083472 -0.0017170200044360 -0.0000091131147979 0.0000229840051584 0.9999999996943433 0.0004368589331419
0.9999999999595627 0.0000089890146161 0.0000002687282212 -0.0036779482150924 -0.0000089890113337 0.9999999998850333 -0.0000122119225506 -0.0023069216680781 -0.0000002688379944 0.0000122119201345 0.9999999999253983 0.0003485224761043
0.9999999990649301 -0.0000260136002803 -0.0000345460918378 -0.0035478373756872 0.0000260128157889 0.9999999994038219 -0.0000227087990028 -0.0019609735830682 0.0000345466825548 0.0000227079003404 0.9999999991454390 0.0011016850230645
0.9999999995425579 -0.0000279365749650 -0.0000115944816890 -0.0029532319069139 0.0000279363970865 0.9999999994920975 -0.0000153415321539 -0.0029185333980665 0.0000115949102730 0.0000153412082388 0.9999999998151027 0.0001520949442979
0.9999999998250936 0.0000186318062447 0.0000016335748737 -0.0017124799447022 -0.0000186317767877 0.9999999996638810 -0.0000180303899376 -0.0046521419371176 -0.0000016339108118 0.0000180303594980 0.9999999998361182 0.0004500513770706
0.9999999991453679 -0.0000376028268297 0.0000171840539721 -0.0053746421185476 0.0000376030912059 0.9999999991746560 -0.0000153849116892 -0.0015330371744289 -0.0000171834754418 0.0000153855578496 0.9999999997340064 -0.0000728125148049
0.9999999999336548 0.0000004717082096 -0.0000115094674839 -0.0026527500060950 -0.0000004718897770 0.9999999998754556 -0.0000157754879201 -0.0015481792127605 0.0000115094600410 0.0000157754933503 0.9999999998093331 0.0002988920836614
0.9999999998263731 -0.0000149467484826 -0.0000111287248196 -0.0034000030651525 0.0000149465762844 0.9999999997685894 -0.0000154732342480 -0.0049594830345176 0.0000111289560915 0.0000154730679090 0.9999999998183653 0.0001729246467204
0.9999999999384644 0.0000101942034589 -0.0000043759893101 -0.0035529534790006 -0.0000101943029841 0.9999999996893920 -0.0000227440592270 -0.0031631513653641 0.0000043757574512 0.0000227441038358 0.9999999997317792 0.0001983818062964
0.9999999986093382 -0.0000499579738615 -0.0000168974696528 -0.0039320773320393 0.0000499575859460 0.9999999984886158 -0.0000229566583976 0.0006971845298929 0.0000168986164954 0.0000229558142089 0.9999999995937336 0.0005030309776385
0.9999999984562338 -0.0000549637706521 -0.0000081557521965 -0.0041341803787997 0.0000549635209683 0.9999999980209737 -0.0000306114999507 -0.0000098396257031 0.0000081574347039 0.0000306110516346 0.9999999994982098 -0.0001575897749448
0.9999999999613842 0.0000087170321936 -0.0000011157183692 -0.0032311482094405 -0.0000087170463779 0.9999999998811870 -0.0000127137310141 -0.0039522984175703 0.0000011156075430 0.0000127137407394 0.9999999999185581 0.0003792974380547
0.9999999986340604 -0.0000521902641063 -0.0000028382124182 -0.0023659589417968 0.0000521902142136 0.9999999984836301 -0.0000175761592698 -0.0026093150448482 0.0000028391297183 0.0000175760111188 0.9999999998415116 0.0002751990154201
0.9999999993166413 -0.0000114336059690 -0.0000351566507945 -0.0030982536303356 0.0000114333233195 0.9999999999023195 -0.0000080399074237 -0.0048799060860117 0.0000351567427162 0.0000080395054609 0.9999999993496849 0.0009389185971723
0.9999999994568939 -0.0000328927536581 -0.0000020685972481 -0.0026946780021542 0.0000328927272725 0.9999999993777012 -0.0000127540631648 -0.0010031291362959 0.0000020690167631 0.0000127539951161 0.9999999999165274 0.0003643981775657
0.9999999991384941 -0.0000364355965113 -0.0000198861527404 -0.0018731104405898 0.0000364352745236 0.9999999992051501 -0.0000161916770630 0.0003242158476416 0.0000198867426780 0.0000161909524916 0.9999999996711852 0.0002617544099860
0.9999999995230843 -0.0000303263137678 -0.0000058434733788 -0.0030463215688545 0.0000303262645799 0.9999999995047318 -0.0000084174808870 -0.0010975135503352 0.0000058437286471 0.0000084173036723 0.9999999999474999 0.0006757905139749
0.9999999994202092 -0.0000248646550784 -0.0000232665110089 -0.0031008244017778 0.0000248642977496 0.9999999995729457 -0.0000153582343533 -0.0029840306346552 0.0000232668928762 0.0000153576558389 0.9999999996113971 0.0007101382174184
0.9999999991015368 -0.0000419377400597 -0.0000061767497366 -0.0016277164286192 0.0000419376864061 0.9999999990828897 -0.0000086862545510 -0.0010749927218025 0.0000061771140128 0.0000086859955046 0.9999999999431983 0.0006362519135743
0.9999999998573385 -0.0000159175576516 -0.0000056528257401 -0.0015318480805832 0.0000159174724351 0.9999999997596931 -0.0000150747415350 -0.0036334371398192 0.0000056530656918 0.0000150746515541 0.9999999998703989 0.0002858316103617
0.9999999992730341 -0.0000276528166502 -0.0000262536411800 -0.0034719179941250 0.0000276522821451 0.9999999994104226 -0.0000203594195530 -0.0013994831668551 0.0000262542041598 0.0000203586935651 0.9999999994481201 0.0004366546496905
0.9999999984998066 -0.0000546929680931 -0.0000030109885790 -0.0020912096600008 0.0000546929582288 0.9999999984989738 -0.0000032760827975 -0.0017469095466732 0.0000030111677532 0.0000032759181127 0.9999999999901006 0.0000617016553402
0.9999999997258199 -0.0000218078615206 -0.0000085309673383 -0.0027077997354716 0.0000218076288070 0.9999999993901735 -0.0000272778348812 -0.0018455335242807 0.0000085315622043 0.0000272776488335 0.9999999995915712 0.0007433623244341
0.9999999999190509 0.0000127065892507 -0.0000006639730453 -0.0039319005638030 -0.0000127065911527 0.9999999999151679 -0.0000028647667494 -0.0045828883831849 0.0000006639366438 0.0000028647751860 0.9999999999956761 0.0001381673675707
0.9999999997762058 -0.0000181018118893 0.0000109504675176 -0.0043456761510347 0.0000181021255795 0.9999999994258352 -0.0000286468624640 -0.0020535773817706 -0.0000109499489511 0.0000286470606843 0.9999999995297223 -0.0003028639045907
0.9999999997913184 0.0000002315850377 0.0000204281572061 -0.0041310348989278 -0.0000002310961589 0.9999999997136123 -0.0000239316117824 -0.0024463498309230 -0.0000204281627425 0.0000239316070566 0.9999999995049842 -0.0002628505447692
0.9999999997551707 -0.0000213929613210 -0.0000056568242545 -0.0023670941077519 0.0000213928838711 0.9999999996774490 -0.0000136911090816 -0.0037115434798079 0.0000056571171461 0.0000136909880625 0.9999999998902769 0.0002055088570834
0.9999999988475148 -0.0000339733059089 -0.0000339232219829 0.0018413183482938 0.0000339727558635 0.9999999992914650 -0.0000162148655341 -0.0028898211893199 0.0000339237728314 0.0000162137130501 0.9999999992931465 0.0007524136930312
0.9999999874749781 -0.0000149692483907 -0.0001575625754844 0.0246545098728396 0.0000149729839407 0.9999999996068891 0.0000237072058977 -0.0124593458135264 0.0001575622205434 -0.0000237095647827 0.9999999873060015 0.0025584600429777
0.9999999898128420 -0.0000994123550409 -0.0001024280210722 0.0302735377283694 0.0000994155424313 0.9999999945742430 0.0000311137231584 -0.0102000615831230 0.0001024249274280 -0.0000311239057787 0.9999999942702184 0.0020835529550382
0.9999999890618723 -0.0001326488790906 -0.0000654257608157 0.0247230115821098 0.0001326475954810 0.9999999910097711 -0.0000196232796480 -0.0023904829213630 0.0000654283632335 0.0000196146008635 0.9999999976671984 0.0006073688951170
0.9999999953166891 -0.0000827090146326 -0.0000502577422188 0.0134035300356638 0.0000827096012175 0.9999999965114715 0.0000116695664004 -0.0087114434618485 0.0000502567768652 -0.0000116737231435 0.9999999986689903 0.0004606387458790
0.9999999991041999 -0.0000372810061014 -0.0000200431223601 -0.0001285384681945 0.0000372807068049 0.9999999991935803 -0.0000149327920652 -0.0118954145570138 0.0000200436790535 0.0000149320448300 0.9999999996876425 0.0006074271497921
0.9999999972458495 0.0000681524079177 0.0000293862263356 -0.0112830745657940 -0.0000681540739676 0.9999999960701992 0.0000566976528533 -0.0202284828094825 -0.0000293823621386 -0.0000566996554882 0.9999999979609129 0.0000933313976694
0.9999999964889983 -0.0000197539520424 0.0000814357703402 -0.0271034999654011 0.0000197508001997 0.9999999990559515 0.0000387040416359 -0.0235296456171643 -0.0000814365348211 -0.0000387024330784 0.9999999959351062 0.0003249226436938
0.9999999964756100 -0.0000817110447179 0.0000192895114084 -0.0354983641586549 0.0000817093327778 0.9999999927249396 0.0000887339039162 -0.0310639158897281 -0.0000192967618081 -0.0000887323274704 0.9999999958771045 0.0009997319358050
0.9999999528301984 -0.0003061316643384 0.0000249600717493 -0.0500075416238229 0.0003061301949458 0.9999999514103535 0.0000588523096829 -0.0230240901028681 -0.0000249780870920 -0.0000588446658753 0.9999999979567002 0.0024005378290076
0.9999999111825690 -0.0003968121841003 0.0001420385319807 -0.0768127779257131 0.0003968024959409 0.9999999189462438 0.0000682296490682 -0.0145503876764980 -0.0001420655948240 -0.0000681732817642 0.9999999875848852 0.0020442737865390
0.9999999608403967 -0.0002129234570647 0.0001816116918046 -0.1153349292382771 0.0002129141210704 0.9999999760115674 0.0000514241349160 -0.0070690526317639 -0.0001816226368526 -0.0000513854652085 0.9999999821863758 0.0016480465154821
0.9999999423413739 -0.0001535933916406 0.0003028635319956 -0.1825065464280337 0.0001535486829064 0.9999999773129420 0.0001476377916531 -0.0031677468910910 -0.0003028862013137 -0.0001475912788441 0.9999999432383802 0.0016544451279171
0.9999993032691789 -0.0010496367953104 0.0005401145755487 -0.2831332080718473 0.0010495737985177 0.9999994423637344 0.0001169062093252 0.0033931343317123 -0.0005402369834201 -0.0001163392377664 0.9999998473045801 0.0043833916725216
0.9999995959338993 -0.0005415648955849 0.0007175231717706 -0.3430233923049161 0.0005414604441028 0.9999998427875060 0.0001457585360131 -0.0084659834742444 -0.0007176019966734 -0.0001453699667017 0.9999997319574376 0.0054422875767046
0.9999993149653210 -0.0007498924802575 0.0008987380912902 -0.4323486651178285 0.0007498139298674 0.9999997150408222 0.0000877345142571 -0.0069258423254984 -0.0008988036266390 -0.0000870605678158 0.9999995922861660 0.0072328702073327
0.9999993098644550 -0.0005291593770832 0.0010489332521732 -0.4954177323669303 0.0005290294248421 0.9999998523556365 0.0001241634922357 -0.0098460068429625 -0.0010489987995803 -0.0001236084899909 0.9999994421610743 0.0082279268066466
0.9999986924543693 -0.0006902454254671 0.0014624126654860 -0.5746803394634444 0.0006899027526936 0.9999997344488010 0.0002348116680137 0.0007291379945395 -0.0014625743548203 -0.0002338024384632 0.9999989031057366 0.0053713062100502
0.9999983357046771 -0.0008168703718494 0.0016313524056775 -0.6670025352169738 0.0008164564224274 0.9999996343407221 0.0002543960145373 0.0070933104125861 -0.0016315596177254 -0.0002530636629984 0.9999986369850692 0.0066990008499749
0.9999975339213480 -0.0012634682017050 0.0018264170733069 -0.7973371215243201 0.0012628662797871 0.9999991479093749 0.0003306800319150 0.0146060985093309 -0.0018268333207393 -0.0003283726958973 0.9999982774242118 0.0095723246914840
0.9999966503647176 -0.0014042907053310 0.0021742187009791 -0.9061096025491268 0.0014034089384502 0.9999989323850863 0.0004070283025635 0.0074337650760799 -0.0021747879658129 -0.0004039756212080 0.9999975535475081 0.0126365515920571
0.9999964833498731 -0.0012249490618659 0.0023521878502194 -1.0054191287381340 0.0012237318437533 0.9999991166356343 0.0005188528938632 -0.0098504641190369 -0.0023528213407461 -0.0005159726220643 0.9999970989977880 0.0203241525904072
0.9999961509455585 -0.0010622356869669 0.0025631522414961 -1.1176326886392129 0.0010605750690895 0.9999992268899268 0.0006491533497440 -0.0061244645073905 -0.0025638398137517 -0.0006464324357518 0.9999965044191482 0.0207442731900177
0.9999936119897450 -0.0017622446756594 0.0031097384787981 -1.3128366283119184 0.0017601846643651 0.9999982297267697 0.0006650513319820 0.0023593539550525 -0.0031109049568802 -0.0006595733696467 0.9999949436038761 0.0229707708449002
0.9999942658099930 -0.0008396002112578 0.0032807649441040 -1.4707494603935456 0.0008378533244840 0.9999995065288232 0.0005338013832872 -0.0027229052177418 -0.0032812115048953 -0.0005310495225534 0.9999944758034740 0.0257589113251089
0.9999933753776854 -0.0000588474852708 0.0036394694279660 -1.6295100344133455 0.0000569248181212 0.9999998587851602 0.0005283835962708 -0.0031858043356927 -0.0036395000080648 -0.0005281729197938 0.9999932375136634 0.0285360757758603
0.9999919307379148 0.0008130848401549 0.0039341265994019 -1.8325859323803031 -0.0008153483765308 0.9999995029860922 0.0005737896769818 -0.0033144813456320 -0.0039336581043985 -0.0005769927306584 0.9999920966754220 0.0320897108850070
0.9999913377943674 0.0013910260257854 0.0039229303877138 -2.0302451876031684 -0.0013940081948382 0.9999987414232476 0.0007575573070065 0.0102052844754998 -0.0039218716684747 -0.0007630193419975 0.9999920183301964 0.0376507568930641
0.9999905378685037 0.0019551735387971 0.0038860609740237 -2.2351200406999334 -0.0019591981272999 0.9999975481423583 0.0010321104446070 0.0194553029658736 -0.0038840334909250 -0.0010397142420251 0.9999919166063975 0.0483364935000582
0.9999865552704386 0.0033004696666832 0.0039995222641547 -2.4542728455645224 -0.0033051036995527 0.9999938738923305 0.0011525915777245 0.0234698903895973 -0.0039956936691103 -0.0011657949172741 0.9999913376396385 0.0540205660562336
0.9999818130074200 0.0044886494353717 0.0040281112993275 -2.6476923017494252 -0.0044935926216393 0.9999891608197508 0.0012189620016149 0.0188849104923059 -0.0040225961448028 -0.0012370405235758 0.9999911441862867 0.0555349898158831
0.9999732050221225 0.0057947852969312 0.0044732204446796 -2.8962202313750587 -0.0058015398391672 0.9999820481567122 0.0014984991830246 0.0189357079630599 -0.0044644566610940 -0.0015244105973913 0.9999888723376135 0.0630136647854808
0.9999616400469963 0.0074245443928506 0.0046469963503336 -3.1351640069929951 -0.0074332358375010 0.9999706509497598 0.0018558674785154 0.0172883175763294 -0.0046330809949228 -0.0018903385073342 0.9999874805120423 0.0706318010174186
0.9999527063950309 0.0082661715146972 0.0051240005603751 -3.4023992389605118 -0.0082774171486898 0.9999633709985978 0.0021773898289603 0.0330841944901594 -0.0051058141955708 -0.0022197003424542 0.9999845016757960 0.0785632694531782
0.9999273311061087 0.0104112058875881 0.0060777708891420 -3.6553697970630123 -0.0104269764471903 0.9999423377991722 0.0025688983817716 0.0375091427030552 -0.0060506751015395 -0.0026320844766802 0.9999782304941059 0.0862315201909894
0.9999093794028510 0.0118277192857596 0.0064294664399632 -3.9195226958340394 -0.0118451056448918 0.9999262719614108 0.0026728474733824 0.0380157081053683 -0.0063973787184046 -0.0027487629675699 0.9999757586300188 0.0996754115406213
0.9998825107429773 0.0135446495592318 0.0071768501891442 -4.2060826474672650 -0.0135630628038859 0.9999048338330573 0.0025232131626272 0.0378043741465393 -0.0071419911577699 -0.0026202567820369 0.9999710626896653 0.1085079741541010
0.9998654184835514 0.0141979853954890 0.0082196186907992 -4.5318077721034262 -0.0142153788041191 0.9998968312078232 0.0020615397180602 0.0418253853684273 -0.0081895009718575 -0.0021781072662338 0.9999640933166394 0.1114115922937178
0.9998232031557137 0.0166288045920041 0.0087775446048017 -4.8153389662243562 -0.0166455037435007 0.9998597740708782 0.0018328666229261 0.0309023436968372 -0.0087458353845383 -0.0019786492294691 0.9999597968471798 0.1139448367532385
0.9997840285636312 0.0183670461436030 0.0097235716192637 -5.1357147886949335 -0.0183858065980647 0.9998292672183228 0.0018435100787119 0.0468182417590940 -0.0096880516521514 -0.0020218876404265 0.9999510256135321 0.1173272666637760
0.9997365442796967 0.0201711128421346 0.0109530013420958 -5.4535459445795755 -0.0201972578743894 0.9997934110504404 0.0022816648484100 0.0716484140435951 -0.0109047148539288 -0.0025022843233587 0.9999374109248637 0.1194840716926009
0.9997001504187727 0.0214798675705747 0.0117568933751161 -5.7938395073897171 -0.0215118756919303 0.9997652046818826 0.0026028276178844 0.1099654373243570 -0.0116982245190548 -0.0028549599899219 0.9999274977449903 0.1404518807592105
0.9996514996108253 0.0233678744888489 0.0122809514167837 -6.1291521576583960 -0.0234048295215926 0.9997219382167667 0.0028740569195146 0.1173679952181757 -0.0122103759521639 -0.0031604888838324 0.9999204558509251 0.1495460358054408
0.9996000850586659 0.0256073731350863 0.0119971826621165 -6.4763376102607815 -0.0256425795727984 0.9996672817749903 0.0027899572496264 0.1188599271645370 -0.0119217475044739 -0.0030964802150993 0.9999241389959126 0.1607196046388082
0.9995574911699335 0.0273493593458248 0.0116976232389783 -6.8582027258722382 -0.0273808113525342 0.9996218557108016 0.0025370760670819 0.1228964111112147 -0.0116238124445070 -0.0028562438036992 0.9999283618617829 0.1653067184606555
0.9995067939053941 0.0292000115047007 0.0115554430934218 -7.2290289290115481 -0.0292269282560552 0.9995704523816418 0.0021673463671945 0.1316159874910546 -0.0114871929415052 -0.0025040075250154 0.9999308847838630 0.1745563760306162
0.9994306827470453 0.0316653438240315 0.0116454447867317 -7.5930467651848073 -0.0316880854105560 0.9994962331151648 0.0017734800843473 0.1323561658178713 -0.0115834203406530 -0.0021414922605834 0.9999306167850396 0.1842228991955530
0.9993844878761035 0.0332367736563169 0.0112232913860898 -7.9759148252726746 -0.0332548395112251 0.9994458863410340 0.0014268584609350 0.1419507626655325 -0.0111696482353285 -0.0017992089660854 0.9999359988546244 0.1908608429354049
0.9993191219661781 0.0351581585458967 0.0111891179459480 -8.3832636434498156 -0.0351783713956227 0.9993797450168058 0.0016147557387745 0.1647008383543354 -0.0111254060015077 -0.0020072712337540 0.9999360960598911 0.1950725030249191
0.9992738002382856 0.0364240013814683 0.0111876843313430 -8.7812149309647385 -0.0364477636752914 0.9993337008358735 0.0019274067414694 0.1978610876265345 -0.0111100261208106 -0.0023337731337356 0.9999355583349134 0.2101027703789154
0.9991864265845686 0.0387226407440745 0.0112712919829974 -9.1704063901311770 -0.0387501801224899 0.9992464297968326 0.0022351909892223 0.2232545154787198 -0.0111762457755377 -0.0026701370918094 0.9999339787697364 0.2228213246755786
0.9991470080568937 0.0397226487879206 0.0112857194821190 -9.5988821362883670 -0.0397490555904815 0.9992074340498351 0.0021251633370701 0.2437249260888767 -0.0111923576882790 -0.0025719472809391 0.9999340559339709 0.2362281647891643
0.9990418745961667 0.0422429618954991 0.0114396229689872 -10.0160775524322059 -0.0422683615545057 0.9991043163690314 0.0019876177368680 0.2614970281052899 -0.0113454138256281 -0.0024692474695216 0.9999325899289709 0.2451695509706998
0.9990016156282875 0.0435862018110093 0.0097987235781635 -10.4786490179121188 -0.0436050698144419 0.9990473657613534 0.0017201313258505 0.2689655738843428 -0.0097144149874779 -0.0021456879993357 0.9999505118576921 0.2485480299087632
0.9989068605087250 0.0458444907601168 0.0091305364326558 -10.8916321195241625 -0.0458629847115349 0.9989460700274371 0.0018264200196938 0.2974859779189198 -0.0090371821909269 -0.0022431771406616 0.9999566478074755 0.2552687102956561
0.9989158735535463 0.0455689247541078 0.0095158110274463 -11.3686163060389003 -0.0455897573386546 0.9989582766314359 0.0019838284588439 0.3344606250570179 -0.0094154972549621 -0.0024155012535682 0.9999527557665591 0.2725308107768266
0.9988483895093175 0.0469334687813843 0.0099571222142482 -11.8057087244163768 -0.0469594048002606 0.9988939465043125 0.0023870353673566 0.3637294590306538 -0.0098340772545222 -0.0028518669650905 0.9999475775156244 0.2882486466718325
0.9987737755999950 0.0484432132382601 0.0102078530986299 -12.2646462996580610 -0.0484697013697203 0.9988218569068215 0.0023635173659552 0.3885596369360146 -0.0100813304112542 -0.0028553907546078 0.9999451052536722 0.3031116141886719
0.9987580859908389 0.0489018977668197 0.0095336279935593 -12.7454670856415859 -0.0489281717198290 0.9987990642200871 0.0025423070690349 0.4134035742606270 -0.0093978550782076 -0.0030056127298521 0.9999513221212556 0.3115166374775237
0.9987577925473735 0.0491014037011361 0.0084808006977979 -13.2188166864814196 -0.0491276603059374 0.9987882513498282 0.0029158117938085 0.4431797822766325 -0.0083273536469956 -0.0033288316464716 0.9999597862219797 0.3241455016568434
0.9987641672530757 0.0490850267806336 0.0077973301337536 -13.6927370538699176 -0.0491165068519446 0.9987854483110723 0.0038983325554904 0.4729274182122514 -0.0075965101153845 -0.0042764924874013 0.9999620016010968 0.3460700461541003
0.9987935185572160 0.0485392736892415 0.0074462203712465 -14.1950437919597352 -0.0485727234026296 0.9988100494832499 0.0043789944644207 0.5059134548368627 -0.0072248065266758 -0.0047353944913489 0.9999626884087542 0.3780862564433345
0.9988188974670968 0.0480174105833400 0.0074255197450400 -14.6944033311910225 -0.0480528245649218 0.9988338944803199 0.0046666142555471 0.5121415859322367 -0.0071927820727361 -0.0050179197032416 0.9999615414444227 0.3919242247541156
0.9988390658698330 0.0475128137425499 0.0079405933371040 -15.2121021022331853 -0.0475506929564461 0.9988579953842257 0.0046515219410390 0.5394127729309288 -0.0077105182472571 -0.0050237025461250 0.9999576542639627 0.3981317052309805
0.9988658073491966 0.0468201666688525 0.0086585738859549 -15.7187203979880135 -0.0468609581431907 0.9988909692258484 0.0045697046892876 0.5673504732693930 -0.0084350169258752 -0.0049702708322622 0.9999520723001248 0.4057970453522978
0.9988787373997619 0.0462593622849927 0.0100667458318626 -16.2431974855400050 -0.0463087434839713 0.9989159821529877 0.0047287288215468 0.5807856870194520 -0.0098370853200161 -0.0051896050252185 0.9999381479632072 0.4203749845112984
0.9988794843137663 0.0459829468214723 0.0111957321635479 -16.7773406537768857 -0.0460390763300172 0.9989280672498025 0.0048083168835696 0.6049317966154832 -0.0109626305120214 -0.0053183702567252 0.9999257650796229 0.4388114276913506
0.9989002957707823 0.0454824567911152 0.0113817939397934 -17.3093160666753398 -0.0455425747533805 0.9989494841241712 0.0050795721163278 0.6467353663603365 -0.0111388057652660 -0.0055923422907195 0.9999223233400818 0.4560144904053492
0.9989297368201537 0.0449189677399748 0.0110302871038574 -17.8561934088849732 -0.0449782811190968 0.9989744867117620 0.0051893281398582 0.6653776751721747 -0.0107858761345529 -0.0056798975472036 0.9999256990596168 0.4678773415937662
0.9989501478051976 0.0446424191792158 0.0102789401107740 -18.3981729295440530 -0.0446985003771445 0.9989865042003901 0.0052923047454058 0.6875501067250720 -0.0100322611612787 -0.0057462018160713 0.9999331652168963 0.4851872069983313
0.9989680298032849 0.0443637326582170 0.0097331729448044 -18.9463884497527815 -0.0444163970900419 0.9989992416425972 0.0052629713143190 0.7191232601486820 -0.0094899473382595 -0.0056898525592390 0.9999387813648249 0.5060028160790071
0.9989801367324481 0.0441936819483982 0.0092522910602276 -19.5146552273564851 -0.0442418080248408 0.9990080220582722 0.0050630312967477 0.7373874115105492 -0.0090193589967622 -0.0054672057819822 0.9999443788652572 0.5141278390723422
0.9989904696328293 0.0439000840301350 0.0095301733943438 -20.0888660760279940 -0.0439514199363047 0.9990198974873455 0.0052456753574913 0.7607909134523240 -0.0092905472584653 -0.0056592443418422 0.9999408275918719 0.5333172340473008
0.9989900991140332 0.0435451582161811 0.0110725366588618 -20.6689295957187689 -0.0436082256843062 0.9990334614435389 0.0055195623746618 0.7833701872103936 -0.0108214844083745 -0.0059968418412468 0.9999234637526666 0.5485776537030668
0.9989894259207412 0.0431722348833434 0.0125014012704657 -21.2504291148476661 -0.0432449064191447 0.9990487944625280 0.0056021738431546 0.8115028210244062 -0.0122476515033371 -0.0061371343595306 0.9999061609043650 0.5661112921835583
0.9989167195035761 0.0428647031608423 0.0181109005614546 -21.8489572990377994 -0.0429765848744423 0.9990590458614617 0.0058340410450903 0.8300934242067076 -0.0178437845969927 -0.0066060657973428 0.9998189632358137 0.5945890503290134
0.9985276506140981 0.0420876678364221 0.0342222029562785 -22.4502897050281867 -0.0423654537905804 0.9990745341568760 0.0074325987608285 0.8719225032867061 -0.0338777107285589 -0.0088714945365634 0.9993866105269170 0.6318523498434471
0.9978409412372258 0.0419188241811699 0.0505595507305544 -23.0171694203965949 -0.0425042855676410 0.9990404745696133 0.0105601079590276 0.9047256935848880 -0.0500683702470109 -0.0126863056478260 0.9986652171522838 0.6545138718667823
0.9973546342751447 0.0418622239593589 0.0594246387878693 -23.6253323961749224 -0.0429289280176879 0.9989370652898609 0.0167882914357718 0.9202242461020906 -0.0586586790606850 -0.0192949163060302 0.9980916118150672 0.6722425712870076
0.9975174876778160 0.0424343977603854 0.0561977193812316 -24.2518719899064124 -0.0435800548523923 0.9988631216306952 0.0193194996116733 0.9867227279478202 -0.0553140180786094 -0.0217206384090423 0.9982327250050976 0.7634796111670460
0.9984592391435861 0.0423387180338385 0.0358689381507466 -24.9130521117781711 -0.0430158943605794 0.9989063646530099 0.0183223221254147 0.9987379739852542 -0.0350539669819328 -0.0198370262630040 0.9991885266494359 0.7694140689284914
0.9990504037048482 0.0427256735219047 0.0085327416039233 -25.5779949293442108 -0.0428497284954395 0.9989700052499110 0.0149274706115892 0.9993971429808498 -0.0078861666890088 -0.0152789212018503 0.9998521705441564 0.7806579901248560
0.9990404870753521 0.0415226520558533 -0.0139274746631211 -26.2724015182522237 -0.0413205730640293 0.9990407735614977 0.0144963099892572 1.0359279737423897 0.0145160402969804 -0.0139069093580479 0.9997979208051012 0.7679276816230384
0.9987684504008369 0.0402100849597690 -0.0290642658850862 -26.9462413084320715 -0.0397596086061923 0.9990825262163970 0.0159147520415721 1.0715728599729137 0.0296775337148022 -0.0147395683990572 0.9994508437717267 0.7956251632040455
0.9988137338586685 0.0388196329723974 -0.0293966180230556 -27.6168734879677658 -0.0382812979983285 0.9990927696864341 0.0186595761970395 1.0998154107331091 0.0300943064194584 -0.0175121002789017 0.9993936456997080 0.8201524552477365
0.9990838666883218 0.0370691781356580 -0.0213846523342900 -28.2664830510024281 -0.0366767953483475 0.9991566974133285 0.0184582419819932 1.1318742421012333 0.0220508504617631 -0.0176570112543782 0.9996009153394547 0.8348342031696325
0.9993458608722499 0.0356693039354617 -0.0059624755145481 -28.9381303388223898 -0.0355866222965642 0.9992762012465958 0.0134412029110025 1.1550875451860230 0.0064375982340942 -0.0132202261301657 0.9998918856306634 0.8618908087419377
0.9992958645459541 0.0343770476013830 0.0150330868276095 -29.6410840187319593 -0.0344975936948156 0.9993740745837869 0.0078342248542451 1.1579812212988281 -0.0147543597157456 -0.0083473138201280 0.9998563052865980 0.8319544378093819
0.9990297315689501 0.0327928413721076 0.0293977039242036 -30.3363939750137810 -0.0329471703265279 0.9994456611007286 0.0047806353554892 1.1792181068477952 -0.0292246370164988 -0.0057445680143230 0.9995563618573906 0.8132297419537934
0.9990213870664316 0.0307606272725882 0.0317813151656726 -31.0527863155859727 -0.0309396764808527 0.9995079480711030 0.0051573405892463 1.2116326993472402 -0.0316070340766588 -0.0061355971584048 0.9994815405220783 0.8433782374507719
0.9992463557164971 0.0295222184555217 0.0252023650629102 -31.7915239668995575 -0.0297225753006505 0.9995291975298860 0.0076126081443452 1.2309604711051636 -0.0249657586465322 -0.0083559501390715 0.9996533844250598 0.8951096208808110
0.9994530192823065 0.0289291650242996 0.0160239089637440 -32.5350872952498804 -0.0290626193081839 0.9995442927135602 0.0081591091852237 1.2538185677384719 -0.0157805705356013 -0.0086203430758681 0.9998383185689701 0.9568746796041595
0.9994859666172298 0.0301036698594184 0.0110259510345786 -33.3077915677891951 -0.0301776096332704 0.9995227481460238 0.0066021068941725 1.2665576896812039 -0.0108219412326867 -0.0069314500369893 0.9999174168841850 0.9854915344089007
0.9994673788716744 0.0305257654389756 0.0115384667850486 -34.0674229565926225 -0.0305908073132908 0.9995168424879481 0.0055030982948988 1.2952722183871592 -0.0113649056004061 -0.0058531382425879 0.9999182865081562 0.9760455388809742
0.9994179684968033 0.0308641021599928 0.0145303628165386 -34.8323259104487235 -0.0309530089686441 0.9995032258443791 0.0059340342489033 1.3138773570019922 -0.0143399958685405 -0.0063803389046074 0.9998768203103583 1.0060169858074957
0.9993671470235725 0.0306954518316311 0.0179748348203027 -35.6106562825715685 -0.0308305304794242 0.9994980663196957 0.0072865501814184 1.3480255752859958 -0.0177421486951959 -0.0078361125592382 0.9998118880567667 1.0226005202258202
0.9993208240819075 0.0313773350564438 0.0193223549551530 -36.3750633991659242 -0.0315352826565533 0.9994712238374805 0.0079245610970067 1.3728890001213867 -0.0190634861457330 -0.0085285148510491 0.9997819001814380 1.0672005024195579
0.9993266092949140 0.0310860793401833 0.0194931687107563 -37.2205363078050624 -0.0312535054441142 0.9994766620268726 0.0083438876475763 1.4084077090806104 -0.0192235884419352 -0.0089474988056148 0.9997751726826080 1.0982530889710829
0.9993327748545312 0.0306964152432466 0.0197923013507008 -37.9851039674385476 -0.0308630953735934 0.9994902166941908 0.0081716630229064 1.4183326589458796 -0.0195313708045097 -0.0087770623681068 0.9997707180802422 1.1437581757928512
0.9993479047949021 0.0286293747540838 0.0220028198926734 -38.8225476973071224 -0.0287928853038580 0.9995598213138704 0.0071507601597479 1.4526109329119028 -0.0217884129279319 -0.0077796218528661 0.9997323354507988 1.1622927145919029
0.9993523458079004 0.0273887754752990 0.0233397494890188 -39.6166648131849044 -0.0275411361618925 0.9996012467384697 0.0062316400577288 1.4650869021347366 -0.0231597656974027 -0.0068704073285833 0.9997081687952644 1.1816448238965336
0.9994141826145930 0.0253131191204271 0.0230334015985492 -40.4713948437677260 -0.0254459834355234 0.9996611037554674 0.0054935931228797 1.4858400534125322 -0.0228865356881300 -0.0060764824360604 0.9997196021112121 1.2223922283020412
0.9995039674226450 0.0243990226584772 0.0199124784922227 -41.2932610155354070 -0.0244804992084835 0.9996928623731942 0.0038582481249008 1.5173300327141193 -0.0198122251374133 -0.0043438017221072 0.9997942824009864 1.2538246429505038
0.9995884406420763 0.0228583031081322 0.0173334161018267 -42.1449101574572467 -0.0229093560830766 0.9997337571236090 0.0027525027468905 1.5221806132247333 -0.0172658836611717 -0.0031484673302402 0.9998459763457916 1.2873865463354515
0.9996311573723370 0.0213333269738239 0.0168059028519742 -42.9964869966590371 -0.0213735169981773 0.9997691056640039 0.0022154301899485 1.5444653189874649 -0.0167547599675645 -0.0025738142951322 0.9998563164267171 1.3124904882400215
0.9996681136770277 0.0200440557355088 0.0161832730646539 -43.8490820813539557 -0.0200771226797293 0.9997966603247740 0.0018833874618657 1.5665703467156313 -0.0161422316399077 -0.0022076759500049 0.9998672684534600 1.3462923975232111
0.9997019400099795 0.0187473219899404 0.0156387038621811 -44.7310954203224469 -0.0187828860774597 0.9998213164923515 0.0021303234736199 1.5721804233717027 -0.0155959716236173 -0.0024234285024691 0.9998754385739299 1.3758315778213583
0.9997253050110205 0.0172278919031340 0.0158906973162226 -45.6007030197496732 -0.0172610116244644 0.9998491172422013 0.0019494172695765 1.6006865007647380 -0.0158547153339939 -0.0022231712855173 0.9998718345423644 1.3983687178347550
0.9997261327347664 0.0160344582018018 0.0170456938070279 -46.4852871157987693 -0.0160701097629790 0.9998689530408367 0.0019566086033932 1.6194043420930939 -0.0170120868618193 -0.0022299989228109 0.9998527971683683 1.4357799136761040
0.9997289802087906 0.0149149720074020 0.0178748354037130 -47.4089417511068731 -0.0149597196871110 0.9998852829324318 0.0023722904573167 1.6148061261753575 -0.0178374022092479 -0.0026390500467451 0.9998374180321901 1.4642257878639611
0.9997711660310776 0.0129442271402167 0.0170312229919580 -48.2711221076941186 -0.0129859200526350 0.9999129420198202 0.0023397140112136 1.6376417725563699 -0.0169994544984800 -0.0025603447053424 0.9998522206715070 1.4990618038256838
0.9998118717481644 0.0115209560989315 0.0156041238779528 -49.1825570574140087 -0.0115503457784010 0.9999316820519875 0.0017946423271820 1.6494685716028739 -0.0155823818407642 -0.0019745377306177 0.9998766376793284 1.5324482356676055
0.9998549310643234 0.0099457157017684 0.0138274931038370 -50.0897612874107665 -0.0099692104666208 0.9999489756410163 0.0016312440512065 1.6636904965767414 -0.0138105636752915 -0.0017688565973461 0.9999030650404612 1.5591369903387882
0.9998873171250858 0.0079795228614841 0.0127153555711628 -50.9796119204349765 -0.0079943186108403 0.9999674252864946 0.0011132097049149 1.6636755790720832 -0.0127060584898079 -0.0012147348689310 0.9999185369303101 1.5950652586566560
0.9999054677226774 0.0061963635053457 0.0122743919443424 -51.8561704035121522 -0.0062126698656236 0.9999798680792872 0.0012908017943244 1.6748909101582152 -0.0122661465601260 -0.0013669365168427 0.9999238336659070 1.6219617641931028
0.9999187139629866 0.0041297716174920 0.0120627713645879 -52.7482967002637366 -0.0041468652444218 0.9999904323365127 0.0013923879053567 1.6762558822065414 -0.0120569057079987 -0.0014422974109851 0.9999262726836048 1.6659198444249561
0.9999245382084241 0.0023580902267647 0.0120564214903214 -53.6303817937647693 -0.0023838669066377 0.9999949027174732 0.0021240804228643 1.6748463673581184 -0.0120513512620488 -0.0021526610401534 0.9999250626838018 1.6862030512137800
0.9999542425523755 0.0002388083674741 0.0095632511244136 -54.5127260664454241 -0.0002568948810689 0.9999981808226790 0.0018900678169258 1.6854836374816946 -0.0095627823631543 -0.0018924380825069 0.9999524848069427 1.7206804842557779
0.9999420392609433 -0.0014421633877653 0.0106695024921124 -55.4004143667360935 0.0014272588630092 0.9999979952799924 0.0014044102442329 1.6628159343738558 -0.0106715064917829 -0.0013891007015814 0.9999420929976078 1.7670949749443909
0.9998724260157152 -0.0033878104481888 0.0156094341286031 -56.2458186082030380 0.0033826264265842 0.9999942146419453 0.0003584983922275 1.6584846329068312 -0.0156105583470365 -0.0003056517727718 0.9998781010928720 1.7919160199141480
0.9997400115730473 -0.0056217050461546 0.0220976399712126 -57.1152138182275735 0.0056121272354345 0.9999841291660615 0.0004954229374239 1.6548555564961962 -0.0221000743848654 -0.0003712793660724 0.9997556945893410 1.8223985057315526
0.9997083362698128 -0.0077932741086611 0.0228584179529135 -57.9780651523555193 0.0077726307553940 0.9999693007954576 0.0009918053155449 1.6551676811154790 -0.0228654456283517 -0.0008138459995065 0.9997382202611371 1.8561486209593401
0.9997858515824153 -0.0093243040618491 0.0184745319125213 -58.8502132124275903 0.0093123789637091 0.9999563713644095 0.0007314135350760 1.6372884002339512 -0.0184805458160968 -0.0005592150616783 0.9998290637428250 1.9036331177055859
0.9998435450810450 -0.0109936830071509 0.0138572830564510 -59.7400803388294577 0.0109970762386868 0.9999395160992967 -0.0001686929310776 1.6224998539206870 -0.0138545903573088 0.0003210561364716 0.9999039690135190 1.9401305399223512
0.9998276949990657 -0.0128721412494321 0.0133749128038290 -60.5728769552091606 0.0128872545360948 0.9999164104586530 -0.0010443974361430 1.6278413775254845 -0.0133603511696836 0.0012165833869428 0.9999100064213206 1.9634701037271753
0.9997577126027425 -0.0144345441851720 0.0166180632294620 -61.4489969397525968 0.0144510916371164 0.9998951937137726 -0.0008760927992977 1.5948367536059069 -0.0166036755517489 0.0011160296876139 0.9998615266305173 2.0013634016025788
0.9996890053898920 -0.0156390902984961 0.0194245040400993 -62.2879099531509439 0.0156582382620488 0.9998770544060824 -0.0008340544016470 1.5865532349056517 -0.0194090720308123 0.0011379485276056 0.9998109786334871 2.0481620649679444
0.9996433103848210 -0.0167322262564059 0.0208154896022346 -63.1366603114347953 0.0167575591927718 0.9998590380578758 -0.0010431796969577 1.5724121093655234 -0.0207951006916785 0.0013916244047290 0.9997827899942763 2.0821238436771647
