1.0000000000000000 -0.0000000000000000 -0.0000000000000000 0.0000000000000055 0.0000000000000000 1.0000000000000000 0.0000000000000000 -0.0000000000000146 0.0000000000000000 -0.0000000000000000 1.0000000000000000 -0.0000000000000052
0.9999999986210226 -0.0000510907453494 0.0000121527986867 0.0004673754246640 0.0000510899677621 0.9999999966484484 0.0000639759207654 -0.0008019607494737 -0.0000121560672234 -0.0000639752997911 0.9999999978796955 0.0001160400009785
0.9999999999305504 -0.0000096560345493 -0.0000067572322250 0.0025131366375824 0.0000096560708355 0.9999999999389619 0.0000053699638313 0.0037074994293601 0.0000067571803720 -0.0000053700290793 0.9999999999627517 0.0000854960208589
0.9999999990868971 -0.0000427307764866 0.0000005353560721 0.0021673384209826 0.0000427307681798 0.9999999989668104 0.0000155067962012 0.0032669739935083 -0.0000005360186890 -0.0000155067733109 0.9999999998796263 0.0015737975836936
0.9999999996151098 -0.0000224014176854 -0.0000163693916099 0.0043949540366905 0.0000224021609932 0.9999999987180548 0.0000454096206169 0.0018844358669604 0.0000163683743490 -0.0000454099873092 0.9999999988350047 -0.0004461841587850
0.9999999992753772 -0.0000380220885833 0.0000018884907220 -0.0015333021175220 0.0000380220520942 0.9999999990905668 0.0000193181241463 0.0016111211765466 -0.0000018892252357 -0.0000193180523280 0.9999999998116218 0.0004434411480987
0.9999999999585009 0.0000013807553675 -0.0000090050957310 0.0026026056850339 -0.0000013803268695 0.9999999988669394 0.0000475837791796 0.0003563860425116 0.0000090051614224 -0.0000475837667476 0.9999999988273461 0.0000634442758670
0.9999999993211158 -0.0000365598965963 0.0000045980649593 -0.0002733078762215 0.0000365597021165 0.9999999984375146 0.0000422889938875 0.0008432088595002 -0.0000045996110333 -0.0000422888257549 0.9999999990952494 -0.0002137975228568
0.9999999996355823 -0.0000255640987207 0.0000086782593766 0.0012196275658300 0.0000255638459848 0.9999999992492071 0.0000291217373851 0.0026314698414896 -0.0000086790038410 -0.0000291215155248 0.9999999995383061 -0.0002054526381220
0.9999999991788275 -0.0000402179008302 -0.0000049865199636 0.0025040949120551 0.0000402179893351 0.9999999990337254 0.0000177500020071 0.0043009724921126 0.0000049858060910 -0.0000177502025403 0.9999999998300361 0.0000862771911483
0.9999999997140258 -0.0000223367113810 0.0000085451654862 -0.0012888066789942 0.0000223364789885 0.9999999993807592 0.0000271949138882 0.0041186134987777 -0.0000085457729259 -0.0000271947230115 0.9999999995937084 0.0025611708407646
0.9999999998468675 -0.0000175002294875 -0.0000000840669777 -0.0057831649950610 0.0000175002323184 0.9999999992759039 0.0000337925138199 0.0043833378429429 0.0000000834756008 -0.0000337925152859 0.9999999994290295 0.0048308578425272
0.9999999996738024 0.0000021673395911 -0.0000254499115604 -0.0105636795348349 -0.0000021667622772 0.9999999997403634 0.0000226843237217 0.0038171517656404 0.0000254499607184 -0.0000226842685704 0.9999999994188618 0.0087272590542915
0.9999999994526637 -0.0000220297809079 -0.0000246852455199 -0.0080154869383367 0.0000220306953397 0.9999999990711953 0.0000370439985698 0.0059170041986598 0.0000246844294258 -0.0000370445423826 0.9999999990091905 0.0013439300806169
0.9999999995783272 -0.0000275946884400 -0.0000090486859711 -0.0105132804277388 0.0000275950149352 0.9999999989682330 0.0000360839176524 0.0078120827411649 0.0000090476902373 -0.0000360841673358 0.9999999993080361 -0.0052386658703696
0.9999999992674278 -0.0000301315865931 -0.0000236057596043 -0.0076961417007279 0.0000301320317447 0.9999999993682254 0.0000188576217263 0.0067665240655998 0.0000236051913793 -0.0000188583330020 0.9999999995435791 -0.0114514797945456
0.9999999996897849 -0.0000200646172146 -0.0000147594444219 -0.0106170486512952 0.0000200651866813 0.9999999990543290 0.0000385840682265 0.0056338467136500 0.0000147586702333 -0.0000385843643655 0.9999999991467142 -0.0120667728996148
0.9999999989996055 -0.0000189989963298 -0.0000404947810027 -0.0120826643463047 0.0000190001394768 0.9999999994210509 0.0000282292924435 0.0060577041005729 0.0000404942446510 -0.0000282300618218 0.9999999987816399 -0.0106447011934824
0.9999999999319540 -0.0000093940822830 -0.0000069168749155 -0.0151987657418299 0.0000093943996166 0.9999999989034057 0.0000458795579846 0.0053815577770268 0.0000069164439116 -0.0000458796229614 0.9999999989236115 -0.0123865881696191
0.9999999992788906 -0.0000144782602137 -0.0000351083858448 -0.0071815907828616 0.0000144790504841 0.9999999996418443 0.0000225093007151 0.0050980883747627 0.0000351080599367 -0.0000225098090350 0.9999999991303663 -0.0083097693014013
0.9999999997094641 -0.0000152251511589 -0.0000186886756038 0.0023662168500764 0.0000152259413784 0.9999999989901204 0.0000422839220001 0.0033274735741475 0.0000186880318058 -0.0000422842065405 0.9999999989314017 -0.0062048602684807
0.9999999995758485 -0.0000199451205935 -0.0000212248708803 0.0088831299351084 0.0000199455650526 0.9999999995818354 0.0000209404809615 0.0031164561854637 0.0000212244532110 -0.0000209409042947 0.9999999995555006 -0.0017169386108850
0.9999999996465077 -0.0000174578932308 -0.0000200550889186 0.0024538120940959 0.0000174580538516 0.9999999998155374 0.0000080088326010 0.0032716891268927 0.0000200549490976 -0.0000080091827210 0.9999999997668260 -0.0019159286996323
0.9999999999253461 -0.0000105213048342 0.0000062136925515 -0.0075107482796836 0.0000105211932594 0.9999999997834426 0.0000179560398706 0.0025133412048746 -0.0000062138814711 -0.0000179559744938 0.9999999998194853 -0.0027864984848690
0.9999999997126833 -0.0000197824816522 -0.0000135383502863 -0.0114332328594453 0.0000197826007611 0.9999999997656237 0.0000087978055855 0.0036886169857323 0.0000135381762407 -0.0000087980734067 0.9999999998696558 -0.0028017289160341
0.9999999993187428 -0.0000367207788963 -0.0000037548152313 -0.0055269109871503 0.0000367207643126 0.9999999993182500 -0.0000038839971647 0.0077211621868908 0.0000037549578522 0.0000038838592824 0.9999999999854080 -0.0021834276090643
0.9999999993166477 -0.0000362162006579 0.0000074223584033 -0.0047208322629454 0.0000362161664787 0.9999999993335917 0.0000046049805202 0.0062722756302664 -0.0000074225251733 -0.0000046047117076 0.9999999999618514 -0.0022791223572159
0.9999999997579021 -0.0000157247608583 0.0000153924527080 0.0051065790177046 0.0000157248187604 0.9999999998692902 -0.0000037616081091 0.0066411087026614 -0.0000153923935556 0.0000037618501518 0.9999999998744613 -0.0022685884841945
0.9999999996752957 -0.0000219365476199 0.0000129690553424 0.0073897511780628 0.0000219365453089 0.9999999997593780 0.0000001783354155 0.0060266367814121 -0.0000129690592513 -0.0000001780509191 0.9999999999158860 -0.0009676640682666
0.9999999997913601 -0.0000016218510071 0.0000203629425376 0.0094617066841869 0.0000016216737918 0.9999999999608153 0.0000087028461732 0.0053863049306597 -0.0000203629566515 -0.0000087028131493 0.9999999997548055 -0.0000255508330693
0.9999999996812030 -0.0000084093517867 0.0000238091763418 0.0116752085306255 0.0000084092262672 0.9999999999507455 0.0000052719884620 0.0047419044371255 -0.0000238092206746 -0.0000052717882436 0.9999999997026646 0.0004924573431995
0.9999999993749531 -0.0000270211384723 0.0000228024538188 0.0157453319526810 0.0000270211431216 0.9999999996349082 -0.0000002035861195 0.0066856305870102 -0.0000228024483094 0.0000002042022678 0.9999999997400033 -0.0041457078986288
0.9999999984234342 -0.0000503382407252 0.0000248835900313 0.0161857753889360 0.0000503383415605 0.9999999987248177 -0.0000040516707527 0.0086973549688123 -0.0000248833860456 0.0000040529233450 0.9999999996821954 -0.0093083201160823
0.9999999992104079 -0.0000171270312813 0.0000358587344401 0.0166136506814754 0.0000171272642198 0.9999999998322313 -0.0000064957068863 0.0077993921325427 -0.0000358586231819 0.0000064963210432 0.9999999993359785 -0.0147761799371332
0.9999999990117185 -0.0000174826204333 0.0000408769004931 0.0102119433055332 0.0000174832362610 0.9999999997336895 -0.0000150651122729 0.0042424194378565 -0.0000408766371046 0.0000150658269185 0.9999999990510607 -0.0082577578062593
0.9999999989776206 -0.0000092758443073 0.0000442574011817 0.0099320547900346 0.0000092760098994 0.9999999999499789 -0.0000037413635104 0.0031776567440590 -0.0000442573664751 0.0000037417740387 0.9999999990136423 -0.0022282662720713
0.9999999972462417 -0.0000617455039697 0.0000411704919901 0.0068797058278582 0.0000617462642862 0.9999999979231937 -0.0000184664968169 0.0044355135120027 -0.0000411693516815 0.0000184690388902 0.9999999989819895 0.0042409661542662
0.9999999988913030 -0.0000114200610338 0.0000456834350644 0.0127033556192667 0.0000114202184693 0.9999999999288519 -0.0000034459668161 -0.0000559936192633 -0.0000456833957080 0.0000034464885271 0.9999999989505746 0.0132262504263168
0.9999999977710882 -0.0000417443764758 0.0000521078765025 0.0134890520465785 0.0000417457511373 0.9999999987806871 -0.0000263802598293 0.0028768456334059 -0.0000521067752115 0.0000263824350530 0.9999999982944255 0.0226618893841324
0.9999999985921145 -0.0000256384833825 0.0000464590035943 0.0188529635271002 0.0000256393339122 0.9999999995037465 -0.0000183065974736 0.0011798847249944 -0.0000464585342179 0.0000183077886257 0.9999999987532148 0.0318428228889258
0.9999999979341372 -0.0000494672017896 0.0000410453601348 0.0124584075522807 0.0000494681197886 0.9999999985263612 -0.0000223647624425 0.0050651067762128 -0.0000410442537521 0.0000223667928331 0.9999999989075479 0.0216510486504346
0.9999999988246719 -0.0000438308608445 -0.0000207246649066 0.0078035436515563 0.0000438294381313 0.9999999966835059 -0.0000686437792593 0.0060533969111071 0.0000207276735538 0.0000686428708282 0.9999999974292599 0.0155152619087569
0.9999999982416228 -0.0000543980634360 -0.0000236136642659 -0.0000696436048338 0.0000543975182383 0.9999999982539212 -0.0000230882578990 0.0070991670969274 0.0000236149201812 0.0000230869733336 0.9999999994546636 0.0052349720441153
0.9999999988195825 -0.0000201387166582 -0.0000442184039534 0.0032732481099267 0.0000201371213434 0.9999999991464291 -0.0000360782207368 0.0037725546234889 0.0000442191304847 0.0000360773302629 0.9999999983715474 0.0033576288258849
0.9999999973949898 -0.0000259540748076 -0.0000673528501155 0.0070118185261469 0.0000259515134816 0.9999999989401545 -0.0000380290688147 0.0040638929939598 0.0000673538370534 0.0000380273208073 0.9999999970086918 0.0012016290881631
0.9999999956865439 -0.0000366916767833 -0.0000853266258855 0.0087361083760934 0.0000366883363484 0.9999999985606204 -0.0000391500334541 0.0026627191802449 0.0000853280622431 0.0000391469027933 0.9999999955933209 -0.0013201448448900
0.9999999935726911 -0.0000324083187488 -0.0001086476817854 0.0054553869210466 0.0000324028473453 0.9999999982069367 -0.0000503605196556 0.0032941451522740 0.0001086493136904 0.0000503569988376 0.9999999928297496 -0.0073434729040124
0.9999999912823938 -0.0000404462060616 -0.0001256953330107 0.0013957128666705 0.0000404381718442 0.9999999971394896 -0.0000639200681796 0.0043495016707626 0.0001256979179754 0.0000639149847329 0.9999999900574540 -0.0133868907754134
0.9999999859198428 -0.0000573807113569 -0.0001576951746205 -0.0007204159339103 0.0000573687196601 0.9999999954628422 -0.0000760469957547 0.0066902785466605 0.0001576995375357 0.0000760379479137 0.9999999846745431 -0.0191820608537238
0.9999999834237252 -0.0000442316993618 -0.0001766241946860 -0.0010839574968807 0.0000442199850340 0.9999999968226733 -0.0000663268149545 0.0068539508530584 0.0001766271278725 0.0000663190035358 0.9999999822023236 -0.0101439295561575
0.9999999856944570 -0.0000186468518162 -0.0001681171638049 -0.0035918474804997 0.0000186375524667 0.9999999982963859 -0.0000553160911378 0.0046991268423495 0.0001681181949895 0.0000553129570540 0.9999999843383746 -0.0017664137287622
0.9999999828754880 -0.0000223227120555 -0.0001837136908512 -0.0030158097212219 0.0000223117356179 0.9999999979661006 -0.0000597493534959 0.0063577518145500 0.0001837150242451 0.0000597452535014 0.9999999813396471 0.0062856862432688
0.9999999828755186 -0.0000255356448689 -0.0001832945533175 -0.0065214915814919 0.0000255222816366 0.9999999970165366 -0.0000729077484660 0.0053950985658665 0.0001832964145170 0.0000729030691223 0.9999999805437833 0.0009381157229063
0.9999999767774890 -0.0000442432718417 -0.0002109207301346 -0.0105287504395734 0.0000442246063083 0.9999999951060261 -0.0000884993325114 0.0055648383749866 0.0002109246446024 0.0000884900025699 0.9999999738401565 -0.0030393140601984
0.9999999760634253 -0.0000426056671511 -0.0002146110577163 -0.0152781632101356 0.0000425890868416 0.9999999961084184 -0.0000772614579516 0.0033492178146192 0.0002146143486571 0.0000772523160133 0.9999999739863802 -0.0085221358774537
0.9999999731698971 -0.0000479839551702 -0.0002266224729839 -0.0112233817601489 0.0000479651781074 0.9999999954167109 -0.0000828608457387 0.0032273967166865 0.0002266264479363 0.0000828499735282 0.9999999708881671 -0.0051416386541149
0.9999999755366041 -0.0000514746717998 -0.0002151212434388 -0.0090545320564071 0.0000514580209899 0.9999999956801300 -0.0000774067968592 0.0025886968735404 0.0002151252269990 0.0000773957252521 0.9999999738655189 -0.0025514908671303
0.9999999737475814 -0.0000631289935875 -0.0002202715747438 -0.0046439611574786 0.0000631097346421 0.9999999941858275 -0.0000874385863557 0.0053390215465415 0.0002202770933731 0.0000874246827796 0.9999999719174631 0.0011203960386024
0.9999999660196673 -0.0000588779678773 -0.0002539567856440 -0.0050989288563281 0.0000588573970338 0.9999999949867500 -0.0000810080670282 0.0058687560443720 0.0002539615539612 0.0000809931170401 0.9999999644718214 0.0007581250278275
0.9999999679722581 -0.0000380523781900 -0.0002502149063381 -0.0081981366507890 0.0000380389683974 0.9999999978401649 -0.0000535976408472 0.0042729367991933 0.0002502169453154 0.0000535881212137 0.9999999672598963 -0.0014355147022760
0.9999999649781206 -0.0000238640843733 -0.0002635797091674 -0.0055342876476390 0.0000238438864099 0.9999999967794791 -0.0000766323083344 0.0067479752952093 0.0002635815370784 0.0000766260208860 0.9999999623266124 -0.0031844323030408
0.9999999630481982 -0.0000203426608004 -0.0002710899822193 -0.0028612117963199 0.0000203212877093 0.9999999966853472 -0.0000788438375648 0.0052501905662298 0.0002710915852141 0.0000788383257538 0.9999999601469346 -0.0035932414518884
0.9999999549750892 -0.0000426913285407 -0.0002970307561623 -0.0032734174709027 0.0000426633187256 0.9999999946431971 -0.0000943050735818 0.0059794503928365 0.0002970347805801 0.0000942923970180 0.9999999514396403 -0.0024604839507181
0.9999999534617322 -0.0000368737387724 -0.0003028479170509 -0.0034868940223114 0.0000368490668392 0.9999999960022633 -0.0000814715880089 0.0044352656831834 0.0003028509200022 0.0000814604245542 0.9999999508227585 -0.0025429398827531
0.9999999533763840 -0.0000428935365201 -0.0003023365249448 -0.0004532511116126 0.0000428698945636 0.9999999960231897 -0.0000782035339326 0.0036975403088371 0.0003023398781686 0.0000781905691515 0.9999999512384153 -0.0063862114117348
0.9999999566075395 -0.0000088897460951 -0.0002944586413240 0.0029016819559460 0.0000088674304541 0.9999999970888850 -0.0000757865341161 0.0022783436983115 0.0002944593141899 0.0000757839197360 0.9999999537752539 -0.0105444577786389
0.9999999568367549 -0.0000514818035976 -0.0002892682357424 0.0076423683450059 0.0000514528500891 0.9999999936664172 -0.0001000987999892 0.0055443613979414 0.0002892733871771 0.0001000839119934 0.9999999531520579 -0.0143440174954475
0.9999999592621268 -0.0000453341910991 -0.0002818165288202 0.0003193658858969 0.0000453080423488 0.9999999946684015 -0.0000927921243502 0.0044190841725152 0.0002818207339735 0.0000927793520149 0.9999999559845320 -0.0134170710017160
0.9999999610248567 -0.0000345685072698 -0.0002770474751260 -0.0087855226773371 0.0000345473230206 0.9999999964795063 -0.0000764687498528 0.0022303686392999 0.0002770501175612 0.0000764591756238 0.9999999586986126 -0.0119507175487257
0.9999999639989918 -0.0000485978246565 -0.0002638944230441 -0.0192225041053775 0.0000485755503666 0.9999999952575304 -0.0000844118187571 0.0034701052961967 0.0002638985240234 0.0000843989969014 0.9999999616171884 -0.0099411111749010
0.9999999620474361 -0.0000577874227642 -0.0002693802888167 -0.0097260945170585 0.0000577644817455 0.9999999947047356 -0.0000851692047890 0.0044669495738030 0.0002693852090991 0.0000851536409439 0.9999999600902325 -0.0061890440758720
0.9999999695445791 -0.0000425225623112 -0.0002431104122554 -0.0020759790575708 0.0000424997001167 0.9999999946746785 -0.0000940447684115 0.0034492182071778 0.0002431144099853 0.0000940344334277 0.9999999660264539 -0.0038937683329096
0.9999999687698800 -0.0000442346845791 -0.0002459746566815 0.0042334112227654 0.0000442103020902 0.9999999941092892 -0.0000991305744238 0.0025985728567135 0.0002459790402422 0.0000991196967141 0.9999999648347981 0.0006381226085886
0.9999999735291101 -0.0000356821823826 -0.0002273071953819 0.0039959526376878 0.0000356657607544 0.9999999967541007 -0.0000722478517879 0.0025842897861696 0.0002273097726051 0.0000722397427914 0.9999999715558430 0.0005228868924074
0.9999999748927403 -0.0000474979183174 -0.0002189942159536 -0.0018879075344088 0.0000474786233791 0.9999999949910785 -0.0000881114252945 0.0038726453323244 0.0002189983999660 0.0000881010255383 0.9999999721389546 0.0012817814868340
0.9999999740297841 -0.0000528437518837 -0.0002216934121949 -0.0054896088599559 0.0000528216896701 0.9999999936526750 -0.0000995214504238 0.0043010871030984 0.0002216986698746 0.0000995097376186 0.9999999704737556 0.0031226989821066
0.9999999741306075 -0.0000316846480634 -0.0002252440175210 0.0010999323094761 0.0000316640746113 0.9999999953270597 -0.0000913414853735 0.0032875364447356 0.0002252469105913 0.0000913343508672 0.9999999704609324 -0.0013933170089773
0.9999999715122753 -0.0000604636664223 -0.0002309103583790 0.0041620382970325 0.0000604413976731 0.9999999935226290 -0.0000964446962083 0.0067168715815184 0.0002309161882833 0.0000964307369160 0.9999999686894130 -0.0052744816777845
0.9999999770597334 -0.0000479099977710 -0.0002087706032008 0.0052427520528490 0.0000478907200383 0.9999999945895944 -0.0000923433270723 0.0055204643863397 0.0002087750262398 0.0000923333267794 0.9999999739437723 -0.0103709468351819
0.9999999725549037 -0.0000535714982540 -0.0002280795615363 0.0072194163463540 0.0000535485961323 0.9999999935244082 -0.0001004177851086 0.0054784033906250 0.0002280849395906 0.0001004055690123 0.9999999689479906 -0.0034856953112793
0.9999999753784308 -0.0000679017502755 -0.0002112640297196 0.0059205541818088 0.0000678830047399 0.9999999937588855 -0.0000887362759089 0.0056238545427729 0.0002112700537496 0.0000887219324869 0.9999999737466913 0.0017096172097173
0.9999999781674065 -0.0000380284082553 -0.0002054726907040 0.0008807895419347 0.0000380094824316 0.9999999950353454 -0.0000921118259312 0.0032353993658176 0.0002054761925500 0.0000921040140095 0.9999999746481921 0.0083958624719210
0.9999999763526402 -0.0000472708154120 -0.0002122738540406 -0.0046623293054529 0.0000472522775607 0.9999999950699928 -0.0000873340516256 0.0034251467773255 0.0002122779813460 0.0000873240191373 0.9999999736562868 0.0036169097034266
0.9999999699423134 -0.0000765879344589 -0.0002329155654232 -0.0105652167181671 0.0000765630714696 0.9999999913708574 -0.0001067538345597 0.0047735260879149 0.0002329237394690 0.0001067359986198 0.9999999671769786 -0.0005956557115394
0.9999999716392436 -0.0000427769008074 -0.0002342896683964 -0.0179741252658432 0.0000427542759263 0.9999999944229466 -0.0000965721417521 0.0038851214253128 0.0002342937981467 0.0000965621221281 0.9999999678910858 -0.0045812671007843
0.9999999675093861 -0.0000540518303507 -0.0002491176956978 -0.0085982138499604 0.0000540279626264 0.9999999939502553 -0.0000958147620520 0.0040027309573114 0.0002491228731539 0.0000958012996174 0.9999999643799519 -0.0045481855571270
0.9999999675730600 -0.0000573414250161 -0.0002481246458421 -0.0008349722791707 0.0000573156461823 0.9999999929597956 -0.0001039005561067 0.0034718299250640 0.0002481306019012 0.0001038863313131 0.9999999638194166 -0.0045175670973499
0.9999999696202426 -0.0000418161079623 -0.0002429216479629 0.0109502082883783 0.0000417859298562 0.9999999914099817 -0.0001242335403490 0.0042154789571937 0.0002429268408394 0.0001242233858678 0.9999999627775495 -0.0053608459476761
0.9999999638270087 -0.0000471308647122 -0.0002648106169019 0.0037532183262573 0.0000470966239669 0.9999999905307374 -0.0001293075140480 0.0023434883139093 0.0002648167087693 0.0001292950376845 0.9999999565774510 -0.0089794236388485
0.9999999506675755 -0.0000548226907490 -0.0003092884077921 0.0061638868009960 0.0000547801263457 0.9999999890289427 -0.0001376272215573 0.0004254414658918 0.0003092959494935 0.0001376102719098 0.9999999426997127 -0.0118263311367712
0.9999999426457549 -0.0001157166603640 -0.0003183051076888 -0.0074725955012236 0.0001156676896174 0.9999999814736499 -0.0001538625541464 0.0057226150415036 0.0003183229062526 0.0001538257277053 0.9999999375040844 -0.0141656292372868
0.9999999450821414 -0.0000943652036913 -0.0003176962738563 -0.0095929978604449 0.0000943183119538 0.9999999846575220 -0.0001476110150496 0.0050003342454391 0.0003177101983255 0.0001475810423669 0.9999999386400310 -0.0064085279104079
0.9999999637339604 -0.0000955117600388 -0.0002518125921351 -0.0118987590019246 0.0000954823820654 0.9999999886349755 -0.0001166754625525 0.0021958924269757 0.0002518237331520 0.0001166514146550 0.9999999614886267 -0.0034250523660349
0.9999999741716648 -0.0000952770411521 -0.0002063466871305 -0.0248123144132063 0.0000952488027223 0.9999999860991940 -0.0001368549495319 0.0040005670981254 0.0002063597233968 0.0001368352917223 0.9999999693458833 0.0022173049022016
0.9999999636750591 -0.0001814783827679 -0.0001992874233753 -0.0343820292666128 0.0001814475778627 0.9999999715905191 -0.0001545824618398 0.0110425166074334 0.0001993154710889 0.0001545462960043 0.9999999681943922 0.0026923258010609
0.9999999671464028 -0.0002052592887735 -0.0001535441879321 -0.0459768871357075 0.0002052423978164 0.9999999728861495 -0.0001100148101958 0.0092335383315047 0.0001535667653307 0.0001099832928041 0.9999999821604618 0.0019260608293455
0.9999999728687716 -0.0001884270048122 -0.0001369588252623 -0.0590485584902126 0.0001884134833232 0.9999999773760895 -0.0000987328706457 0.0076515896762961 0.0001369774261029 0.0000987070630776 0.9999999857470501 0.0020749344554520
0.9999999510390241 -0.0002920854974717 -0.0001122854022479 -0.0716424057929673 0.0002920702891519 0.9999999481760202 -0.0001354359738442 0.0129244693615496 0.0001123249553127 0.0001354031719832 0.9999999845245426 0.0113697460048889
0.9999999349895040 -0.0003520299938298 -0.0000780760605182 -0.0936677837204769 0.0003520237918459 0.9999999348846890 -0.0000794346764688 0.0086025883028169 0.0000781040188229 0.0000794071866739 0.9999999937971304 0.0210992057305718
0.9999999157224838 -0.0004099832562377 0.0000216507499377 -0.1246623370658082 0.0004099847187620 0.9999999136720867 -0.0000675895661197 0.0099977360388643 -0.0000216230374782 0.0000675984369000 0.9999999974814477 0.0276784797525628
0.9999998515192616 -0.0005418368131704 0.0000580889199865 -0.1716294857149385 0.0005418426265541 0.9999998481924325 -0.0001001083417699 0.0136577898452423 -0.0000580346687833 0.0001001398019587 0.9999999933019986 0.0230336707762735
0.9999995551320621 -0.0009021388704993 0.0002754653086730 -0.2538747821807968 0.0009021384041559 0.9999995930714161 0.0000018171789734 0.0189700599046524 -0.0002754668359261 -0.0000015686703310 0.9999999620577801 0.0157433244148304
0.9999995079894833 -0.0008848504399312 0.0004483976921302 -0.3676781940095977 0.0008848180073939 0.9999996059186719 0.0000725230628996 0.0091656027317743 -0.0004484616874891 -0.0000721262768650 0.9999998968399522 0.0099258787110923
0.9999994977482903 -0.0007922992384308 0.0006138119288128 -0.4012386902980603 0.0007922667068277 0.9999996847394000 0.0000532406396588 0.0138960578647209 -0.0006138539178204 -0.0000527543101632 0.9999998102001572 0.0139017614264279
0.9999998139362064 0.0000659811410906 0.0006064437662333 -0.4356162357330502 -0.0000659603653366 0.9999999972371151 -0.0000342782722680 -0.0108557358961494 -0.0006064460262773 0.0000342382646377 0.9999998155254622 0.0252356614342885
0.9999997763942482 -0.0001045779446184 0.0006605110954248 -0.4576756232326161 0.0001046307670267 0.9999999913311615 -0.0000799379740711 0.0033954471706075 -0.0006605027299499 0.0000800070659791 0.9999997786674820 0.0356537872371311
0.9999995828708136 -0.0005020372326273 0.0007630313335602 -0.5477703335724738 0.0005020106142803 0.9999998733774963 0.0000350761232461 0.0010924498938397 -0.0007630488464631 -0.0000346930587864 0.9999997082763823 0.0373248532507559
0.9999987443542192 -0.0013441523229123 0.0008393715015880 -0.6467376474573894 0.0013439966907727 0.9999990795470206 0.0001859516246559 0.0167328981453005 -0.0008396206762943 -0.0001848232786460 0.9999996304386695 0.0420773810390566
0.9999974586715709 -0.0020829367911534 0.0008625686778542 -0.7547601754100196 0.0020827038318758 0.9999977944802120 0.0002708864346403 0.0037574882350235 -0.0008631310147628 -0.0002690892711382 0.9999995912978242 0.0495116044964766
0.9999766473068679 -0.0067351298220338 0.0011588214687094 -0.8463436020469610 0.0067348824371422 0.9999772968228322 0.0002172497624901 0.0128633331232268 -0.0011602583651345 -0.0002094401627656 0.9999993049674306 0.0412178569911242
0.9999762323353232 -0.0067679670069952 0.0013150616122696 -0.9419543894546258 0.0067676240269345 0.9999770642346495 0.0002650842917245 -0.0184887274597140 -0.0013168255320655 -0.0002561781487258 0.9999991001712323 0.0381131614557628
0.9999578661784582 -0.0090537170985392 0.0015152803451526 -1.0281497432758167 0.0090528090006606 0.9999588394145263 0.0006050834249644 -0.0051870242839094 -0.0015206962294771 -0.0005913403869402 0.9999986688988763 0.0210482736236212
0.9999124656142565 -0.0131088976148531 0.0017938541026739 -1.2010065833105588 0.0131079206465352 0.9999139333267093 0.0005552976077463 -0.0091206177414807 -0.0018009790511046 -0.0005317353028820 0.9999982368644582 0.0285344280655762
0.9998889247264312 -0.0147874269947801 0.0018628505831608 -1.3495855576791567 0.0147855027180926 0.9998901449696640 0.0010425458827776 -0.0151906712907208 -0.0018780625107838 -0.0010148868993478 0.9999977214402976 0.0405704813959342
0.9998198114466903 -0.0188898797363661 0.0018753885597928 -1.5316833311555955 0.0188869837983049 0.9998204234446917 0.0015500664114592 -0.0237946591747611 -0.0019043323520712 -0.0015143666738907 0.9999970401015544 0.0541041961503047
0.9997537047266594 -0.0220570429040182 0.0024529051449096 -1.6966507488275775 0.0220494392358619 0.9997521221868533 0.0030848682738977 -0.0269038094687451 -0.0025203401960171 -0.0030300233024790 0.9999922333918813 0.0599802429718120
0.9996828018950157 -0.0250573088248287 0.0025351271739481 -1.8640366947692484 0.0250489455573803 0.9996808495905977 0.0032786107247259 -0.0378408335604805 -0.0026164712485185 -0.0032140684930558 0.9999914118840859 0.0810771553284405
0.9995565730955892 -0.0296065705511953 0.0031793335149296 -2.0132552249482476 0.0295974385430304 0.9995577452203784 0.0028819440738179 -0.0467890855464580 -0.0032632519200326 -0.0027865660139626 0.9999907930759944 0.0711335303506115
0.9993953594386410 -0.0345778678680070 0.0036450769830296 -2.2232073899060389 0.0345645516284554 0.9993957837311612 0.0036550281944088 -0.0730997209186590 -0.0037692576501753 -0.0035268277645400 0.9999866770025918 0.0789471302945102
0.9992986358272770 -0.0372309686894438 0.0040114092522408 -2.4499445748967750 0.0372121473727142 0.9992964823428546 0.0046686684513195 -0.0846062000994461 -0.0041824062039342 -0.0045161208622668 0.9999810558859116 0.0909043268501740
0.9990806330911715 -0.0426695995551543 0.0041465474731041 -2.6828499485972208 0.0426472181555535 0.9990759015291966 0.0053439467826366 -0.0893550878493304 -0.0043707397241842 -0.0051621950201243 0.9999771239267614 0.1116935859473781
0.9988260035129972 -0.0481911741202257 0.0049219349008448 -2.8770431195826660 0.0481631797735249 0.9988234659353540 0.0056561480700095 -0.1077236126862429 -0.0051887204932616 -0.0054124517365824 0.9999718908778596 0.0915851010543257
0.9985362993209587 -0.0538049983240283 0.0055028259790948 -3.0960558890513354 0.0537744809898724 0.9985376760426932 0.0055511005690245 -0.1205227456332561 -0.0057934560216456 -0.0052470638083488 0.9999694516277566 0.0819377440103243
0.9982260366383612 -0.0592230144582580 0.0061167259008448 -3.3180709715369670 0.0591887057146571 0.9982308470410468 0.0056456294191181 -0.1450743042005485 -0.0064402556698326 -0.0052735731900929 0.9999653556662430 0.0782372543471520
0.9978451113602829 -0.0652324621802642 0.0070611339234607 -3.5309752211388958 0.0651875480958848 0.9978524128608965 0.0064144930379200 -0.1516186260788503 -0.0074644026975609 -0.0059403725124960 0.9999544962980973 0.0592098340702163
0.9974249636430729 -0.0713240341194502 0.0075049356121396 -3.7329705214817781 0.0712712076195251 0.9974318054091620 0.0070857972504337 -0.1925155445331363 -0.0079910491219494 -0.0065326652407120 0.9999467322906672 0.0612970987402000
0.9969367103681103 -0.0777871173219125 0.0081461585522070 -3.9628148982398463 0.0777217189336850 0.9969425193431167 0.0080590031512973 -0.2067728422149712 -0.0087481384536333 -0.0074011826451167 0.9999343441291781 0.0530200005751966
0.9962674049266008 -0.0858759334075890 0.0087511109118679 -4.2404893350951829 0.0858012228219869 0.9962753050791258 0.0085829279238821 -0.2265839760996334 -0.0094555826403359 -0.0078000353121090 0.9999248728809889 0.1128802034308344
0.9955470152614789 -0.0938325150349579 0.0090332456058170 -4.5225196875728191 0.0937514468872490 0.9955548139461080 0.0090154664481396 -0.2871783388373249 -0.0098390350394708 -0.0081284408680022 0.9999185576028417 0.1676997757211772
0.9947370440047177 -0.1020824936227286 0.0087964640919953 -4.8501438461908730 0.1020132128186859 0.9947509119772420 0.0079954693955373 -0.3271768199630129 -0.0095664881312680 -0.0070560340284783 0.9999293448482364 0.2543617519182001
0.9937487738149847 -0.1113124903364327 0.0085383860486631 -5.1605514604754115 0.1112456153181297 0.9937611828834695 0.0079450907193263 -0.3677982036021414 -0.0093695044535522 -0.0069455661503721 0.9999319834354463 0.2924491885301249
0.9925990716852894 -0.1211542315393554 0.0082906615906123 -5.4912605794310991 0.1210882809643110 0.9926091546684336 0.0080432755470488 -0.4155409201060066 -0.0092038634610618 -0.0069798458812455 0.9999332830988596 0.3335838398840209
0.9913433154552265 -0.1310409430635706 0.0081671380084721 -5.8306426116627046 0.1309708612254516 0.9913489425189438 0.0085969573940640 -0.4799136732830531 -0.0092230370325006 -0.0074528791471420 0.9999296926185937 0.3845818001674884
0.9899530939943060 -0.1411544179391223 0.0082645016406581 -6.1386494371731066 0.1410818784365090 0.9899589206561502 0.0087885715640311 -0.5404069698485136 -0.0094220628275840 -0.0075343021957974 0.9999272268632831 0.3476909254292935
0.9883606830013875 -0.1518650575523484 0.0089534681354638 -6.4448988260656108 0.1517886581031957 0.9883749038247568 0.0086748349052824 -0.5981195019732598 -0.0101667875094349 -0.0072148308382575 0.9999222883043029 0.2879897362935874
0.9865090080799609 -0.1634492781690130 0.0091820718315765 -6.7856738453258352 0.1633820181366120 0.9865331698852696 0.0076564264333592 -0.6604112763279507 -0.0103098558040061 -0.0060529482196920 0.9999285317917228 0.2325844096738450
0.9845414174825979 -0.1749081997585486 0.0092368240526904 -7.1046870042323524 0.1748466724858890 0.9845700694460497 0.0071006669836768 -0.7504638963962269 -0.0103362653782182 -0.0053758727872305 0.9999321285016332 0.2658128069650823
0.9824473212409012 -0.1863159798729715 0.0091442129542170 -7.4272028476864120 0.1862645917848597 0.9824801232512926 0.0061894477414762 -0.8315501373616153 -0.0101372004911209 -0.0043775632604628 0.9999390351946980 0.3111320095781529
0.9801284539815874 -0.1981503780201896 0.0092000753322557 -7.7629827477256743 0.1981034459874912 0.9801641435193506 0.0057685740750339 -0.9206069483050539 -0.0101606290919593 -0.0038313769631769 0.9999410393453314 0.3274191790851703
0.9776291201291079 -0.2101277138905599 0.0093620153126005 -8.1296042108392914 0.2100748369515331 0.9776648570224542 0.0063237823374053 -0.9959515967865548 -0.0104817152877360 -0.0042155899220732 0.9999361791865697 0.2444844936115758
0.9750770280622093 -0.2216624608142160 0.0095153986335699 -8.5237274993081780 0.2216023433423510 0.9751121478758594 0.0069785736441458 -1.0886751050647261 -0.0108254686064099 -0.0046960122140112 0.9999303759256128 0.1551626674948305
0.9723121330979196 -0.2335165532855529 0.0088957951982367 -8.9092572793836187 0.2334658858966398 0.9723440842051996 0.0063766788886391 -1.1928121005709578 -0.0101388339107902 -0.0041232575455818 0.9999400996030423 0.0775184146910970
0.9694223435670829 -0.2452452810754442 0.0086644043725510 -9.1317650573340767 0.2451980618971580 0.9694534187928230 0.0061627293291858 -1.2737838879015133 -0.0099111167273011 -0.0038497923494262 0.9999434728343818 0.1524190057282334
0.9664260440895296 -0.2567913666760447 0.0088823029734208 -9.3871834760660722 0.2567547044784338 0.9664633208888095 0.0050666660405215 -1.3680248714081973 -0.0098854961258694 -0.0026159849432354 0.9999477154277229 0.2407475330090313
0.9637178197730462 -0.2667609758866096 0.0093029885472447 -9.6341111410157616 0.2667751076773830 0.9637587654167975 -0.0002898379047302 -1.4920529243873912 -0.0088885193146644 0.0027611277250468 0.9999566842609128 0.3075029726238847
0.9607154018023772 -0.2773502796073025 0.0101360318393371 -10.0066888445769990 0.2773755643749536 0.9607608801801124 -0.0011521298588536 -1.6133801818117712 -0.0094187593329982 0.0039183564522357 0.9999479653738690 0.2912776873276152
0.9578382443167993 -0.2871655919221823 0.0090454706949995 -10.3622517019611564 0.2871872895417953 0.9578737336840286 -0.0011709158191788 -1.7155864381262207 -0.0083281720532431 0.0037192921640117 0.9999584033428842 0.3158300752434404
0.9550233933624279 -0.2964236007445131 0.0079603424656687 -10.7363927506180872 0.2964396408132398 0.9550511753542990 -0.0008898364397594 -1.8418430818498837 -0.0073387659065125 0.0032095756775098 0.9999679200549084 0.3350179073814198
0.9524261022775312 -0.3046794572489984 0.0074126939020398 -11.1199099328042443 0.3046926090159426 0.9524504930085301 -0.0006872982364477 -1.9526258683965170 -0.0068508183078701 0.0029131938252912 0.9999722894111861 0.3369569153014956
0.9503790588051747 -0.3110212733803139 0.0067388492696001 -11.4873441628432715 0.3110319880426077 0.9503992676186848 -0.0005783806105351 -2.0603963788398429 -0.0062247087364336 0.0026456785057147 0.9999771264315954 0.3500057075358031
0.9484546138823463 -0.3168382778639816 0.0068812125004070 -11.8853663464442345 0.3168475726693649 0.9484764304842341 -0.0002766033573138 -2.1955633194275506 -0.0064390293384069 0.0024426412082357 0.9999762859213748 0.3537796939939963
0.9468531148584995 -0.3215920719802842 0.0069078304976843 -12.2757977818773778 0.3216031136903291 0.9468744188723646 -0.0005216797936990 -2.3302739631084983 -0.0063730799023977 0.0027155339345229 0.9999760045761139 0.3494552241202847
0.9456140507200634 -0.3252299635045421 0.0062879185449119 -12.6753664758477935 0.3252399669610187 0.9456313183644796 -0.0006112441834804 -2.4889648032936851 -0.0057472577799078 0.0026230835081207 0.9999800440313400 0.3572853409733666
0.9446534022816702 -0.3280214898663812 0.0056437348896579 -13.0710906591943630 0.3280279996247001 0.9446679694149785 -0.0002429477287536 -2.6286270687384796 -0.0052517635021842 0.0020808044648103 0.9999840444891590 0.3603539802617433
0.9438197472896981 -0.3304253091607083 0.0048373228195708 -13.4962446145737065 0.3304270212590300 0.9438314300523019 0.0004639690844638 -2.7526725886991432 -0.0047189244425951 0.0011604789860903 0.9999881924506049 0.3687214484042307
0.9436273561399979 -0.3309931726505239 0.0033064184517361 -13.9127529704691799 0.3309835096259797 0.9436312791031003 0.0031504688406547 -2.8995331345268376 -0.0041628235497668 -0.0018784985992607 0.9999895710171712 0.3862432001141896
0.9434719583000302 -0.3314496938506433 0.0013282875520866 -14.3488086979074279 0.3314386375951744 0.9434617948412962 0.0053170653460791 -3.0591420973929617 -0.0030155282390988 -0.0045762562378763 0.9999849821213739 0.3968011058988294
0.9434385642553501 -0.3315469984046084 0.0005131517302397 -14.7802869249829119 0.3315396879268465 0.9434260554017727 0.0053584809806985 -3.2135047158411019 -0.0022607089978414 -0.0048852674385170 0.9999855115734834 0.4107341638602032
0.9433504673425299 -0.3317958014172612 0.0012008024432938 -15.2063652417096513 0.3317837797639026 0.9433374083981179 0.0058358720257299 -3.3621797908984661 -0.0030690797006006 -0.0051068658294377 0.9999822501780676 0.4016174598729348
0.9434861965939111 -0.3314081036178215 0.0015702525895488 -15.6426065916859311 0.3313962772519601 0.9434772407586918 0.0052157064629404 -3.5058186669126639 -0.0032100249683920 -0.0044005711907482 0.9999851652464138 0.4242728359466196
0.9435905730792449 -0.3311007059761394 0.0030253756930766 -16.0697241075891490 0.3310824039153901 0.9435869155307732 0.0053079804754583 -3.6437051273029728 -0.0046121810012837 -0.0040069116815202 0.9999813360484224 0.4176327358374058
0.9436640882287060 -0.3308766576225469 0.0043273580874508 -16.5259465884943921 0.3308510883975186 0.9436657450076082 0.0057025437668694 -3.8124693567674557 -0.0059704182150370 -0.0039495746312281 0.9999743771550199 0.4259490610817327
0.9437076585655125 -0.3307383443161916 0.0052917637685666 -17.0071604944465840 0.3306991329079688 0.9437094788774796 0.0071065442173713 -3.9631122027910592 -0.0073442942966399 -0.0049565185140490 0.9999607463623281 0.4215186149662951
0.9438523373903243 -0.3303237930643786 0.0053811651510550 -17.4654143380884896 0.3302764593497104 0.9438493320056029 0.0081178120202605 -4.1181379335816599 -0.0077605155911511 -0.0058847436765516 0.9999525709700540 0.4337841066178929
0.9441217648985897 -0.3295690926657280 0.0042785750269149 -17.9376524639580630 0.3295342910765366 0.9441159264597179 0.0072296894672613 -4.2752379853483085 -0.0064221530234434 -0.0054157699911873 0.9999647120703540 0.4518373891454799
0.9442415989447135 -0.3292279111433722 0.0040969923727881 -18.4205958245637618 0.3292019469153349 0.9442409216113612 0.0059295954061176 -4.4436835457566684 -0.0058207361633976 -0.0042502327817486 0.9999740269386086 0.4525826680134316
0.9444229437756572 -0.3287004645405407 0.0046160460303738 -18.8959669129396239 0.3286787534898448 0.9444291519161870 0.0048840572512671 -4.6117592486905030 -0.0059649203250061 -0.0030954194714955 0.9999774187969506 0.4610663607761342
0.9445457883753482 -0.3283306422024347 0.0056782966925595 -19.3859605110764903 0.3283036830555333 0.9445579736093815 0.0051890445277427 -4.7627711451263082 -0.0070672027396877 -0.0030370844367222 0.9999704149441424 0.4610486650641251
0.9446086027614994 -0.3281375169441600 0.0063527602417291 -19.8616075404430994 0.3280988657926910 0.9446215883000628 0.0064178799471665 -4.9238019170147584 -0.0081069016595406 -0.0039780511796198 0.9999592257958796 0.4664996648370203
0.9444780708636660 -0.3284994927474989 0.0070183275987796 -20.3658192976186641 0.3284451856439832 0.9444901965351479 0.0078758286095661 -5.0947392208782594 -0.0092159473163281 -0.0051334115005244 0.9999443556525678 0.4934535627183946
0.9442305773997778 -0.3292025051747887 0.0073707048459103 -20.8726351113368764 0.3291381351667046 0.9442414230157226 0.0087305807497214 -5.2668712485851943 -0.0098338538867703 -0.0058177012544977 0.9999347227043609 0.4960083701530401
