1.0000000000000000 0.0000000000000014 0.0000000000000110 -0.0000000000000490 -0.0000000000000014 1.0000000000000000 -0.0000000000000002 0.0000000000000007 -0.0000000000000110 0.0000000000000002 1.0000000000000000 0.0000000000000144
0.9999999991683018 -0.0000398875583804 -0.0000085075785205 -0.0019683008529355 0.0000398874656776 0.9999999991451295 -0.0000108963807169 -0.0008347942602143 0.0000085080131432 0.0000108960413621 0.9999999999044450 0.0005815622428293
0.9999999998395023 -0.0000145317847365 0.0000104796364279 -0.0046129020723370 0.0000145320887464 0.9999999994736165 -0.0000290100907487 -0.0025973914595611 -0.0000104792148540 0.0000290102430350 0.9999999995242960 0.0002412992689131
0.9999999991545215 -0.0000264656308870 -0.0000314726425871 -0.0031593020579254 0.0000264652399055 0.9999999995726270 -0.0000124232494729 -0.0042507759195726 0.0000314729713628 0.0000124224165313 0.9999999994275678 0.0007256824893797
0.9999999986677176 0.0000506212128659 -0.0000101023505588 -0.0027309422707091 -0.0000506210978300 0.9999999986539205 0.0000113869814270 -0.0043961093453466 0.0000101029269680 -0.0000113864700198 0.9999999998841396 0.0000440333525897
0.9999999994246402 -0.0000330089642239 0.0000078184309004 -0.0056668475441183 0.0000330092865256 0.9999999986053696 -0.0000412267849390 -0.0016281572381442 -0.0000078170700360 0.0000412270429961 0.9999999991196121 0.0002918374116698
0.9999999998011413 0.0000029643040832 -0.0000197213149803 -0.0032654736427022 -0.0000029643057051 0.9999999999956031 -0.0000000822117977 -0.0063967493668882 0.0000197213147365 0.0000000822702577 0.9999999998055314 0.0006141038919745
0.9999999987265101 -0.0000459694225397 -0.0000208276698586 -0.0054183995268990 0.0000459690439823 0.9999999987782434 -0.0000181758106262 -0.0044170124246418 0.0000208285053647 0.0000181748531749 0.9999999996179241 0.0010561801272531
0.9999999995366768 -0.0000231713141009 0.0000197417465680 -0.0042356161419948 0.0000231716625982 0.9999999995757270 -0.0000176527627645 -0.0004075583141902 -0.0000197413375219 0.0000176532202054 0.9999999996493217 0.0001886157047552
0.9999999983925887 -0.0000489155603136 -0.0000286721223199 -0.0027320227890871 0.0000489149751636 0.9999999985954057 -0.0000204086714090 0.0003198342296106 0.0000286731205812 0.0000204072688801 0.9999999993806977 0.0005471562390247
0.9999999999499914 -0.0000045497873167 0.0000089059831310 -0.0037959018788428 0.0000045498413374 0.9999999999712534 -0.0000060656526862 -0.0045395856267850 -0.0000089059555333 0.0000060656932067 0.9999999999419457 -0.0000703988841909
0.9999999998999392 0.0000065618742176 0.0000125324941661 -0.0031297722457033 -0.0000065616666085 0.9999999998412622 -0.0000165656318019 -0.0015103464722194 -0.0000125326028657 0.0000165655495662 0.9999999997842582 0.0001752288718021
0.9999999983012191 -0.0000581131955856 -0.0000045186632143 -0.0043203679252787 0.0000581131324430 0.9999999982138148 -0.0000139726231679 -0.0021451444728134 0.0000045194752000 0.0000139723605505 0.9999999998921737 0.0007195533005101
0.9999999993339042 -0.0000321488425140 -0.0000172813111953 -0.0035562239031846 0.0000321487423217 0.9999999994664209 -0.0000057979717388 -0.0021409389239544 0.0000172814975842 0.0000057974161625 0.9999999998338699 0.0013895012665807
0.9999999988516228 -0.0000279760630525 0.0000389113651292 -0.0048239873641201 0.0000279768589403 0.9999999993994755 -0.0000204534697116 -0.0017196741806362 -0.0000389107928983 0.0000204545583059 0.9999999990337807 0.0005148414585716
0.9999999998904264 -0.0000018233250629 0.0000146909046804 -0.0021259585235403 0.0000018236097439 0.9999999998105826 -0.0000193780569673 -0.0015414588419157 -0.0000146908693451 0.0000193780837557 0.9999999997043341 -0.0000573419519478
0.9999999997252819 -0.0000215957939064 0.0000091136124847 -0.0045676177291797 0.0000215960033671 0.9999999995026786 -0.0000229838086991 -0.0017170200056065 -0.0000091131161266 0.0000229840055104 0.9999999996943433 0.0004368589337012
0.9999999999595627 0.0000089890107848 0.0000002687296281 -0.0036779482153532 -0.0000089890075024 0.9999999998850333 -0.0000122119229233 -0.0023069216693163 -0.0000002688394012 0.0000122119205072 0.9999999999253983 0.0003485224766951
0.9999999990649300 -0.0000260136043245 -0.0000345460903527 -0.0035478373759609 0.0000260128198331 0.9999999994038218 -0.0000227087993963 -0.0019609735843768 0.0000345466810699 0.0000227079007338 0.9999999991454390 0.0011016850236880
0.9999999995425578 -0.0000279365792221 -0.0000115944801258 -0.0029532319071994 0.0000279364013436 0.9999999994920974 -0.0000153415325680 -0.0029185333994411 0.0000115949087099 0.0000153412086529 0.9999999998151027 0.0001520949449529
0.9999999998250937 0.0000186318017748 0.0000016335765150 -0.0017124799449938 -0.0000186317723178 0.9999999996638811 -0.0000180303903723 -0.0046521419385550 -0.0000016339124531 0.0000180303599327 0.9999999998361182 0.0004500513777558
0.9999999991453676 -0.0000376028315124 0.0000171840556917 -0.0053746421188688 0.0000376030958887 0.9999999991746559 -0.0000153849121446 -0.0015330371759528 -0.0000171834771612 0.0000153855583051 0.9999999997340063 -0.0000728125140796
0.9999999999336548 0.0000004717033140 -0.0000115094656862 -0.0026527500064300 -0.0000004718848814 0.9999999998754556 -0.0000157754883964 -0.0015481792143388 0.0000115094582435 0.0000157754938265 0.9999999998093331 0.0002988920844149
0.9999999998263730 -0.0000149467535911 -0.0000111287229437 -0.0034000030654852 0.0000149465813929 0.9999999997685893 -0.0000154732347449 -0.0049594830361677 0.0000111289542158 0.0000154730684059 0.9999999998183653 0.0001729246475064
0.9999999999384646 0.0000101941981376 -0.0000043759873561 -0.0035529534793605 -0.0000101942976627 0.9999999996893920 -0.0000227440597446 -0.0031631513670853 0.0000043757554973 0.0000227441043534 0.9999999997317792 0.0001983818071162
0.9999999986093380 -0.0000499579793956 -0.0000168974676206 -0.0039320773324316 0.0000499575914802 0.9999999984886154 -0.0000229566589360 0.0006971845280994 0.0000168986144633 0.0000229558147473 0.9999999995937336 0.0005030309784937
0.9999999984562336 -0.0000549637763991 -0.0000081557500861 -0.0041341803792032 0.0000549635267154 0.9999999980209734 -0.0000306115005097 -0.0000098396275679 0.0000081574325937 0.0000306110521937 0.9999999994982098 -0.0001575897740567
0.9999999999613843 0.0000087170262337 -0.0000011157161807 -0.0032311482098333 -0.0000087170404179 0.9999999998811872 -0.0000127137315938 -0.0039522984194947 0.0000011156053546 0.0000127137413190 0.9999999999185581 0.0003792974389717
0.9999999986340601 -0.0000521902702791 -0.0000028382101515 -0.0023659589422107 0.0000521902203864 0.9999999984836297 -0.0000175761598702 -0.0026093150468374 0.0000028391274518 0.0000175760117193 0.9999999998415116 0.0002751990163689
0.9999999993166413 -0.0000114336123546 -0.0000351566484498 -0.0030982536307498 0.0000114333297051 0.9999999999023195 -0.0000080399080450 -0.0048799060880720 0.0000351567403715 0.0000080395060820 0.9999999993496850 0.0009389185981542
0.9999999994568937 -0.0000328927602566 -0.0000020685948252 -0.0026946780026090 0.0000328927338710 0.9999999993777010 -0.0000127540638066 -0.0010031291384260 0.0000020690143403 0.0000127539957580 0.9999999999165274 0.0003643981785815
0.9999999991384939 -0.0000364356033226 -0.0000198861502393 -0.0018731104410689 0.0000364352813349 0.9999999992051499 -0.0000161916777256 0.0003242158454494 0.0000198867401770 0.0000161909531542 0.9999999996711852 0.0002617544110337
0.9999999995230840 -0.0000303263207919 -0.0000058434707996 -0.0030463215693358 0.0000303262716041 0.9999999995047316 -0.0000084174815703 -0.0010975135526041 0.0000058437260679 0.0000084173043556 0.9999999999474999 0.0006757905150574
0.9999999994202091 -0.0000248646623154 -0.0000232665083515 -0.0031008244022614 0.0000248643049867 0.9999999995729455 -0.0000153582350573 -0.0029840306369936 0.0000232668902189 0.0000153576565428 0.9999999996113971 0.0007101382185325
0.9999999991015366 -0.0000419377475096 -0.0000061767470010 -0.0016277164291298 0.0000419376938560 0.9999999990828894 -0.0000086862552756 -0.0010749927241993 0.0000061771112774 0.0000086859962293 0.9999999999431984 0.0006362519147187
0.9999999998573383 -0.0000159175653143 -0.0000056528229264 -0.0015318480810915 0.0000159174800979 0.9999999997596930 -0.0000150747422803 -0.0036334371422845 0.0000056530628782 0.0000150746522995 0.9999999998703989 0.0002858316115367
0.9999999992730338 -0.0000276528245257 -0.0000262536382881 -0.0034719179946647 0.0000276522900207 0.9999999994104224 -0.0000203594203192 -0.0013994831694039 0.0000262542012681 0.0000203586943312 0.9999999994481202 0.0004366546509055
0.9999999984998061 -0.0000546929761816 -0.0000030109856091 -0.0020912096605527 0.0000546929663173 0.9999999984989734 -0.0000032760835842 -0.0017469095492799 0.0000030111647833 0.0000032759188996 0.9999999999901006 0.0000617016565839
0.9999999997258198 -0.0000218078698219 -0.0000085309642899 -0.0027077997360352 0.0000218076371083 0.9999999993901734 -0.0000272778356886 -0.0018455335269613 0.0000085315591562 0.0000272776496410 0.9999999995915712 0.0007433623257125
0.9999999999190510 0.0000127065807365 -0.0000006639699190 -0.0039319005643602 -0.0000127065826386 0.9999999999151680 -0.0000028647675775 -0.0045828883859452 0.0000006639335175 0.0000028647760140 0.9999999999956761 0.0001381673688831
0.9999999997762057 -0.0000181018206162 0.0000109504707222 -0.0043456761516297 0.0000181021343065 0.9999999994258350 -0.0000286468633127 -0.0020535773845988 -0.0000109499521556 0.0000286470615332 0.9999999995297222 -0.0003028639032419
0.9999999997913183 0.0000002315760979 0.0000204281604889 -0.0041310348995329 -0.0000002310872190 0.9999999997136123 -0.0000239316126517 -0.0024463498338229 -0.0000204281660251 0.0000239316079261 0.9999999995049841 -0.0002628505433888
0.9999999997551706 -0.0000213929704737 -0.0000056568208937 -0.0023670941083571 0.0000213928930239 0.9999999996774488 -0.0000136911099719 -0.0037115434827569 0.0000056571137854 0.0000136909889527 0.9999999998902770 0.0002055088584896
0.9999999988475146 -0.0000339733152745 -0.0000339232185438 0.0018413183476672 0.0000339727652291 0.9999999992914647 -0.0000162148664454 -0.0028898211923031 0.0000339237693925 0.0000162137139611 0.9999999992931466 0.0007524136944569
0.9999999874749785 -0.0000149692579692 -0.0001575625719675 0.0246545098722942 0.0000149729935190 0.9999999996068889 0.0000237072049645 -0.0124593458163638 0.0001575622170263 -0.0000237095638510 0.9999999873060021 0.0025584600443490
0.9999999898128425 -0.0000994123514846 -0.0001024280193683 0.0302735377263258 0.0000994155388750 0.9999999945742434 0.0000311137233931 -0.0102000615821063 0.0001024249257242 -0.0000311239060128 0.9999999942702185 0.0020835529560264
0.9999999891652149 -0.0001320891515474 -0.0000649771201694 0.0243865033626640 0.0001320878729618 0.9999999910827186 -0.0000196813726372 -0.0023535045719187 0.0000649797192858 0.0000196727897343 0.9999999976953087 0.0005495545809719
0.9999999954528741 -0.0000815961065027 -0.0000493591643955 0.0127305099633590 0.0000815966768998 0.9999999966042420 0.0000115541498995 -0.0086374802839047 0.0000493582214543 -0.0000115581773907 0.9999999987150873 0.0003450150983504
0.9999999991909505 -0.0000356184832288 -0.0000186928529259 -0.0011380702334074 0.0000356182008719 0.9999999992515886 -0.0000151051862910 -0.0117844577188848 0.0000186933909357 0.0000151045204730 0.9999999997112053 0.0004340015218099
0.9999999970386340 0.0000703559647263 0.0000311892674502 -0.0126291291935009 -0.0000703577258831 0.9999999959305067 0.0000564692561021 -0.0200805285959117 -0.0000311852943743 -0.0000564714503408 0.9999999979192263 -0.0001378941046047
0.9999999963529692 -0.0000170130476771 0.0000836935939095 -0.0287860697985788 0.0000170098322179 0.9999999991172853 0.0000384199805955 -0.0233446777273766 -0.0000836942474766 -0.0000384185568414 0.9999999957596437 0.0000359116867769
0.9999999966814550 -0.0000784405110651 0.0000220040065872 -0.0375174615029750 0.0000784385657247 0.9999999930168224 0.0000883953993915 -0.0308419461988074 -0.0000220109402138 -0.0000883936731355 0.9999999958510385 0.0006529248461708
0.9999999539042602 -0.0003023242443176 0.0000281341212114 -0.0523631172862183 0.0003023225992529 0.9999999525918459 0.0000584581200709 -0.0227650943137701 -0.0000281517931846 -0.0000584496117956 0.9999999978955597 0.0019959601746126
0.9999999123765211 -0.0003924610454868 0.0001456752483495 -0.0795048309044225 0.0003924511751363 0.9999999206940886 0.0000677782539924 -0.0142543104316942 -0.0001457018371210 -0.0000677210776310 0.9999999870924151 0.0015819721645299
0.9999999611181232 -0.0002080229922412 0.0001857153384031 -0.1183634595886465 0.0002080135398847 0.9999999770690209 0.0000509148802481 -0.0067358281983844 -0.0001857259256102 -0.0000508762469635 0.9999999814587438 0.0011280762578339
0.9999999417661919 -0.0001481432113295 0.0003074430055573 -0.1858715661571504 0.0001480980011740 0.9999999782187413 0.0001470697080815 -0.0027972137701792 -0.0003074647862397 -0.0001470241678225 0.9999999419246479 0.0010769407026133
0.9999993067475899 -0.0010436956559210 0.0005451639363521 -0.2866257151126181 0.0010436323943843 0.9999994486512157 0.0001163128973726 0.0037458681902536 -0.0005452850310423 -0.0001157438659942 0.9999998446337841 0.0037443305584723
0.9999995954114725 -0.0005351401462386 0.0007230504236410 -0.3466434366282663 0.0005350353357030 0.9999998463355254 0.0001451417069995 -0.0081312477293346 -0.0007231279836881 -0.0001447547907507 0.9999997280659479 0.0047415022457991
0.9999993147007445 -0.0007429788587222 0.0009047543626269 -0.4360961618727754 0.0007429003614379 0.9999997202568172 0.0000870938603449 -0.0066088870354505 -0.0009048188184250 -0.0000864216583165 0.9999995869170161 0.0064705600229247
0.9999993069000361 -0.0005217571911545 0.0010554472421312 -0.4992927156098569 0.0005216271305859 0.9999998563265019 0.0001234994422233 -0.0095469694259367 -0.0010555115272135 -0.0001229488067095 0.9999994353893440 0.0074039748751863
0.9999986875874062 -0.0006823442533769 0.0014694317898420 -0.5786826156473193 0.0006820009463235 0.9999997400310168 0.0002341209262238 0.0010103975091826 -0.0014695911589039 -0.0002331184650894 0.9999988929781907 0.0044858605009854
0.9999983305069150 -0.0008088648608374 0.0016385118308222 -0.6703466491627869 0.0008084502819188 0.9999996410302415 0.0002536681487123 0.0073631361390797 -0.0016387164258978 -0.0002523430698635 0.9999986254647806 0.0056785389445544
0.9999975307146056 -0.0012553556006030 0.0018337521662829 -0.8000229324763993 0.0012547526634894 0.9999991583761856 0.0003299131310880 0.0148647908243923 -0.0018341647812502 -0.0003276114110235 0.9999982642536529 0.0084171346533397
0.9999966454599480 -0.0013960652909487 0.0021817585921186 -0.9081372270402431 0.0013951822163977 0.9999989442241167 0.0004062231343200 0.0076811636586398 -0.0021823234026887 -0.0004031778208400 0.9999975374530734 0.0113464871261893
0.9999964752295851 -0.0012166036947033 0.0023599584436719 -1.0067886153836905 0.0012153844211124 0.9999991272497913 0.0005180157956180 -0.0096144276838127 -0.0023605866039485 -0.0005151457130044 0.9999970811236299 0.0188991560645272
0.9999961392857883 -0.0010537669238986 0.0025711843162655 -1.1183439188860023 0.0010521033260566 0.9999992364035858 0.0006482829912446 -0.0058996639774630 -0.0025718654920919 -0.0006455753368382 0.9999964843640077 0.0191844839566724
0.9999936011191772 -0.0017536457045240 0.0031180839377528 -1.3128895469194004 0.0017515829836466 0.9999982454343350 0.0006641425320765 0.0025736350613275 -0.0031192431375684 -0.0006586766995407 0.9999949182207148 0.0212768879880955
0.9999942445268545 -0.0008308625515158 0.0032894650911757 -1.4701441777538566 0.0008291140996598 0.9999995143155622 0.0005328587519078 -0.0025194387056275 -0.0032899062259159 -0.0005301283431661 0.9999944477250684 0.0239306727957779
0.9999933427047865 -0.0000499658608008 0.0036485681465717 -1.6282465101139179 0.0000480418982267 0.9999998597676268 0.0005274056339475 -0.0029931225474528 -0.0036485939872008 -0.0005272268387129 0.9999932048738017 0.0265735485990848
0.9999918857257718 0.0008221179302716 0.0039436790847680 -1.8306641555545704 -0.0008243830540125 0.9999994961594156 0.0005727770030221 -0.0031321676472726 -0.0039432062075382 -0.0005760234575604 0.9999920596293659 0.0299933609420170
0.9999912854539631 0.0014002141371408 0.0039329907831929 -2.0276650143538717 -0.0014031999297580 0.9999987293611207 0.0007565091548241 0.0103772107809835 -0.0039319265109685 -0.0007620213345810 0.9999919796065356 0.0354206370593806
0.9999904782091089 0.0019645216407128 0.0038966839544416 -2.2318814540533225 -0.0019685531125556 0.9999975308900674 0.0010310249326349 0.0196169347550874 -0.0038946488623083 -0.0010386859447583 0.9999918763878772 0.0459727716405566
0.9999864787836238 0.0033099868497672 0.0040107651369060 -2.4503759403780920 -0.0033146295514190 0.9999938436590995 0.0011514663856301 0.0236214004281103 -0.0040069291066742 -0.0011647450170506 0.9999912939061917 0.0515235022581131
0.9999817213750304 0.0044983446777291 0.0040400261127057 -2.6431372028982656 -0.0045032979839616 0.9999891185769972 0.0012177991902918 0.0190260961138554 -0.0040345040709665 -0.0012359703720456 0.9999910975374434 0.0529044203051699
0.9999730910273910 0.0058046654367936 0.0044858756438621 -2.8910068229793091 -0.0058114339676109 0.9999819925095319 0.0014972948629422 0.0190671330400971 -0.0044771035687596 -0.0015233239423670 0.9999888174513759 0.0602503790981734
0.9999615025689305 0.0074346132065237 0.0046604620539517 -3.1292923023301729 -0.0074433244208527 0.9999705782127554 0.0018546240626284 0.0174098983340512 -0.0046465365222796 -0.0018892419953851 0.9999874201523887 0.0677358657454773
0.9999525478685803 0.0082764359657045 0.0051383478706792 -3.3958690441317745 -0.0082877069548657 0.9999632885769314 0.0021761001444905 0.0331962794733693 -0.0051201488811158 -0.0022185820052848 0.9999844308634616 0.0755352901241457
0.9999271289492861 0.0104216741979872 0.0060930696819077 -3.6481812172168020 -0.0104374770460475 0.9999422316947068 0.0025675564886942 0.0376116495989323 -0.0060659594583881 -0.0026309656631000 0.9999781408388529 0.0830715135431343
0.9999091478891940 0.0118384055221258 0.0064457832882866 -3.9116756808292230 -0.0118558280167525 0.9999261485954515 0.0026714597328673 0.0381088006887989 -0.0064136814344836 -0.0027476371232109 0.9999756572940643 0.0963837854372692
0.9998822376648179 0.0135555686883658 0.0071942588174022 -4.1975772662654727 -0.0135740175038051 0.9999046888067212 0.0025217753945057 0.0378883569195805 -0.0071593890244328 -0.0026191334194608 0.9999709412222577 0.1050853619728365
0.9998651068526416 0.0142091553437101 0.0082382038681940 -4.5226440716464253 -0.0142265773392958 0.9998966750134035 0.0020600471715920 0.0419007621358923 -0.0082080811256132 -0.0021769707298130 0.9999639434513011 0.1078589947014561
0.9998228386078436 0.0166402344280348 0.0087973857670294 -4.8055171164324939 -0.0166569597706947 0.9998595861077620 0.0018313272815673 0.0309687215933262 -0.0087656767765726 -0.0019775405418852 0.9999596253069690 0.1102618355477403
0.9997836073820744 0.0183787403912386 0.0097447581661968 -5.1252344644072156 -0.0183975287325114 0.9998290545320350 0.0018419147953870 0.0468761149734043 -0.0097092402701047 -0.0020207956869764 0.9999508223098619 0.1135149881933950
0.9997360548696762 0.0201830685763612 0.0109756246500000 -5.4424070581599828 -0.0202092527521759 0.9997931724560807 0.0022800029395774 0.0716978396127994 -0.0109273371328269 -0.0025012103165692 0.9999371666510540 0.1155429080901045
0.9996996033265719 0.0214920942234502 0.0117810438665281 -5.7820414650872731 -0.0215241517882857 0.9997649449736939 0.0026010942969279 0.1100067114895906 -0.0117223717092385 -0.0028538899132615 0.9999272180083275 0.1363828168611297
0.9996508902819958 0.0233803817993133 0.0123067178943689 -6.1166949314849113 -0.0234173971207706 0.9997216490922609 0.0028722549222765 0.1174011210818900 -0.0122361378915640 -0.0031594434903563 0.9999201442346933 0.1453494346147644
0.9995993983734653 0.0256207455027161 0.0120258127081390 -6.4632656636307431 -0.0256560198611286 0.9996669419822899 0.0027881450217779 0.1191032032656427 -0.0119503730607694 -0.0030955625760334 0.9999238001348134 0.1565540735337177
0.9995567390892621 0.0273633572149576 0.0117291100756803 -6.8445155335961321 -0.0273948788700578 0.9996214749044107 0.0025352557317846 0.1233506047680511 -0.0116552972049477 -0.0028554495017968 0.9999279976354333 0.1611742228589811
0.9995059757309170 0.0292144043513249 0.0115897824218069 -7.2147262626487505 -0.0292413869138412 0.9995700334870268 0.0021655128951737 0.1322811733821295 -0.0115215350341253 -0.0025033443912917 0.9999304913329307 0.1704576698116819
0.9994297874160681 0.0316799004155734 0.0116826339124460 -7.5781286960114151 -0.0317027010969532 0.9994957729185473 0.0017716266855627 0.1332323881455324 -0.0116206182550724 -0.0021409875326839 0.9999301862648986 0.1801587966580968
0.9993835558806471 0.0332512509495658 0.0112633274676022 -7.9603805110738977 -0.0332693688584693 0.9994454054575960 0.0014249931440799 0.1430383020513758 -0.0112096980830241 -0.0017988385115295 0.9999355513476340 0.1868330954856820
0.9993181373950218 0.0351726266398754 0.0112315007276958 -8.3669318508361687 -0.0351929055163001 0.9993792361950062 0.0016129673296945 0.1659873767537048 -0.0111677963208986 -0.0020071366515053 0.9999356237917505 0.1910958154398739
0.9992727790915940 0.0364382718028713 0.0112323334433506 -8.7640842447512295 -0.0364621201511450 0.9993331804158972 0.0019256982970691 0.1993464519902015 -0.0111546743854765 -0.0023338525805934 0.9999350610772112 0.2061776682300261
0.9991853584718438 0.0387365377062707 0.0113181297935547 -9.1524770069572270 -0.0387641847712207 0.9992458902478734 0.0022335625707849 0.2249384669459257 -0.0112230742007590 -0.0026704810925410 0.9999334533538813 0.2189483347605446
0.9991459232096644 0.0397360004407992 0.0113346549341462 -9.5801540740620705 -0.0397625165885536 0.9992069017619245 0.0021236162272637 0.2456078850402642 -0.0112412814239461 -0.0025724969007769 0.9999335057150766 0.2324099670470807
0.9990407562384275 0.0422555808063421 0.0114905728869197 -9.9965510487914262 -0.0422810904332283 0.9991037806918733 0.0019861518024409 0.2635786162931756 -0.0113963488156553 -0.0024700805500763 0.9999320086564626 0.2414064894888447
0.9990005854601871 0.0435978933866239 0.0098515959342668 -10.4583244823388899 -0.0436168621573213 0.9990468533377284 0.0017187703548632 0.2712460725714950 -0.0097672711517966 -0.0021467482926744 0.9999499946927423 0.2448432436639264
0.9989058743286309 0.0458550472076156 0.0091852532540404 -10.8705091270145626 -0.0458736528922989 0.9989455824922057 0.0018251546851426 0.2999643622933144 -0.0090918756079474 -0.0022445188560511 0.9999561490050624 0.2516204962280066
0.9989149141540827 0.0455781284254333 0.0095722771468597 -11.3466942090190859 -0.0455990867104195 0.9989578531624377 0.0019826488012643 0.3371371023053460 -0.0094719360068163 -0.0024169845527485 0.9999522191654732 0.2689434403878991
0.9988474494118772 0.0469411070401171 0.0100152520305667 -11.7829877131807095 -0.0469671984769170 0.9988935826926166 0.0023859427358206 0.3666029577407581 -0.0098921721890286 -0.0028535811460332 0.9999469995974914 0.2847207045366978
0.9987728779052617 0.0484491047089051 0.0102675514971508 -12.2411264643867455 -0.0484757535231575 0.9988215655689697 0.0023625144897788 0.3916297058975687 -0.0101409901490526 -0.0028573426917115 0.9999444964154455 0.2996450796420101
0.9987573082295756 0.0489058182053377 0.0095948008670798 -12.7211488313423740 -0.0489322677303169 0.9987988658636722 0.0025414020167635 0.4166695522331380 -0.0094589868792086 -0.0030077392022389 0.9999507393227480 0.3081135378251750
0.9987571745828260 0.0491031295104112 0.0085433536514802 -13.1936997705629917 -0.0491295877368085 0.9987881588985991 0.0029150047612287 0.4466406920849114 -0.0083898646080674 -0.0033311133620072 0.9999592560977811 0.3208060939889533
0.9987637023378542 0.0490843045951465 0.0078611662489118 -13.6668209419013689 -0.0491160522784732 0.9987854734586813 0.0038976167713379 0.4765822248505576 -0.0076603068450572 -0.0042789076092869 0.9999615045834068 0.3427950201632791
0.9987931954024339 0.0485359061747939 0.0075112335596145 -14.1683265140876760 -0.0485696592211741 0.9988102012530110 0.0043783645415426 0.5097608627917094 -0.0072897888127496 -0.0047378987654051 0.9999622049329436 0.3748780278278251
0.9988186947229627 0.0480113816573585 0.0074914820475329 -14.6668831257437233 -0.0480471202448860 0.9988341730221787 0.0046657303044486 0.5161719643953553 -0.0072587401173009 -0.0050201627913690 0.9999610535703166 0.3887850585520766
0.9988389375025878 0.0475042425058796 0.0080077382976730 -15.1842793777613032 -0.0475424557654340 0.9988583894170076 0.0046511064332497 0.5434923537706887 -0.0077776492909608 -0.0050264137517969 0.9999571207488361 0.3950617717618013
0.9988657290764147 0.0468091853378604 0.0087267086950543 -15.6905908817019579 -0.0468503129899723 0.9988914698137968 0.0045694316905207 0.5714696525155253 -0.0085031435001494 -0.0049730977507524 0.9999514812476540 0.4027980187217131
0.9988786638235297 0.0462458690407251 0.0101358055815980 -16.2147606111774678 -0.0462956070983521 0.9989165916142415 0.0047286109145945 0.5849430504286818 -0.0099061456437336 -0.0051925518249425 0.9999374508858194 0.4174485813913635
0.9988794379725412 0.0459668722937318 0.0112656578676964 -16.7485963151882906 -0.0460233735071462 0.9989287906491605 0.0048083576434515 0.6091259086298405 -0.0110325648279060 -0.0053214531603105 0.9999249795107534 0.4359588106766792
0.9989003398379648 0.0454637307086156 0.0114525220651555 -17.2802646735415699 -0.0455242455804863 0.9989503186177330 0.0050797635631236 0.6509648895579333 -0.0112095555632664 -0.0055955449765107 0.9999215147902809 0.4532359781327899
0.9989299045277333 0.0448976197166411 0.0111017829195766 -17.8269707431315396 -0.0449573420797744 0.9989754274884559 0.0051896692937837 0.6695809821383258 -0.0108574045395606 -0.0056832225045807 0.9999249060547636 0.4651627603844496
0.9989504739902189 0.0446184252769170 0.0103511661432534 -18.3687770723217518 -0.0446749256687944 0.9989875561761233 0.0052927895994991 0.6917253232254528 -0.0101045302317701 -0.0057496722571854 0.9999324175851737 0.4825366761207686
0.9989684994824702 0.0443370886310104 0.0098061008289670 -18.9168193728092469 -0.0443901733512906 0.9990004039045349 0.0052636022283687 0.7232690542165708 -0.0095629258903490 -0.0056934673356442 0.9999380655211170 0.5034171563230897
0.9989807486613876 0.0441643727537188 0.0093258770742509 -19.4849135763317065 -0.0442129075243041 0.9990092975797936 0.0050638085839204 0.7415019260965070 -0.0090929979754092 -0.0054709714309097 0.9999436913443783 0.5116088667351416
0.9989911659780686 0.0438680565457398 0.0096043694576413 -20.0589512299021564 -0.0439198203973875 0.9990212822264356 0.0052466212851337 0.7648724335792779 -0.0093648104113389 -0.0056631504966908 0.9999401127329633 0.5308657615193257
0.9989907831690852 0.0435103773170987 0.0111472960372279 -20.6388418720568367 -0.0435739043920087 0.9990349525780144 0.0055207230939979 0.7874169742807593 -0.0108963296230420 -0.0060008826990882 0.9999226267104759 0.5461944753434378
0.9989901024183819 0.0431346974647319 0.0125766905319611 -21.2201685869898249 -0.0432078460122237 0.9990503902271693 0.0056035551148013 0.8155132461985237 -0.0123230399291182 -0.0061413078058907 0.9999052090200043 0.5637968496070356
0.9989170733228464 0.0428243540136565 0.0181866799452846 -21.8185228543694549 -0.0429367626474057 0.9990607477279996 0.0058358172118989 0.8340652705176945 -0.0179196829625845 -0.0066103746099122 0.9998175773160007 0.5923449536433039
0.9985268615586957 0.0420443654415750 0.0342983684795153 -22.4196816394891201 -0.0423228942435687 0.9990763182486676 0.0074352496618998 0.8758540094764988 -0.0339540773485160 -0.0088759027316876 0.9993839797505805 0.6296790974449713
0.9978390137955729 0.0418724385034140 0.0506359698362362 -22.9863885642368757 -0.0424589981301563 0.9990423619569296 0.0105637348178821 0.9086166448189141 -0.0501451495686451 -0.0126908592812689 0.9986613069832241 0.6524091351169707
0.9973521604647729 0.0418125044749343 0.0595011133154949 -23.5943784235864946 -0.0428808654347106 0.9989390567280457 0.0167926270384514 0.9240711798104301 -0.0587358442164579 -0.0192996220899759 0.9980869827782367 0.6702098153426281
0.9975153999706821 0.0423816859227399 0.0562745015053567 -24.2207417073499656 -0.0435291931011952 0.9988652528500271 0.0193239746638772 0.9905231480856295 -0.0553916615501739 -0.0217255459585610 0.9982283128039965 0.7615204436926751
0.9984588087081906 0.0422833011332010 0.0359462064521406 -24.8817495251368683 -0.0429621166769719 0.9989086115472215 0.0183260008576944 1.0024882304238629 -0.0351320913646644 -0.0198420821004502 0.9991856824105637 0.7675315640628747
0.9990522134103194 0.0426677060088529 0.0086105600214928 -25.5465190423318766 -0.0427929736687981 0.9989724026797835 0.0149298388726116 1.0030951608782295 -0.0079646898573131 -0.0152841600398154 0.9998514680528074 0.7788527338753773
0.9990440968489515 0.0414618681176809 -0.0138494058881561 -26.2407562534230223 -0.0412608579805722 0.9990432242831508 0.0144975036690124 1.0395701042765246 0.0144372486980697 -0.0139122070901064 0.9997989879690378 0.7662021631372996
0.9987732874795803 0.0401462957110919 -0.0289861200906446 -26.9144235314408888 -0.0396969421220447 0.9990850126042742 0.0159150989841804 1.0751583832197233 0.0295985304262008 -0.0147449154014119 0.9994531076876065 0.7939779443126045
0.9988186303513676 0.0387526611699406 -0.0293185080668468 -27.5848830841718780 -0.0382156653291448 0.9990952751543174 0.0186599594793110 1.1033425447573757 0.0300151059713069 -0.0175174888773049 0.9993959330500424 0.8185834518457963
0.9990881316941750 0.0369992099199710 -0.0213064209369082 -28.2343211315510914 -0.0366081824372690 0.9991591953476200 0.0184592342998323 1.1353423598415737 0.0219714834838803 -0.0176624125643809 0.9996025675716941 0.8333418651196104
0.9993489170230812 0.0355966691656165 -0.0058838073649999 -28.9057954059379014 -0.0355150189259156 0.9992787193228461 0.0134433827284808 1.1584932292389090 0.0063581031358919 -0.0132256664409097 0.9998923223386142 0.8604770010780655
0.9992972605994738 0.0343017260182567 0.0151121325614838 -29.6085792225622697 -0.0344229837546657 0.9993766168539490 0.0078381040425128 1.1613200601792084 -0.0148338514153752 -0.0083528005916390 0.9998550832868046 0.8306217774474027
0.9990299640725889 0.0327146185234125 0.0294768488816094 -30.3037198019902014 -0.0328695222045843 0.9994481929195521 0.0047858311591757 1.1824885385474417 -0.0293040167069974 -0.0057500786698440 0.9995540061448038 0.8119775714450049
0.9990213744890784 0.0306792409491350 0.0318602807385227 -31.0199398116099303 -0.0308589140231835 0.9995104157116608 0.0051629748414003 1.2148310620157026 -0.0316862862964774 -0.0061410958865728 0.9994789973791594 0.8422081353856697
0.9992468696908126 0.0294374852141794 0.0252809785684249 -31.7585024636788731 -0.0296386089276127 0.9995316502376762 0.0076179415844220 1.2340827833395427 -0.0250448851853672 -0.0083614973188181 0.9996513587689656 0.8940233050911874
0.9994543013103108 0.0288412022002072 0.0161023180929116 -32.5018903149943199 -0.0289754000450747 0.9995467860018876 0.0081638707439935 1.2568627243891759 -0.0158595644500859 -0.0086259868388208 0.9998370200020151 0.9558721069448421
0.9994878386699136 0.0300125828301307 0.0111042884873005 -33.2744209818562595 -0.0300871114743644 0.9995254465777043 0.0066066153793072 1.2695180267305066 -0.0109007373178984 -0.0069373276919480 0.9999165202207736 0.9845752454114066
0.9994693492073595 0.0304314720635104 0.0116166046272115 -34.0338832640655653 -0.0304970209825542 0.9995196823407254 0.0055078421078509 1.2981472770855653 -0.0114434132236329 -0.0058591912021327 0.9999173556710824 0.9752142900806147
0.9994198465548833 0.0307664321545150 0.0146081129751655 -34.7986131536431600 -0.0308559021105086 0.9995061973423192 0.0059392574656791 1.3166642791166216 -0.0144181696882886 -0.0063865582889799 0.9998756563973649 1.0052710109156746
0.9993688570139371 0.0305943049540081 0.0180520396365100 -35.5767730930974508 -0.0307300783339128 0.9995011177302459 0.0072923207266762 1.3507204507582922 -0.0178199303098681 -0.0078424588217143 0.9998104549980367 1.0219405613806376
0.9993226168567293 0.0312727366220214 0.0193990562344762 -36.3410067806135686 -0.0314314400265669 0.9994744463136795 0.0079306836918348 1.3754907183513361 -0.0191408468066337 -0.0085350518529933 0.9997803663172186 1.0666252067371957
0.9993284763283720 0.0309780218358344 0.0195693270797212 -37.1863049574115152 -0.0311462362434644 0.9994799573855271 0.0083502546363181 1.4109049151699864 -0.0193004758252445 -0.0089541581270163 0.9997736317212790 1.0977682071136332
0.9993346855845602 0.0305851200064595 0.0198679798117138 -37.9511013773035657 -0.0307525772867947 0.9994935689208873 0.0081783052038478 1.4206954257500235 -0.0196077836031488 -0.0087838556441940 0.9997691627081694 1.1433695701638285
0.9993495160658473 0.0285150042325235 0.0220780269176357 -38.7887751187540033 -0.0286792321142328 0.9995630375300774 0.0071579081429702 1.4548283303229035 -0.0218642718674699 -0.0077864328973162 0.9997306262581140 1.1620053138023705
0.9993538097836210 0.0272713809903142 0.0234144111573050 -39.5831198209866031 -0.0274244014099618 0.9996044090070179 0.0062392067633468 1.4671612328362951 -0.0232349968424246 -0.0068773012593342 0.9997063757169506 1.1814549586267271
0.9994155141392994 0.0251927678883912 0.0231074564546032 -40.4380729670737580 -0.0253262317308006 0.9996641019118213 0.0055013939278582 1.4877614503709060 -0.0229610993638702 -0.0060834032377718 0.9997178502562857 1.2223037914482429
0.9995054777056517 0.0242767616416678 0.0199859670917032 -41.2601570540706604 -0.0243586674162610 0.9996958125164217 0.0038649396936390 1.5190974068611030 -0.0198860593909648 -0.0043498599201733 0.9997927902123389 1.2538281160232361
0.9995900426199258 0.0227327142081152 0.0174060449220131 -42.1118553024275144 -0.0227841105750038 0.9997365981856061 0.0027601727442215 1.5238286367425227 -0.0173387139200398 -0.0031556224432114 0.9998446934632372 1.2875346034076209
0.9996326733681072 0.0212054656348616 0.0168773979670943 -42.9634730127497022 -0.0212459550332732 0.9997718070492607 0.0022233362723413 1.5459889362068204 -0.0168263997829335 -0.0025810960200044 0.9998550946080539 1.3127755889364179
0.9996695718773597 0.0199141196067100 0.0162534581805235 -43.8161084023666660 -0.0199474566583771 0.9997992404032370 0.0018915237171492 1.5679675131602784 -0.0162125271132710 -0.0022151138571232 0.9998661146549579 1.3467135901906366
0.9997033279145860 0.0186154679723169 0.0157073393250830 -44.6981602972346650 -0.0186513138572041 0.9998237616924369 0.0021387020795896 1.5734455118198765 -0.0156647581501191 -0.0024310301019973 0.9998743448277596 1.3763898767095879
0.9997265302295846 0.0170943731182672 0.0159576678374060 -45.5678100062956872 -0.0171277641893781 0.9998513916283819 0.0019581503163053 1.6018194292160555 -0.0159218230422453 -0.0022309339931194 0.9998707508895986 1.3990617853437373
0.9997271775286410 0.0158994382250846 0.0171107678011181 -46.4528718316980971 -0.0159353730548999 0.9998710913884763 0.0019658309231335 1.6204039421050758 -0.0170773064684754 -0.0022379610684493 0.9998516675657634 1.4366240886057839
0.9997298786792350 0.0147786045263607 0.0179377402215412 -47.3769974509834029 -0.0148236703406871 0.9998872861269059 0.0023819822420629 1.6156657840235500 -0.0179005160158220 -0.0026472419655746 0.9998362684141554 1.4652216751255303
0.9997719018633393 0.0128067549311143 0.0170918481357596 -48.2396520897531076 -0.0128487529669584 0.9999146907163613 0.0023496461005225 1.6383684210621730 -0.0170602987006548 -0.0025687190850703 0.9998511628690074 1.5002034844946261
0.9998125459494467 0.0113826066999836 0.0156623506153800 -49.1515599040574571 -0.0114122524519428 0.9999332494986303 0.0018047274262590 1.6500542082107044 -0.0156407626431301 -0.0019831318220064 0.9998757091419502 1.5337369430366772
0.9998555344270632 0.0098066674434204 0.0138830669963785 -50.0592379262902938 -0.0098303888783483 0.9999503333164060 0.0016414490271782 1.6641351323567186 -0.0138662803257478 -0.0017776878417026 0.9999022782731647 1.5605700695823617
0.9998877484048557 0.0078399622283117 0.0127681471688932 -50.9495599397951651 -0.0078549438070665 0.9999685181618563 0.0011236293735392 1.6639810670422779 -0.0127589359923034 -0.0012237963228817 0.9999178525633515 1.5966394231822032
0.9999057134393889 0.0060564452047444 0.0123241106270811 -51.8265920903528894 -0.0060729413992693 0.9999807124928388 0.0013015471852784 1.6750588817963965 -0.0123159901765001 -0.0013762680685072 0.9999232081875967 1.6236735285126971
0.9999187208022319 0.0039896735290866 0.0121092648149885 -52.7191897597489287 -0.0040069584196043 0.9999909872170401 0.0014034845610461 1.6762836979594256 -0.0121035562316113 -0.0014518918075525 0.9999256952077626 1.6677675270226928
0.9999243398390252 0.0022179512597888 0.0120993921210499 -53.6017470850748978 -0.0022439493524269 0.9999952020296098 0.0021355582557203 1.6747350492401056 -0.0120945975044011 -0.0021625471021536 0.9999245192019434 1.6881833509759407
0.9999538887120377 0.0000988908019350 0.0096026387145958 -54.4845598043886028 -0.0001171563021975 0.9999981851141297 0.0019015895581221 1.6852310954029410 -0.0096024332371862 -0.0019026268830215 0.9999520854955348 1.7227906303583218
0.9999414468403590 -0.0015828070435589 0.0107050274484586 -55.3726853801271162 0.0015677318934108 0.9999977679039509 0.0014164758474007 1.6625696646323955 -0.0107072455617574 -0.0013996102953135 0.9999416962920895 1.7692374626666836
0.9998714419817202 -0.0035291593479217 0.0156411170858260 -56.2185250432595183 0.0035237769947642 0.9999937224118328 0.0003716619665978 1.6582495761696519 -0.0156423305516381 -0.0003164983779124 0.9998776011711084 1.7940851729753324
0.9997385910247025 -0.0057638160615382 0.0221252805711335 -57.0883557322307666 0.0057539417278206 0.9999833159247951 0.0005099280775966 1.6546275231476193 -0.0221278505629324 -0.0003824872027024 0.9997550759726126 1.8245912708931575
0.9997066741103356 -0.0079361595454223 0.0228819385306566 -57.9516430726199445 0.0079151904828706 0.9999681675223381 0.0010068275111243 1.6549471816227295 -0.0228892004856224 -0.0008254172804614 0.9997376671844680 1.8583617428889381
0.9997841408007286 -0.0094679773882784 0.0184940316730522 -58.8242243523756372 0.0094557920652038 0.9999550145680377 0.0007462148854059 1.6370736167698041 -0.0185002648567105 -0.0005711780901106 0.9998286923047472 1.9058635366651873
0.9998417304955032 -0.0111381622760494 0.0138728259871560 -59.7145255369624977 0.0111413727297043 0.9999379210981441 -0.0001541545319122 1.6222874275374297 -0.0138702477791610 0.0003086924590881 0.9999037558362857 1.9423750320402535
0.9998256594864495 -0.0130174294934044 0.0133864544174516 -60.5477594568329920 0.0130323707228373 0.9999145450542654 -0.0010295155482853 1.6276390131455818 -0.0133719088326536 0.0012037932986485 0.9999098674059904 1.9657238570446860
0.9997554691808900 -0.0145807066084228 0.0166254274440602 -61.4243111036471419 0.0145970206776718 0.9998930876868830 -0.0008603390766749 1.5946373436509944 -0.0166111056294948 0.0011028104054318 0.9998614178869867 2.0036239400853981
0.9996866319698358 -0.0157861429581713 0.0194277006181980 -62.2636594579644509 0.0158050005838092 0.9998747589921315 -0.0008174882094773 1.5863615860409441 -0.0194123624876505 0.0011242868544201 0.9998109302071653 2.0504251616042031
0.9996408427201197 -0.0168801946476547 0.0208145284468872 -63.1128445226227512 0.0169052009899271 0.9998565704593873 -0.0010260061805985 1.5722258696044402 -0.0207942238445958 0.0013775114699147 0.9997828277765383 2.0843861182535788
