1.0000000000000000 -0.0000000000000002 -0.0000000000000006 -0.0000000000000000 0.0000000000000002 1.0000000000000000 0.0000000000000000 -0.0000000000000001 0.0000000000000006 -0.0000000000000000 1.0000000000000000 -0.0000000000000002
0.9999999986957764 -0.0000472891873148 -0.0000192919681501 0.0020130710453665 0.0000472893578163 0.9999999988428068 0.0000088375932553 0.0008986269379244 0.0000192915502052 -0.0000088385055486 0.9999999997748584 0.0008614125025028
0.9999999941100177 -0.0001056329779824 -0.0000249326782009 0.0031108013786399 0.0001056342953981 0.9999999930244794 0.0000528435124599 -0.0001638729811983 0.0000249270960094 -0.0000528461458946 0.9999999982929624 0.0010065139622117
0.9999999927858361 -0.0001193255178007 -0.0000137749240753 0.0063123693541037 0.0001193259392893 0.9999999924124344 0.0000306014903124 0.0028880161444452 0.0000137712724321 -0.0000306031337974 0.9999999994369001 0.0001929154954806
0.9999999964323091 -0.0000838333453085 -0.0000103610817038 0.0014741952164494 0.0000838330845065 0.9999999961692633 -0.0000251691738166 0.0028578066328193 0.0000103631916801 0.0000251683051254 0.9999999996295803 -0.0000475003043123
0.9999999986153439 -0.0000523653586400 -0.0000052135689812 0.0035601491332793 0.0000523653793147 0.9999999986210709 0.0000039654979790 0.0042288355229544 0.0000052133613193 -0.0000039657709840 0.9999999999785467 -0.0006002769068342
0.9999999960022948 -0.0000893753528966 -0.0000027306637037 0.0022804147734564 0.0000893753092115 0.9999999958781245 -0.0000159939053340 0.0022995638302764 0.0000027320931534 0.0000159936612162 0.9999999998683692 0.0001288895588800
0.9999999941131131 -0.0001083180100345 -0.0000064017523549 0.0040334731446932 0.0001083180700477 0.9999999940896536 0.0000093748923886 0.0030886705210205 0.0000064007368473 -0.0000093755857588 0.9999999999355644 0.0006344976750455
0.9999999983585853 -0.0000527646196354 -0.0000223321328326 0.0043877331643900 0.0000527649442493 0.9999999985022915 0.0000145353959169 0.0029263139482503 0.0000223313658445 -0.0000145365742468 0.9999999996449991 0.0005365515758791
0.9999999956672376 -0.0000826470607523 -0.0000428367606778 0.0003965659099389 0.0000826490767948 0.9999999954770672 0.0000470637414730 -0.0005088876167843 0.0000428328708041 -0.0000470672816878 0.9999999979750080 0.0010741796905100
0.9999999992704807 -0.0000379604328453 -0.0000042478365023 0.0012817237132255 0.0000379606512538 0.9999999979570666 0.0000514281606110 0.0011683363399445 0.0000042458842584 -0.0000514283218241 0.9999999986685500 0.0006938247154829
0.9999999977553060 -0.0000628355341017 -0.0000232612055931 0.0012140218792762 0.0000628361311719 0.9999999976963814 0.0000256682256298 0.0008884449703690 0.0000232595926629 -0.0000256696872163 0.9999999994000293 0.0011571305770683
0.9999999968495078 -0.0000734802599643 -0.0000300272496189 0.0055005133339851 0.0000734815272730 0.9999999964095441 0.0000422063624886 0.0006860017746479 0.0000300241481766 -0.0000422085688038 0.9999999986584936 0.0012419426905300
0.9999999954703714 -0.0000923694823391 -0.0000229594370430 0.0054667517864774 0.0000923697660699 0.9999999956575634 0.0000123571653265 0.0024200399478607 0.0000229582955184 -0.0000123592860283 0.9999999996600824 -0.0002124188908132
0.9999999961830917 -0.0000846818786212 -0.0000215126946464 0.0077094002734111 0.0000846823300970 0.9999999961942363 0.0000209864351414 0.0004500104198076 0.0000215109173938 -0.0000209882568064 0.9999999995483868 0.0004341353669827
0.9999999970762599 -0.0000754101120800 -0.0000126805074461 0.0059087410107284 0.0000754107642868 0.9999999958335098 0.0000514411982721 0.0001026001446514 0.0000126766282067 -0.0000514421543685 0.9999999985965039 0.0002365228812844
0.9999999985990260 -0.0000526857180223 0.0000051149951785 0.0047507132560825 0.0000526855911597 0.9999999983046177 0.0000247990537066 -0.0006308948696153 -0.0000051163017257 -0.0000247987841854 0.9999999996794219 0.0015649204455762
0.9999999975382223 -0.0000610034309868 0.0000346718441884 0.0039809470329978 0.0000610015620503 0.9999999966866875 0.0000539020813094 -0.0007553647767395 -0.0000346751322854 -0.0000538999661400 0.9999999979462144 0.0010495488919124
0.9999999967767524 -0.0000719975612737 0.0000355365483250 0.0079945263241274 0.0000719969585277 0.9999999972643594 0.0000169622878330 0.0004399008582251 -0.0000355377694711 -0.0000169597292549 0.9999999992247173 0.0012389758880507
0.9999999911485605 -0.0001153666180936 0.0000662828962510 0.0082249515181295 0.0001153643109503 0.9999999927396598 0.0000348102889230 0.0017366399743416 -0.0000662869117151 -0.0000348026419343 0.9999999971974107 0.0008888103744744
0.9999999957429456 -0.0000772428106313 0.0000504743187321 0.0043328066584873 0.0000772412941113 0.9999999965654910 0.0000300466384775 0.0000999978112517 -0.0000504766394456 -0.0000300427396479 0.9999999982747714 0.0015474858939611
0.9999999944321930 -0.0000872158924784 0.0000594054044354 0.0042819944254362 0.0000872135351512 0.9999999954095108 0.0000396834681580 -0.0004553603450563 -0.0000594088651918 -0.0000396782869817 0.9999999974481102 0.0012061360119222
0.9999999931052533 -0.0000967577856985 0.0000665388922277 0.0059729037195711 0.0000967560717390 0.9999999949873039 0.0000257614991658 -0.0010573474589498 -0.0000665413845198 -0.0000257550609464 0.9999999974544604 0.0010939999550842
0.9999999895703785 -0.0001275870512500 0.0000676815135100 0.0050258843902753 0.0001275855825661 0.9999999916254321 0.0000217038003715 0.0022674700980909 -0.0000676842820670 -0.0000216951649598 0.9999999974740789 0.0012845271280605
0.9999999909892999 -0.0001009776013675 0.0000884586008591 0.0047616864397459 0.0001009766651437 0.9999999948458020 0.0000105881528459 0.0007279171967017 -0.0000884596695695 -0.0000105792204960 0.9999999960314835 0.0006641988612999
0.9999999885368005 -0.0001403837400880 0.0000567345084593 0.0031200074389180 0.0001403816761710 0.9999999894847090 0.0000363808571911 -0.0028914635621380 -0.0000567396151435 -0.0000363728922887 0.9999999977288144 0.0020931024768391
0.9999999905843987 -0.0001209580062007 0.0000648102096615 0.0016451812814982 0.0001209542773696 0.9999999910298670 0.0000575354557936 -0.0032326352943319 -0.0000648171684542 -0.0000575276161798 0.9999999962446540 0.0020727204325217
0.9999999854385441 -0.0001482736838523 0.0000844856573386 -0.0014304984272361 0.0001482711590844 0.9999999885611417 0.0000298894621684 0.0005972991889862 -0.0000844900881929 -0.0000298769349468 0.9999999959843968 0.0017300352485777
0.9999999865474422 -0.0001222285863381 0.0001093859600230 -0.0018016562086609 0.0001222252301688 0.9999999920596180 0.0000306880608323 -0.0035277252589180 -0.0001093897101127 -0.0000306746906954 0.9999999935464773 0.0019528146335888
0.9999999785030839 -0.0001813750795768 0.0001004833931796 0.0004930763545729 0.0001813728103233 0.9999999832967520 0.0000225920201076 0.0018393990893651 -0.0001004874891306 -0.0000225737946665 0.9999999946963442 0.0017822649741490
0.9999999797421875 -0.0001824975706420 0.0000849132582243 0.0025979617186068 0.0001824945594169 0.9999999827188512 0.0000354687630281 0.0004659963290499 -0.0000849197297200 -0.0000354532661020 0.9999999957658527 0.0014596771243147
0.9999999770217382 -0.0001827577696002 0.0001120540977702 -0.0001303926111275 0.0001827550160983 0.9999999829981470 0.0000245827159011 0.0009600122730341 -0.0001120585885474 -0.0000245622368878 0.9999999934197846 0.0015559722983211
0.9999999834471347 -0.0001565968587356 0.0000926453136827 -0.0005951912935999 0.0001565952986166 0.9999999875970503 0.0000168467107796 0.0008547966135566 -0.0000926479506756 -0.0000168322026802 0.9999999955665171 0.0018566673436945
0.9999999801748791 -0.0001626414332294 0.0001148825731145 -0.0080395461382620 0.0001626387233282 0.9999999864959043 0.0000235973932204 -0.0027028450977584 -0.0001148864094770 -0.0000235787083976 0.9999999931225787 0.0019319391810677
0.9999999825196323 -0.0001232555162592 0.0001406016105028 -0.0066823337303165 0.0001232524284177 0.9999999921630770 0.0000219700907819 -0.0000774187828977 -0.0001406043173358 -0.0000219527609079 0.9999999898742511 0.0023772320800528
0.9999999762801646 -0.0001680184224494 0.0001385982688197 -0.0074556078627122 0.0001680156133500 0.9999999856797513 0.0000202793203654 -0.0026467722570853 -0.0001386016741343 -0.0000202560332112 0.9999999901896345 0.0020712837191824
0.9999999728935329 -0.0001919011948426 0.0001318592612038 -0.0064913990699991 0.0001918966884211 0.9999999810034276 0.0000341877967939 -0.0009470940133573 -0.0001318658193779 -0.0000341624925117 0.9999999907221648 0.0023844468499604
0.9999999666746250 -0.0002058959982536 0.0001557484732598 -0.0073458122124251 0.0002058901811626 0.9999999781065680 0.0000373643765179 -0.0008517710387927 -0.0001557561630256 -0.0000373323081914 0.9999999871731582 0.0030490013569739
0.9999999624247262 -0.0001840802423807 0.0002031379103041 -0.0098859214745030 0.0001840730323948 0.9999999824280371 0.0000355111849968 -0.0018817021027980 -0.0002031444436421 -0.0000354737914513 0.9999999787369723 0.0033031089665291
0.9999999571123763 -0.0001899528069395 0.0002229196642414 -0.0123387333329168 0.0001899427196667 0.9999999809361494 0.0000452710074477 -0.0031101885224083 -0.0002229282593466 -0.0000452286635389 0.9999999741286792 0.0032224095896897
0.9999999457714092 -0.0002114898154708 0.0002524465026681 -0.0136191662701698 0.0002114789969743 0.9999999767189465 0.0000428805346016 -0.0033471743679085 -0.0002524555655872 -0.0000428271451430 0.9999999672160110 0.0035941273544151
0.9999999432833977 -0.0002024208876788 0.0002691820677385 -0.0140127917522436 0.0002024081085558 0.9999999783873394 0.0000475002964575 -0.0032308664391796 -0.0002691916769729 -0.0000474458091303 0.9999999626423675 0.0033544681522588
0.9999999332840837 -0.0002286305218618 0.0002848857890763 -0.0176368082537467 0.0002286254855970 0.9999999737083601 0.0000177106295570 -0.0012648005454078 -0.0002848898307766 -0.0000176454962235 0.9999999592632096 0.0036475314785590
0.9999999238486930 -0.0002565478504047 0.0002940846965880 -0.0143097381199393 0.0002565331419713 0.9999999658428264 0.0000500509067371 -0.0020658215706816 -0.0002940975269954 -0.0000499754604544 0.9999999555045480 0.0046879605311451
0.9999998755995598 -0.0004032878161223 0.0002935299000723 0.0000910137395586 0.0004032650040947 0.9999999156644823 0.0000777712335433 0.0032799569554158 -0.0002935612395082 -0.0000776528535321 0.9999999538959154 0.0043600679115568
0.9999998135986027 -0.0004826250395959 0.0003739997741747 0.0038109048130967 0.0004825975612240 0.9999998808443715 0.0000735583899970 0.0103914055071416 -0.0003740352307314 -0.0000733778849067 0.9999999273566634 0.0056745830693700
0.9999997882092801 -0.0004810320231756 0.0004383943287495 0.0012047205112675 0.0004810147935203 0.9999998835359485 0.0000394063190178 0.0099543752716241 -0.0004384132333937 -0.0000391954365144 0.9999999031287726 0.0043435002904524
0.9999997760700895 -0.0004949730132324 0.0004504014731898 -0.0133473926680006 0.0004949698023040 0.9999998774762276 0.0000072404759277 0.0105394876855367 -0.0004504050018451 -0.0000070175391782 0.9999998985430391 0.0048689272539135
0.9999998264691857 -0.0003201198002490 0.0004945552668575 -0.0247157558296548 0.0003201036922390 0.9999999482338165 0.0000326495086943 0.0008864130854722 -0.0004945656930104 -0.0000324911940617 0.9999998771745413 0.0043301178813957
0.9999998143676807 -0.0004113383479030 0.0004495168158684 -0.0387631609230359 0.0004113125540230 0.9999999137594560 0.0000574722855566 -0.0051709976401822 -0.0004495404176568 -0.0000572873829783 0.9999998973157791 0.0059584931789301
0.9999998353309136 -0.0003188163840758 0.0004771731958107 -0.0527019236295932 0.0003187656356330 0.9999999435311435 0.0001064245244932 -0.0103566165525484 -0.0004772070987474 -0.0001062724005513 0.9999998804897737 0.0076212839586055
0.9999998231211028 -0.0003070460286473 0.0005093922844318 -0.0595803382917625 0.0003069948660380 0.9999999478255753 0.0001005136745694 -0.0090873356930914 -0.0005094231201791 -0.0001003572759746 0.9999998652082418 0.0070583626206541
0.9999997669879164 -0.0003250197389379 0.0006003218154961 -0.0746489186959716 0.0003249781956731 0.9999999447934846 0.0000692979072529 -0.0044094490215682 -0.0006003443055422 -0.0000691027996052 0.9999998174057423 0.0078276034994102
0.9999997084499864 -0.0003357209629146 0.0006858508417500 -0.0839501250978590 0.0003356820286092 0.9999999420409930 0.0000568822155658 -0.0047364407899816 -0.0006858698985509 -0.0000566519711799 0.9999997631864902 0.0077563004522903
0.9999995866648702 -0.0003665136672330 0.0008320683989104 -0.1094202444084996 0.0003664384543714 0.9999999287623830 0.0000905432943116 0.0007518120448025 -0.0008321015249907 -0.0000902383550289 0.9999996497319843 0.0073463057097654
0.9999995720951633 -0.0002480213030953 0.0008912322499676 -0.1391291998287676 0.0002479740475861 0.9999999678428895 0.0000531327752604 -0.0026458531257157 -0.0008912453993683 -0.0000529117500563 0.9999996014409129 0.0116753499482041
0.9999994845905351 -0.0002461843876177 0.0009849933559997 -0.1860751765216188 0.0002460923468027 0.9999999653422424 0.0000935631906462 -0.0073670305417555 -0.0009850163556588 -0.0000933207430963 0.9999995105168892 0.0110843426520174
0.9999988068541968 -0.0010493917979567 0.0011336079733053 -0.3100628711584980 0.0010493929274688 0.9999994493870097 -0.0000004015868723 0.0168943649013256 -0.0011336069277041 0.0000015911865829 0.9999993574661944 0.0108542306805861
0.9999992351284622 -0.0000797202131313 0.0012342557183114 -0.4029961336086350 0.0000796465954683 0.9999999950464976 0.0000596944267221 0.0014341469586953 -0.0012342604710499 -0.0000595960767976 0.9999992365244071 0.0144445896598777
0.9999989101124894 0.0000632948427022 0.0014750483368602 -0.4954756455647118 -0.0000632300099288 0.9999999970330017 -0.0000439995745051 0.0066271862334426 -0.0014750511174299 0.0000439062592295 0.9999989111476278 0.0138793168793253
0.9999984029206355 0.0005810660392707 0.0016901237932027 -0.5439225754755769 -0.0005809251180254 0.9999998277459869 -0.0000838689677023 -0.0044787298975711 -0.0016901722354810 0.0000828869983929 0.9999985682227550 0.0154621589040279
0.9999984324412666 0.0004408915529798 0.0017148555764616 -0.6008872068969285 -0.0004409299705184 0.9999999025478303 0.0000220247823750 -0.0116118916729746 -0.0017148456988047 -0.0000227808790686 0.9999985293915491 0.0201849716825549
0.9999983908274247 0.0000210621603496 0.0017938503133125 -0.6833110600451544 -0.0000213177681871 0.9999999896236162 0.0001424721729407 0.0001880412467553 -0.0017938472939271 -0.0001425101845636 0.9999983809000560 0.0234368355161489
0.9999979570468760 -0.0000782786290148 0.0020198451749317 -0.8230970188449603 0.0000781198221473 0.9999999938516394 0.0000787020625926 0.0060292693591633 -0.0020198513232026 -0.0000785441118621 0.9999979570136405 0.0235113355008081
0.9999978429977646 -0.0000223176967765 0.0020768971420397 -0.9289194631945017 0.0000217975850132 0.9999999683999290 0.0002504496082060 0.0095768743173507 -0.0020769026658680 -0.0002504037966436 0.9999978118842336 0.0277007919357005
0.9999977741610230 -0.0000509783053811 0.0021092828667485 -1.0464531993869355 0.0000500159322456 0.9999998946414712 0.0004563063148849 -0.0059811889722879 -0.0021093059062402 -0.0004561998014716 0.9999976713524562 0.0368290791533418
0.9999971282694647 -0.0000756274939501 0.0023953566134930 -1.1256853950541938 0.0000743651324342 0.9999998583238847 0.0005270882635202 0.0099957804758484 -0.0023953961364926 -0.0005269086188529 0.9999969922178049 0.0432542423356657
0.9999964925795054 0.0001917192674070 0.0026416041356786 -1.2445959462582610 -0.0001930754758643 0.9999998496953949 0.0005131579173646 0.0020851411114608 -0.0026415053563734 -0.0005136661464795 0.9999963792917164 0.0470292654390175
0.9999951649752656 -0.0000424002544088 0.0031093774794612 -1.4342905261168415 0.0000407775345719 0.9999998629574511 0.0005219408699310 -0.0125863207977510 -0.0031093991837698 -0.0005218115535863 0.9999950296623571 0.0490216305185377
0.9999944573038315 -0.0001494499907170 0.0033261127935858 -1.5665551819625201 0.0001475234186693 0.9999998212290739 0.0005794641154480 0.0085229818693540 -0.0033261987998802 -0.0005789702241243 0.9999943005812699 0.0528959604242327
0.9999939084106512 -0.0001724230845197 0.0034861743889409 -1.6884405517143377 0.0001699644183375 0.9999997366584883 0.0007055459237067 0.0133393012328987 -0.0034862951232909 -0.0007049491002084 0.9999936743765330 0.0571323991519760
0.9999934213458890 -0.0001894819621561 0.0036223419950802 -1.8988306458706323 0.0001860894054901 0.9999995438145721 0.0009368785304030 0.0184954903498409 -0.0036225178642028 -0.0009361982875349 0.9999930004240479 0.0591551275124369
0.9999931520113345 -0.0000235465530046 0.0037007264146133 -2.0398131269986384 0.0000199201653029 0.9999995196541962 0.0009799462045979 0.0098762876572491 -0.0037007477113401 -0.0009798657748555 0.9999926721378714 0.0669786288469759
0.9999935915274356 0.0003925790083398 0.0035584808250778 -2.2004405719830973 -0.0003967498941169 0.9999992351267939 0.0011714671778110 -0.0020769306337097 -0.0035580182098682 -0.0011728714973863 0.9999929824148112 0.0704424284225783
0.9999929281088139 0.0001285862327136 0.0037586164929693 -2.4623623301642850 -0.0001324210149632 0.9999994709982797 0.0010200332521524 0.0003092504134067 -0.0037584833424216 -0.0010205237583991 0.9999924161383542 0.0729184246572176
0.9999911807960192 0.0006417540220816 0.0041504797262899 -2.6017451940251610 -0.0006471545691245 0.9999989456285471 0.0012999741373867 -0.0038339926531353 -0.0041496410865113 -0.0013026486745686 0.9999905417479126 0.0767647062508113
0.9999909882890334 -0.0000130410021600 0.0042453704967302 -2.8071441083597128 0.0000071421817941 0.9999990346418685 0.0013894834725414 0.0118536307409566 -0.0042453845186842 -0.0013894406297101 0.9999900230327425 0.0895645793889866
0.9999888196204989 0.0000473113086028 0.0047284665211121 -3.0263714968258020 -0.0000546708407099 0.9999987874483166 0.0015563139129703 0.0194029098970346 -0.0047283871563542 -0.0015565550220301 0.9999876096689213 0.0909163844467667
0.9999891926953055 0.0007093315314421 0.0045947079743661 -3.2020904115093427 -0.0007170335605099 0.9999983403649896 0.0016748522739672 0.0005713930907673 -0.0045935123232995 -0.0016781287331468 0.9999880416927448 0.0991775718681157
0.9999865236555409 0.0003370540840332 0.0051806275537649 -3.4881569216038897 -0.0003454020227095 0.9999986433868240 0.0016105657249291 -0.0055913115341901 -0.0051800776779021 -0.0016123334196266 0.9999852834798094 0.1081798922056553
0.9999835162272608 0.0007260815147074 0.0056956193164338 -3.6903374299610405 -0.0007351129359731 0.9999984756786557 0.0015837453508677 -0.0034536584218351 -0.0056944607062565 -0.0015879061682071 0.9999825256829571 0.1112563626060605
0.9999820773751216 0.0007186518833210 0.0059437755683611 -3.9708976349542433 -0.0007267365551231 0.9999988136495868 0.0013581433645251 0.0070597606352507 -0.0059427924846738 -0.0013624385820120 0.9999814133165648 0.1183812505937506
0.9999820645864829 0.0005956198521202 0.0059595085658973 -4.1482227283558588 -0.0006047872525002 0.9999986365494750 0.0015365974001884 0.0097040133765554 -0.0059585852124859 -0.0015401740754905 0.9999810613837058 0.1120474302144530
0.9999856430276752 0.0008559618574326 0.0052897133972903 -4.4426638581252149 -0.0008651564073092 0.9999981186409290 0.0017361506251577 0.0238686577511520 -0.0052882173667261 -0.0017407021287298 0.9999845022365003 0.1276243399030534
0.9999852931075436 0.0005814375052203 0.0053921701612267 -4.6963882877323062 -0.0005918974060299 0.9999979460547694 0.0019384384702870 0.0045590079354530 -0.0053910320051763 -0.0019416015734121 0.9999835833438714 0.1413534903184318
0.9999932860819242 0.0007702809615727 0.0035825212232853 -4.9943277049895247 -0.0007789810909639 0.9999967496464995 0.0024277324597171 0.0014486900774819 -0.0035806395427314 -0.0024305068764112 0.9999906357845501 0.1406272919598063
0.9999935128218628 0.0006819957277594 0.0035368341802061 -5.2350818132717274 -0.0006896310103909 0.9999974336759615 0.0021580200556517 -0.0032105259086884 -0.0035353533430852 -0.0021604451667205 0.9999914168398752 0.1503401273848217
0.9999956569137708 0.0000532159786065 0.0029467476402876 -5.5378110224349042 -0.0000589529929810 0.9999981031588239 0.0019468444465088 0.0035847719419486 -0.0029466384475429 -0.0019470097107884 0.9999937632180741 0.1552413193492136
0.9999962881453440 -0.0002401484718076 0.0027140420493194 -5.8108582638102932 0.0002351411689899 0.9999982701006045 0.0018451299220085 -0.0065323737257302 -0.0027144804594308 -0.0018444848901343 0.9999946147211621 0.1623055373259334
0.9999980871366029 -0.0004357343630573 0.0019067927784779 -6.1180859630985660 0.0004322619709050 0.9999982483750119 0.0018210976076318 -0.0003433668261293 -0.0019075829532981 -0.0018202698901163 0.9999965238663600 0.1678785572657782
0.9999978471759113 -0.0002684056864135 0.0020575718529992 -6.4389786274063878 0.0002641508148559 0.9999978270004392 0.0020679020157474 0.0045160936575196 -0.0020581224185564 -0.0020673540546365 0.9999957450806093 0.1643510642502603
0.9999977782409704 -0.0005052902063452 0.0020465079844409 -6.7185789961249709 0.0005001265153934 0.9999966924241965 0.0025228979637476 -0.0135661122383771 -0.0020477760110933 -0.0025218688455693 0.9999947233815457 0.1793799695379723
0.9999963180492005 -0.0010781051810626 0.0024902966210572 -7.0488702347940002 0.0010707299658001 0.9999950429422438 0.0029610181154860 -0.0092563955005174 -0.0024934765654845 -0.0029583407779470 0.9999925153692196 0.1858849991538774
0.9999928580821806 -0.0022445811888767 0.0030406643876539 -7.3221284553115797 0.0022340040891324 0.9999914581059265 0.0034774906057221 0.0168864657905538 -0.0030484439246188 -0.0034706729130943 0.9999893306526669 0.1890468528308276
0.9999922321322448 -0.0015020408558265 0.0036441114744478 -7.6799293659399108 0.0014889240103524 0.9999924132877527 0.0035995099982891 0.0018667823613363 -0.0036494904387010 -0.0035940562327007 0.9999868819036248 0.2149339923927802
0.9999896796090543 -0.0021418292445364 0.0040066498310054 -8.0007398047650362 0.0021263762284012 0.9999903004725746 0.0038571342866298 0.0029686727329779 -0.0040148722914106 -0.0038485748345399 0.9999845345165227 0.2065095610916502
0.9999902658750691 -0.0020744935884608 0.0038941791766790 -8.3621641169123215 0.0020607469766643 0.9999916435619268 0.0035307404626224 -0.0063694112404781 -0.0039014711336641 -0.0035226811759887 0.9999861845247291 0.2235795995781946
0.9999881443273329 -0.0026497814415119 0.0040853228868268 -8.6808827657051015 0.0026362273935861 0.9999910153563373 0.0033195649912080 0.0155056315406566 -0.0040940823033640 -0.0033087557954262 0.9999861452166122 0.2235483904828269
0.9999903101829669 -0.0026064154655269 0.0035476948282801 -9.0513852865559716 0.0025950481650235 0.9999914968848034 0.0032049778644180 0.0057690563561801 -0.0035560181656947 -0.0031957403698147 0.9999885709238351 0.2321042333562230
0.9999862414571670 -0.0037100273236688 0.0037084489515513 -9.4144439002178792 0.0036971506115196 0.9999871342131281 0.0034731089201096 0.0165203977924155 -0.0037212865684291 -0.0034593504408827 0.9999870923770980 0.2288114076965908
0.9999868449914063 -0.0039049266106582 0.0033258671498619 -9.7611405472645085 0.0038938793093306 0.9999869020745512 0.0033216536945023 0.0115973488942636 -0.0033387944018050 -0.0033086594728390 0.9999889525511946 0.2603518798997919
0.9999828388787095 -0.0048314189330034 0.0033135085892054 -10.1231259376439908 0.0048191231564912 0.9999815102499824 0.0037088017157839 0.0073092757441780 -0.0033313660980883 -0.0036927698626164 0.9999876326488555 0.2586073837045705
0.9999891860703896 -0.0038700049659212 0.0025789152455206 -10.5445294153015858 0.0038602242266227 0.9999853792054636 0.0037868250851163 -0.0105241897120249 -0.0025935325716152 -0.0037768289435472 0.9999895045208881 0.2887779385401605
0.9999888813357651 -0.0038178727700356 0.0027678606100655 -10.9183052684062041 0.0038089630258994 0.9999875707742326 0.0032171567752279 -0.0148757371287678 -0.0027801089029502 -0.0032065783260173 0.9999909943844129 0.3043659220217211
0.9999822252470290 -0.0049063092120344 0.0033878193452626 -11.2856605801779981 0.0048966074988149 0.9999839042660532 0.0028660851039988 -0.0153476054729031 -0.0034018267155719 -0.0028494453384334 0.9999901540696591 0.3142569589005437
0.9999769111839367 -0.0051797523058550 0.0043985526122994 -11.6670096807431367 0.0051680551567469 0.9999830902612034 0.0026665328707661 -0.0154399957326364 -0.0044122902137096 -0.0026437393411689 0.9999867710811808 0.3082544180089757
0.9999719813842344 -0.0055768669319296 0.0049934959409225 -12.0562975969798298 0.0055654788329653 0.9999818868772237 0.0022915852214895 -0.0203789103266862 -0.0050061853589608 -0.0022637298184820 0.9999849067038266 0.3315996041696723
0.9999630790061045 -0.0063149553498469 0.0058276893843720 -12.4601362289195787 0.0062993351401749 0.9999765278909851 0.0026948179681630 0.0012260024785383 -0.0058445702513564 -0.0026580079042803 0.9999793877838471 0.3373050483232903
0.9999514718233482 -0.0067615489453307 0.0071648764245855 -12.8468275184138410 0.0067411930161101 0.9999731839253679 0.0028614239255566 -0.0048880036391122 -0.0071840319486505 -0.0028129852509562 0.9999702379565797 0.3561842975722277
0.9999414405832348 -0.0070885542618684 0.0081772735555192 -13.2699353784847034 0.0070663297576805 0.9999712695833156 0.0027435363470759 -0.0129454605439095 -0.0081964863253083 -0.0026855923757255 0.9999628019109064 0.3549647642550692
0.9999436182250845 -0.0065836799991908 0.0083315982017120 -13.6858761255008101 0.0065644279418493 0.9999757254725192 0.0023359690719501 -0.0275948184121777 -0.0083467752289603 -0.0022811451898321 0.9999625631591915 0.3705651952099299
0.9999410257311825 -0.0071993285436089 0.0081310963708306 -14.1145768495369186 0.0071815815030669 0.9999717706436613 0.0022097065180186 -0.0174938858715984 -0.0081467752384219 -0.0021511820708960 0.9999645006043527 0.3720861840416491
0.9999382530142488 -0.0076672063345966 0.0080438862395608 -14.5326015936412407 0.0076529865427391 0.9999691006902134 0.0017970703332120 -0.0087402586284992 -0.0080574161980705 -0.0017353996163930 0.9999660326393005 0.3818549003004695
0.9999467919778674 -0.0073031779658562 0.0072853829529072 -14.9856481388198954 0.0072901543595644 0.9999717836804223 0.0018125927309818 -0.0112197406773758 -0.0072984150735076 -0.0017593847202124 0.9999718184543108 0.3912671205339429
0.9999553700955294 -0.0075178732442097 0.0057218352822294 -15.3932938472583736 0.0075072974822744 0.9999700759122832 0.0018675557542839 -0.0211896785070890 -0.0057357041089657 -0.0018245168858408 0.9999818862541999 0.4093376092479069
0.9999668276450849 -0.0073528920604726 0.0035040815875243 -15.8129568056470653 0.0073499102329181 0.9999726165834475 0.0008630775293434 -0.0266671202845072 -0.0035103317497117 -0.0008372942139122 0.9999934882335016 0.4442594477883444
0.9999729204124039 -0.0069305147278152 0.0024751580748727 -16.2666789847893760 0.0069306584642306 0.9999759814731068 -0.0000494989787062 -0.0518532946931246 -0.0024747555718210 0.0000666521135562 0.9999969355664824 0.4524979406423205
0.9999741212114726 -0.0065405764396837 0.0029962922387213 -16.7033439899884684 0.0065437102961021 0.9999780516864913 -0.0010373046078304 -0.0589421846481336 -0.0029894419050811 0.0010568846320165 0.9999949731033505 0.4521301559171506
0.9999736120725814 -0.0065416852091011 0.0031593532786934 -17.1602635240824952 0.0065470076119945 0.9999771614915399 -0.0016772556904249 -0.0762486902064935 -0.0031483090450349 0.0016978957410881 0.9999936026296415 0.4676535839034866
0.9999496835073560 -0.0080620231195707 0.0059694419134497 -17.5831129876058512 0.0080645535584321 0.9999674009769642 -0.0003999490946743 -0.0561570698141382 -0.0059660229166273 0.0004480698546636 0.9999821027418259 0.4589536502417936
0.9999406002105590 -0.0076853961758959 0.0077285662426172 -18.0436512992895857 0.0076764917171208 0.9999698377194637 0.0011811546158314 -0.0636321674708086 -0.0077374107726017 -0.0011217561807493 0.9999694366017429 0.4850001078853548
0.9999435616182986 -0.0069435865763562 0.0080411556115094 -18.5186783024744095 0.0069311450631873 0.9999747404542662 0.0015740652896714 -0.0782370851596920 -0.0080518821541871 -0.0015182420359547 0.9999664305039921 0.5142837536702853
0.9999424021434803 -0.0082778058640062 0.0068315683121886 -18.9549861337464698 0.0082829899337246 0.9999654283369244 -0.0007308958265292 -0.0551508271418601 -0.0068252819197519 0.0007874395400577 0.9999763974543032 0.5328415188091356
0.9999553951385142 -0.0077618042598342 0.0053816473323661 -19.4378306147972957 0.0078022551812306 0.9999411601094369 -0.0075366526442690 -0.0733640285072098 -0.0053228326542268 0.0075783054587042 0.9999571174499983 0.5213032605250755
0.9999597787531764 -0.0076372668131139 0.0047024495237834 -19.9145820478422095 0.0076837349882048 0.9999210331845617 -0.0099442250452061 -0.0822940375483378 -0.0046261314863999 0.0099799574520122 0.9999394978481081 0.5044842645398661
0.9999610055230030 -0.0077727597759767 0.0041918538726467 -20.3956784812642695 0.0078118732516811 0.9999253364319837 -0.0093966056469361 -0.0866592571090486 -0.0041185033354767 0.0094289854623560 0.9999470646806392 0.5287541673650564
0.9999560178966430 -0.0090443414077103 0.0024823699944417 -20.8582952087089630 0.0090567812326324 0.9999462516670553 -0.0050466316202289 -0.0738381718006158 -0.0024365931118604 0.0050688919407335 0.9999841845491859 0.5397142992181994
0.9999592981895808 -0.0087520469841999 0.0021917202803431 -21.3439152055931061 0.0087559702172648 0.9999600692385290 -0.0017868726957266 -0.0838898042315581 -0.0021759939694956 0.0018059906042722 0.9999960017160978 0.6036322641057373
0.9999614042552354 -0.0083544293676646 0.0027191009246485 -21.8107556159787421 0.0083568135589192 0.9999647056667430 -0.0008666533133377 -0.0886276531825797 -0.0027117645619017 0.0008893428836828 0.9999959276928062 0.6205897612224314
0.9999598407411820 -0.0084633606150772 0.0029476146235384 -22.3011553111284790 0.0084717834980286 0.9999600328221323 -0.0028568588909191 -0.0894171192270378 -0.0029233181886802 0.0028817157145097 0.9999915749271633 0.6198598834163994
0.9999622472147131 -0.0081897411356517 0.0029038397738549 -22.7865413081734758 0.0082101760197070 0.9999411144051378 -0.0070965295699073 -0.0940095655362156 -0.0028455500393834 0.0071201026918266 0.9999706030592256 0.6134539766535586
0.9999593189420817 -0.0088329295762217 0.0018275163445617 -23.2752227610790321 0.0088438127921490 0.9999426789472012 -0.0060353786287041 -0.0965125383433494 -0.0017741015150077 0.0060512953155425 0.9999801169967424 0.5879571272254748
0.9999529371900248 -0.0096386237024786 -0.0011046891709787 -23.7701874012561198 0.0096368108703016 0.9999522285548569 -0.0016347735089008 -0.0811302769632141 0.0011203933650716 0.0016240508912546 0.9999980535868108 0.5918709227670474
0.9999261556870706 -0.0105072565911867 -0.0061057949362253 -24.2461368012409473 0.0105557738391573 0.9999125318600771 0.0079689565080335 -0.0947591731805788 0.0060215290029055 -0.0080328194363704 0.9999496062304190 0.6339669245931281
0.9998898272392648 -0.0124231006335520 -0.0081240355785762 -24.7272646965072731 0.0124886301883523 0.9998894826141251 0.0080657717346683 -0.1121517501262597 0.0080229358374543 -0.0081663411823067 0.9999344695390004 0.7227379200829284
0.9998729139691414 -0.0150328346540239 -0.0053075223148795 -25.2100121303355245 0.0150495106635394 0.9998818940273523 0.0031161234030020 -0.1383492536094698 0.0052600512969153 -0.0031956030009218 0.9999810598115418 0.7154065460250882
0.9998264694416861 -0.0184071641033808 -0.0028648409108530 -25.7145023872662613 0.0183956973117104 0.9998228682083097 -0.0039787596214209 -0.1434802353397833 0.0029375711377289 0.0039253684388002 0.9999879810069872 0.6745897128508958
0.9997317185277144 -0.0231459370800765 -0.0008698082018683 -26.1821895758469765 0.0231418201514729 0.9997221648199274 -0.0044776475782315 -0.1589098902942502 0.0009732058876624 0.0044563173633729 0.9999895969988174 0.6443320416488555
0.9996039675664321 -0.0281280989381519 0.0008473933991774 -26.6656173931705602 0.0281268671027490 0.9996033355179528 0.0014321202350064 -0.1705299660658742 -0.0008873400879752 -0.0014077185474222 0.9999986154770713 0.6673586100431192
0.9994242312511775 -0.0337719005171119 0.0032656888178713 -27.1506522882976817 0.0337536247401828 0.9994150600363455 0.0054982351210858 -0.1810913201845172 -0.0034494644355018 -0.0053848405742528 0.9999795521344914 0.7432480350473941
0.9993454724383112 -0.0359950946118693 0.0036027601823073 -27.6125538904113235 0.0359794473331198 0.9993432030704927 0.0043176204570599 -0.2201312891545316 -0.0037558070573319 -0.0041851691352367 0.9999841890113351 0.7720297261935865
0.9991311860647242 -0.0414106991021878 0.0046932965776305 -28.1459854010978994 0.0414279504499568 0.9991348630469470 -0.0036401051735433 -0.2434685490619440 -0.0045384969332876 0.0038313762575077 0.9999823611452153 0.7728861339606349
0.9988255488167945 -0.0476239766616001 0.0089151487797220 -28.6253275896821648 0.0476810997622155 0.9988426891499820 -0.0063083323547600 -0.2814825568627910 -0.0086044033084730 0.0067260076247228 0.9999403607541488 0.7230284940455007
0.9985174641184870 -0.0536065994824548 0.0094449109214310 -29.1111971523061612 0.0536667138868495 0.9985394662227620 -0.0062304266425726 -0.3073544207639994 -0.0090971243243741 0.0067280671436251 0.9999359856718518 0.7534577039623042
0.9982306140714798 -0.0587787689907847 0.0089831757415857 -29.6015866612732665 0.0588183251880516 0.9982598502877476 -0.0042042746766100 -0.3341867570788255 -0.0087204215809136 0.0047252110441476 0.9999508121042952 0.7647927938846870
0.9979344252812213 -0.0639559900854779 0.0060426956587789 -30.0953047475655104 0.0639764413260854 0.9979461044541864 -0.0032538530950352 -0.3833344780239736 -0.0058221811967949 0.0036337221826087 0.9999764488572775 0.8088481746005421
0.9976050864315806 -0.0691143611568196 0.0027012233753139 -30.6018731291391504 0.0691249758140044 0.9975997610102937 -0.0040564209493258 -0.4368984498243512 -0.0024143828511528 0.0042334281722419 0.9999881243501637 0.8342556265418472
0.9972894155186817 -0.0735425519183268 0.0023053745349786 -31.0718327762778657 0.0735560272874023 0.9972702980838707 -0.0064392087559372 -0.4874787536002204 -0.0018255257054466 0.0065913289288139 0.9999766106458945 0.8430602262543224
0.9969025418751465 -0.0785936679500193 0.0028909100701949 -31.5883204808891058 0.0786156584000194 0.9968687445208423 -0.0085020263332470 -0.5275605755324814 -0.0022136524576603 0.0087029624612470 0.9999596782806769 0.8289495202865493
0.9965220935244560 -0.0832815320442970 0.0028113231742567 -32.0634164064336389 0.0833077789124717 0.9964623329159794 -0.0110739808702496 -0.5745860090739613 -0.0018791195560970 0.0112696716899234 0.9999347295747334 0.8600197783201833
0.9961278030097465 -0.0878115610161093 0.0043046280779985 -32.5698973588873528 0.0878559283363445 0.9960666380799174 -0.0115147019210200 -0.6286850928902777 -0.0032765724675164 0.0118483018228330 0.9999244380535862 0.8477459392022888
0.9956636428979007 -0.0928669199966824 0.0054447572591908 -33.0687251696778262 0.0929195651972313 0.9956195135532487 -0.0103797223252774 -0.6799722033080927 -0.0044569737310417 0.0108406366197829 0.9999313056319612 0.8730399929277493
0.9951804846017416 -0.0978417829367656 0.0065412980055633 -33.5839122752630956 0.0978844763557471 0.9951761636332895 -0.0065599256618713 -0.7252565701262599 -0.0058679090316684 0.0071686015290940 0.9999570884771571 0.8869523072334641
0.9948209178274454 -0.1014390105669764 0.0064396108695989 -34.0587725394478511 0.1014647091147886 0.9948318925492006 -0.0037971530423840 -0.7701680431828020 -0.0060211508210927 0.0044308805184520 0.9999720561298805 0.9275219597764550
0.9943294125496810 -0.1061447959538385 0.0065039703661937 -34.5573119593783176 0.1061612375505701 0.9943464141633109 -0.0022361311000855 -0.8480405166863076 -0.0062298459321045 0.0029139204661994 0.9999763487638990 0.9608314245826004
0.9939876149020287 -0.1091115714888922 0.0091261376606198 -35.0529035875920059 0.1091697319721361 0.9940041811073206 -0.0061365757794506 -0.9103193511322670 -0.0084018475651605 0.0070959783250324 0.9999395261960108 0.9710025918027932
0.9935766276538042 -0.1125542823987591 0.0117054898997897 -35.5662864354585793 0.1126628185245065 0.9935919200183121 -0.0090656382256363 -0.9781376623313742 -0.0106101037793138 0.0103261797400776 0.9998903918479104 0.9650424507005281
0.9931767428381046 -0.1158427705162789 0.0134316791432061 -36.0766661188826561 0.1159769594991099 0.9932047237292955 -0.0096809930872654 -1.0312363882510738 -0.0122189341120708 0.0111727024898451 0.9998629247893125 0.9662122270458118
0.9929240669793068 -0.1179826762576286 0.0134864864349701 -36.5589226954263182 0.1180957100770149 0.9929706787490931 -0.0079141901652044 -1.0999650918026853 -0.0124579482531701 0.0094508860776642 0.9998777326641834 0.9825350611805335
0.9927819030841196 -0.1193358099482693 0.0119606593741406 -37.0735441409636692 0.1194061685787162 0.9928310786903172 -0.0053494010854042 -1.1637230923807720 -0.0112365392370106 0.0067389650994691 0.9999141595833930 1.0140252142460238
0.9927058222262116 -0.1201147799954534 0.0103725669351834 -37.5902699013825696 0.1201753149926957 0.9927378769329060 -0.0054223029381204 -1.2255919275946727 -0.0096459413530974 0.0066292781952649 0.9999315018970162 1.0476426055286405
0.9926770688193233 -0.1204352948025139 0.0093582480255751 -38.1004444841956627 0.1204843326404269 0.9927033129881033 -0.0048639459942184 -1.2820336527867890 -0.0087041730490356 0.0059558499204812 0.9999443810648956 1.0522238676606817
0.9926966745003855 -0.1203833109983301 0.0078211807903305 -38.6184631985665945 0.1204227159868478 0.9927112080733135 -0.0047777442348240 -1.3398390496462860 -0.0071890131608375 0.0056846986465189 0.9999580002635469 1.0616258360171824
0.9927658543725624 -0.1198758123958931 0.0067637263650212 -39.1526218552699561 0.1199040397159172 0.9927776943390839 -0.0039333042821688 -1.4074378729958745 -0.0062433686195810 0.0047158483008936 0.9999693900930583 1.0687820119608451
0.9927714384680260 -0.1199284569794775 0.0046942697672916 -39.6636834109399388 0.1199305540413114 0.9927822693761233 -0.0001667925016014 -1.4409341658869834 -0.0046403846252827 0.0007285732057511 0.9999889679449535 1.0814744298436152
0.9928674050146933 -0.1192059370825658 0.0020641278197867 -40.1747843191254717 0.1192020567032767 0.9928681772382997 0.0019111005219823 -1.4993254529843112 -0.0022772213546004 -0.0016514211345658 0.9999960435277424 1.1340676783458215
0.9929402937100992 -0.1185974617337673 0.0020530945447508 -40.7011792534832963 0.1185913289806408 0.9929389480949624 0.0028882601466726 -1.5629079011946589 -0.0023811378598266 -0.0026243906677634 0.9999937213583471 1.1328606907590917
0.9930053967545536 -0.1180435888693164 0.0024480897008400 -41.2198074078520094 0.1180358775577018 0.9930045348042840 0.0030863355797422 -1.6310201519775809 -0.0027952863028296 -0.0027757854707010 0.9999922406646493 1.1479790750576038
0.9930713016988103 -0.1174799670452590 0.0028012649419997 -41.7437718646911833 0.1174692303632340 0.9930695130936019 0.0037312306154691 -1.6789178293890492 -0.0032201956617414 -0.0033763156074622 0.9999891153571717 1.1595019377366143
0.9931593355813224 -0.1167087477052273 0.0036881373000310 -42.2870276291324458 0.1166899287624609 0.9931559990102362 0.0049620716834301 -1.7360890549152657 -0.0042420128568958 -0.0044977593374155 0.9999808875612897 1.1656871209133284
0.9931946220848856 -0.1163838706864912 0.0043860353043924 -42.8042600065075902 0.1163290629441038 0.9931479012600239 0.0111711833462912 -1.7805062755478318 -0.0056561273153995 -0.0105849358448609 0.9999279810851140 1.1815242095268770
