1.0000000000000000 0.0000000000000000 0.0000000000000000 0.0000000000000000 0.0000000000000000 1.0000000000000000 0.0000000000000000 0.0000000000000000 0.0000000000000000 0.0000000000000000 1.0000000000000000 0.0000000000000000
0.9999999982493311 0.0000081335994010 -0.0000586104296768 0.0050477841080326 -0.0000081378254318 0.9999999973674049 -0.0000721038566787 0.0020241872004010 0.0000586098430586 0.0000721043335139 0.9999999956829256 0.0018866185731054
0.9999999992196623 -0.0000380952087853 0.0000104608977550 0.0032759518944584 0.0000380955615158 0.9999999987058172 -0.0000337208215877 0.0024717156028623 -0.0000104596131398 0.0000337212200751 0.9999999993767379 0.0008355989928674
0.9999999969099285 -0.0000737910577425 0.0000271113064632 0.0012691552740177 0.0000737927375365 0.9999999953575849 -0.0000619633932124 0.0039887271266329 -0.0000271067339930 0.0000619653936385 0.9999999977127575 0.0000320836905849
0.9999999988911052 -0.0000270951105963 -0.0000385181046555 0.0048673067514859 0.0000270928478627 0.9999999979075609 -0.0000587439845647 0.0034208140799843 0.0000385196962497 0.0000587429409344 0.9999999975327499 0.0010178532726915
0.9999999977688121 -0.0000433037899113 -0.0000508641096841 0.0031416035014733 0.0000432986695114 0.9999999939958898 -0.0001006650172961 0.0028185945575514 0.0000508684685555 0.0001006628147232 0.9999999936396983 0.0025408978821174
0.9999999997012128 0.0000025235353961 -0.0000243147337793 0.0030091233615572 -0.0000025247980239 0.9999999986485222 -0.0000519286154129 -0.0009239818729964 0.0000243146027027 0.0000519286767871 0.9999999983561063 0.0006314602604251
0.9999999972460669 -0.0000739662963300 0.0000060706754789 -0.0005801457922368 0.0000739666153951 0.9999999958824022 -0.0000525750451986 0.0010882522569793 -0.0000060667866725 0.0000525754940811 0.9999999985995057 0.0004403544087306
0.9999999958438930 -0.0000910702016004 0.0000042933056467 0.0009715005887926 0.0000910703911958 0.9999999948771016 -0.0000441812268471 0.0051513398754449 -0.0000042892820315 0.0000441816176565 0.9999999990147933 0.0003731038743327
0.9999999964901052 -0.0000837732179143 0.0000013556055030 0.0022296848919136 0.0000837732664021 0.9999999958499153 -0.0000358079493489 0.0057691258765865 -0.0000013526057503 0.0000358080627868 0.9999999993579766 0.0002160991827490
0.9999999970106215 -0.0000692775859195 -0.0000343420023467 0.0023806181321599 0.0000692754850857 0.9999999957294893 -0.0000611713044846 0.0054496988788145 0.0000343462400004 0.0000611689252429 0.9999999975393492 0.0011119861359565
0.9999999995062351 -0.0000269289664970 -0.0000161975470759 0.0038603779943308 0.0000269282568723 0.9999999986778094 -0.0000438092477829 0.0044742075971609 0.0000161987267923 0.0000438088115895 0.9999999989091947 0.0000460621851122
0.9999999996626132 -0.0000189257159040 -0.0000177930009344 0.0045007606238986 0.0000189241858403 0.9999999961239107 -0.0000859886838727 0.0033120717398809 0.0000177946282628 0.0000859883471257 0.9999999961446777 0.0012347728631866
0.9999999990407960 -0.0000425441713810 -0.0000104116035720 0.0038000947564483 0.0000425438698418 0.9999999986756586 -0.0000289603500364 0.0042654035573228 0.0000104128356523 0.0000289599070587 0.9999999995264484 -0.0001720013905521
0.9999999986656556 -0.0000510890951582 -0.0000076546185280 0.0016264236439019 0.0000510886060846 0.9999999966547013 -0.0000638791957734 0.0045276434187042 0.0000076578820327 0.0000638788046244 0.9999999979304276 0.0006553963306398
0.9999999999654532 0.0000083009754609 -0.0000004329966335 0.0042361341167889 -0.0000083009757869 0.9999999999652636 -0.0000007528026953 0.0006962160143433 0.0000004329903844 0.0000007528062896 0.9999999999996229 -0.0004228605094057
0.9999999999916087 0.0000005294670091 0.0000040623031940 0.0028769969668875 -0.0000005294687938 0.9999999999997633 0.0000004393323512 -0.0005071666267419 -0.0000040623029614 -0.0000004393345021 0.9999999999916523 -0.0002410901240821
0.9999999967672397 -0.0000795201921710 -0.0000119188747815 -0.0002714373593361 0.0000795194113948 0.9999999946936188 -0.0000654937066527 0.0032169978126996 0.0000119240827904 0.0000654927586591 0.9999999977842574 0.0013874779760805
0.9999999990216403 -0.0000405392638648 -0.0000176999297471 0.0040474070106001 0.0000405384927023 0.9999999982292795 -0.0000435668617676 0.0037963526551197 0.0000177016958842 0.0000435661441965 0.9999999988943206 0.0005973212627627
0.9999999992724644 -0.0000378267245650 -0.0000049203717219 0.0041061039436863 0.0000378265645986 0.9999999987562204 -0.0000325070787774 0.0042124100747309 0.0000049216013521 0.0000325068926329 0.9999999994595399 0.0000871973226121
0.9999999996056491 -0.0000251244200293 -0.0000125485153747 0.0039989683332222 0.0000251234236518 0.9999999965325547 -0.0000793958705458 0.0046934488841011 0.0000125505101064 0.0000793955552528 0.9999999967694152 0.0007852440598005
0.9999999994609642 0.0000079566385265 -0.0000318553523965 0.0056960865301592 -0.0000079565007973 0.9999999999589998 0.0000043237052769 0.0028823612651608 0.0000318553867974 -0.0000043234518174 0.9999999994832710 -0.0004803974816384
0.9999999975467404 -0.0000699534800494 -0.0000036096826057 0.0006579330538098 0.0000699532312092 0.9999999951802870 -0.0000688910112560 0.0037185856164946 0.0000036145017543 0.0000688907585781 0.9999999976204994 0.0007277452574368
0.9999999993083415 -0.0000371039116897 0.0000025723018266 0.0024724978042382 0.0000371040268734 0.9999999983084449 -0.0000447928714740 0.0013987051276950 -0.0000025706398315 0.0000447929668857 0.9999999989934910 0.0008203453938426
0.9999999989366610 -0.0000455667035657 -0.0000070960217138 0.0027481847400936 0.0000455664800337 0.9999999984657859 -0.0000314980023973 0.0041144510331932 0.0000070974569631 0.0000314976790231 0.9999999994787612 0.0002254736952287
0.9999999991521786 -0.0000411610765529 0.0000011868351631 0.0036766726105591 0.0000411611123817 0.9999999986967314 -0.0000302043044653 0.0057554556996737 -0.0000011855919198 0.0000302043532911 0.9999999995431457 -0.0001585654786471
0.9999999960712197 -0.0000877005431302 -0.0000128909047521 0.0015175860456372 0.0000876998226622 0.9999999945931067 -0.0000558795814444 0.0055976203463641 0.0000128958053521 0.0000558784506948 0.9999999983556485 0.0005618858664400
0.9999999999393346 0.0000102164802225 -0.0000041175536057 0.0026638418381648 -0.0000102165754858 0.9999999996801607 -0.0000231365528437 -0.0010464853033887 0.0000041173172303 0.0000231365949096 0.9999999997238729 0.0003860819208983
0.9999999985382128 0.0000492759720828 -0.0000222587752590 0.0064006827794259 -0.0000492761914228 0.9999999987373812 -0.0000098536526167 -0.0017323488974848 0.0000222582896826 0.0000098547494300 0.9999999997037262 0.0000050141629402
0.9999999990971065 0.0000405642472636 -0.0000126621080549 0.0076262463388331 -0.0000405645188890 0.9999999989471590 -0.0000214523152201 0.0015477513715821 0.0000126612378446 0.0000214528288331 0.9999999996897346 0.0003205215625714
0.9999999999332150 -0.0000115404797578 -0.0000006223350941 0.0050504648252565 0.0000115404443966 0.9999999983208328 -0.0000567904275843 0.0013239379646462 0.0000006229904818 0.0000567904203985 0.9999999983872300 0.0011280001823830
0.9999999987933458 -0.0000462263719388 -0.0000166262125433 0.0017985637130124 0.0000462257107557 0.9999999981409364 -0.0000397656996757 0.0039064754943905 0.0000166280507364 0.0000397649310692 0.9999999990711291 0.0009020417665717
0.9999999967695999 -0.0000803181445498 0.0000031298080038 0.0015936891884361 0.0000803182925681 0.9999999956548137 -0.0000473217136084 0.0046147331411168 -0.0000031260071980 0.0000473219648363 0.9999999988754299 0.0004978195743406
0.9999999997831848 -0.0000064649189735 -0.0000197948274780 0.0057123434449731 0.0000064641470524 0.9999999992187667 -0.0000389959150266 0.0030377808164752 0.0000197950795679 0.0000389957870615 0.9999999990437417 -0.0002114804968952
0.9999999975483824 -0.0000697701723786 -0.0000059462844928 0.0012770533326890 0.0000697698801525 0.9999999963591851 -0.0000491303734990 0.0031368698226245 0.0000059497123058 0.0000491299585070 0.9999999987754240 0.0006453724570838
0.9999999946145823 -0.0001033537537258 -0.0000094253315496 -0.0000555702317520 0.0001033534709428 0.9999999942090900 -0.0000299979989799 0.0036634937926734 0.0000094284319008 0.0000299970246776 0.9999999995056416 -0.0002389784842053
0.9999999960266959 -0.0000890370755051 -0.0000043597585201 0.0011950111162068 0.0000890368571702 0.9999999947835078 -0.0000500541952028 0.0050636896652872 0.0000043642151765 0.0000500538068248 0.9999999987377850 0.0002236549969441
0.9999999994824851 -0.0000267940009616 -0.0000178076205380 0.0035290256082424 0.0000267930564475 0.9999999982345513 -0.0000530380011592 0.0015528793743857 0.0000178090416069 0.0000530375240112 0.9999999984349296 0.0005731549393212
0.9999999990467079 -0.0000427404179874 -0.0000089353730479 0.0021997850010985 0.0000427399496075 0.9999999977131268 -0.0000524122424323 0.0011091642319067 0.0000089376131486 0.0000524118604850 0.9999999985865580 0.0001919541288334
0.9999999998758504 -0.0000136714281851 -0.0000078352540558 0.0040093952061517 0.0000136713312884 0.9999999998300800 -0.0000123666787101 0.0006492957742158 0.0000078354231247 0.0000123665715902 0.9999999998928371 0.0002489307227866
0.9999999998905426 -0.0000055081415774 -0.0000137322707509 0.0035948183643947 0.0000055081311383 0.9999999999845413 -0.0000007602286597 0.0023219280099126 0.0000137322749381 0.0000007601530205 0.9999999999054234 -0.0002412087188777
0.9999999982910833 -0.0000577470893262 0.0000091163006606 0.0025695777188299 0.0000577472230267 0.9999999982250759 -0.0000146665099153 0.0023236265230380 -0.0000091154536961 0.0000146670363313 0.9999999998508933 -0.0000988654144139
0.9999999997202659 0.0000121353534592 -0.0000203027460394 0.0053257858364782 -0.0000121361704255 0.9999999991167455 -0.0000402395619754 0.0007532005561566 0.0000203022577001 0.0000402398083617 0.9999999989842880 0.0005225699390506
0.9999999975837069 -0.0000693415768428 0.0000049327282612 0.0011728895854463 0.0000693418212406 0.9999999963675973 -0.0000495632646298 0.0013351457595568 -0.0000049292914484 0.0000495636065544 0.9999999987595755 0.0002732531706506
0.9999999990545043 -0.0000421452545079 -0.0000107130284769 0.0029603728888203 0.0000421450735556 0.9999999989692513 -0.0000168905324550 0.0028787587723438 0.0000107137403216 0.0000168900809377 0.9999999997999705 -0.0002611458044486
0.9999999997396652 0.0000173329645969 -0.0000148404118669 0.0039041429469243 -0.0000173333122613 0.9999999995753646 -0.0000234270600732 0.0008122482535485 0.0000148400058002 0.0000234273173006 0.9999999996154675 0.0007343458081272
0.9999999993943943 0.0000240634157575 -0.0000251428590417 0.0049599761244130 -0.0000240646067479 0.9999999985885029 -0.0000473697057245 0.0007928776288806 0.0000251417191293 0.0000473703107488 0.9999999985619739 0.0007748163264014
0.9999999999000118 0.0000101462548465 -0.0000098503761170 0.0052587085219345 -0.0000101470703905 0.9999999965208742 -0.0000827966690628 0.0010846285578574 0.0000098495360066 0.0000827967690069 0.9999999965238409 0.0008425390028958
0.9999999998137887 -0.0000131438291277 -0.0000141301947312 0.0039398607071898 0.0000131428570755 0.9999999975475696 -0.0000687904503099 0.0019144198303579 0.0000141310988665 0.0000687902645859 0.9999999975341057 0.0010047234972675
0.9999999997197488 -0.0000026629014534 -0.0000235246970294 0.0047697163268215 0.0000026615880945 0.9999999984380307 -0.0000558287967125 0.0016058458209366 0.0000235248456593 0.0000558287340838 0.9999999981648671 0.0011923042107148
0.9999999998406836 -0.0000042030345477 -0.0000173484139905 0.0046641309126227 0.0000042024588762 0.9999999994406189 -0.0000331828507882 0.0018232255107930 0.0000173485534495 0.0000331827778769 0.9999999992989654 0.0002998756790804
0.9999999993028112 0.0000295325548033 -0.0000228518217255 0.0065358417014351 -0.0000295338194912 0.9999999980323632 -0.0000553446208411 0.0026079639426146 0.0000228501872125 0.0000553452957041 0.9999999982073836 0.0003869801958388
0.9999999996986023 0.0000116528957374 -0.0000216103078210 0.0062554654600758 -0.0000116546665563 0.9999999965745983 -0.0000819449334534 0.0023870654353555 0.0000216093528512 0.0000819451852897 0.9999999964090113 0.0010931392300235
0.9999999997209202 0.0000124388816191 -0.0000200856606448 0.0051853287435428 -0.0000124395149396 0.9999999994255222 -0.0000315311590802 0.0022409979247739 0.0000200852684209 0.0000315314089273 0.9999999993011761 0.0000888182464231
0.9999999995040698 0.0000314922778846 0.0000003110981815 0.0055102253349805 -0.0000314922690081 0.9999999990982311 -0.0000284916610626 0.0017200759511813 -0.0000003119954485 0.0000284916512513 0.9999999995940643 0.0002229556765104
0.9999999995392920 0.0000245615347443 -0.0000178366779959 0.0065652822997183 -0.0000245629514308 0.9999999965438007 -0.0000794295921795 0.0021097304446771 0.0000178347270216 0.0000794300302643 0.9999999966863964 0.0013408785368267
0.9999999991113845 -0.0000371176810062 -0.0000199877165365 0.0022197134879094 0.0000371165824897 0.9999999978010358 -0.0000549571440055 0.0024155954647470 0.0000199897563743 0.0000549564020809 0.9999999982901018 0.0010343540505004
0.9999999997767102 -0.0000160159896814 -0.0000137865050781 0.0042101305190742 0.0000160152248058 0.9999999983328328 -0.0000554783465687 0.0031796438448266 0.0000137873935958 0.0000554781257623 0.9999999983660427 0.0005306300474179
0.9999999922844468 0.0001231295100581 -0.0000164386748336 0.0138947983244662 -0.0001231309696495 0.9999999884750085 -0.0000888186200380 -0.0019064217283798 0.0000164277384510 0.0000888206434627 0.9999999959205114 0.0021889645141040
0.9999999032717616 0.0004371231558155 0.0000487833383281 0.0321933684194252 -0.0004371130347570 0.9999998829819853 -0.0002072877485507 -0.0049004964467469 -0.0000488739428944 0.0002072664046670 0.9999999773259873 0.0056037904250473
0.9999998769282066 0.0004951073650225 0.0000318161725410 0.0373549602895267 -0.0004951013086643 0.9999998593718527 -0.0001900814799469 -0.0017878484791340 -0.0000319102788074 0.0001900657043246 0.9999999814283809 0.0063150507991307
0.9999999352924481 0.0003597424662509 -0.0000006764712868 0.0271161515623176 -0.0003597426042621 0.9999999118615691 -0.0002164765869160 0.0038609724418632 0.0000005985954059 0.0002164768162639 0.9999999765687145 0.0080718507889959
0.9999999919319424 0.0000675778229068 0.0001075609267672 0.0056959657419538 -0.0000675595308208 0.9999999832581454 -0.0001700571039082 0.0029336274838442 -0.0001075724170553 0.0001700498357704 0.9999999797556141 0.0053403018286721
0.9999999702498271 -0.0002024011800981 0.0001361400280623 -0.0123926856629862 0.0002024247531306 0.9999999645196818 -0.0001731613538407 0.0018600396953681 -0.0001361049751696 0.0001731889068007 0.9999999757405188 0.0055320665332751
0.9999999515289201 -0.0002996001809092 0.0000847460270665 -0.0177693367937698 0.0002996237338056 0.9999999164576595 -0.0002780472838467 0.0087526330333318 -0.0000846627169701 0.0002780726622905 0.9999999577539085 0.0091503696896535
0.9999999214465605 -0.0003609213394523 0.0001638372965102 -0.0263973652505515 0.0003609892816298 0.9999998487918499 -0.0004148530052092 0.0004794890580847 -0.0001636875424343 0.0004149121161290 0.9999999005271573 0.0144805574748111
0.9999996098716198 -0.0007066249679589 0.0005300356240687 -0.0566930721305132 0.0007068955501383 0.9999996198520069 -0.0005104845961764 -0.0074108661298614 -0.0005296747014153 0.0005108590768460 0.9999997292338205 0.0177465315895860
0.9999981705209015 -0.0017050193612016 0.0008671008177043 -0.1114798243517278 0.0017054891997101 0.9999983990953191 -0.0005413994722986 -0.0017844929917731 -0.0008661763329761 0.0005428773128992 0.9999994775112552 0.0155113776748040
0.9999950961036510 -0.0029887367879261 0.0009355325019938 -0.1850593272220102 0.0029893865411841 0.9999952910232450 -0.0006939016089615 0.0033243839524612 -0.0009334542073271 0.0006966948744103 0.9999993216395173 0.0180448297457149
0.9999888879286315 -0.0046050255936590 0.0010088401957858 -0.2676519294827360 0.0046056258884192 0.9999892179129835 -0.0005935216556398 -0.0089664626675877 -0.0010060961359684 0.0005981614009078 0.9999993149865172 0.0195205848215839
0.9999774512987005 -0.0066285358313620 0.0010767575805765 -0.3594395097524000 0.0066292884519047 0.9999777831783739 -0.0006969105296790 -0.0056797587583300 -0.0010721141620281 0.0007040329518460 0.9999991774540749 0.0200522775330792
0.9999614264275614 -0.0086905640792638 0.0012726951484818 -0.4398783668475253 0.0086913225871616 0.9999620546977944 -0.0005916724187092 -0.0188055416314696 -0.0012675048886110 0.0006027109998809 0.9999990150849190 0.0171455628646951
0.9999460086311586 -0.0102923838867342 0.0014306140440514 -0.5187310255352821 0.0102939045142940 0.9999464549007629 -0.0010596514743248 -0.0279983006984781 -0.0014196311019205 0.0010743208666575 0.9999984152398492 0.0261180241462002
0.9999175004602098 -0.0127368302305071 0.0016629579326077 -0.6323957114088254 0.0127385729837762 0.9999183185449468 -0.0010416316927456 -0.0314028079761925 -0.0016495550137508 0.0010627294696038 0.9999980747853123 0.0229872150870240
0.9998741137409645 -0.0157678762790699 0.0017693920901937 -0.7488525274129397 0.0157699167888805 0.9998749912366527 -0.0011452615315021 -0.0369048433237144 -0.0017511125585407 0.0011730205248415 0.9999977788113610 0.0249469665609669
0.9998323282629245 -0.0181971602931373 0.0020441911861765 -0.8734554763336533 0.0182000422997020 0.9998333850587923 -0.0014002079009178 -0.0309099169519501 -0.0020183707857655 0.0014371774916839 0.9999969303454029 0.0217376703619508
0.9997846042653059 -0.0206412781811957 0.0021639568184636 -1.0013518245916901 0.0206439121229846 0.9997861691843062 -0.0012019983478764 -0.0527645567109214 -0.0021386833155402 0.0012464119769575 0.9999969362407365 0.0081173814055234
0.9997191201091578 -0.0235829914400725 0.0023501921004404 -1.1727431935867618 0.0235870380025588 0.9997203259996436 -0.0017092166136224 -0.0661039752640370 -0.0023092263720457 0.0017641705994330 0.9999957775789150 0.0048159706075938
0.9996752869288474 -0.0253470956391563 0.0026163803977880 -1.3050415518114376 0.0253510502156580 0.9996775007733534 -0.0014895302968582 -0.0804754072015968 -0.0025777813502412 0.0015553746177485 0.9999954679162845 0.0035650434885372
0.9996226482343843 -0.0272999008171684 0.0030457432999310 -1.4730976912292406 0.0273047126512208 0.9996259557284146 -0.0015496132058924 -0.0719038838365732 -0.0030022997702711 0.0016321916022271 0.9999941610562849 0.0203229716273768
0.9995784483154944 -0.0288401057711994 0.0033427477162779 -1.6570587384216917 0.0288435982242745 0.9995834353384824 -0.0010013183283050 -0.0647136938768751 -0.0033124771192080 0.0010973130929704 0.9999939116811215 0.0386681547703306
0.9995171361924070 -0.0308910873062593 0.0033518924156985 -1.8579171983465130 0.0308929555541450 0.9995225701429832 -0.0005070225782920 -0.0720508546469482 -0.0033346296434494 0.0006103276188598 0.9999942538561603 0.0512195207641809
0.9994534457727058 -0.0328917894573581 0.0033075548911221 -2.0565295246122486 0.0328934489776185 0.9994587634262314 -0.0004485809461167 -0.0807867529665490 -0.0032910100914110 0.0005571326603561 0.9999944294123728 0.0578358680069295
0.9994251943772391 -0.0337441900837349 0.0032573731150431 -2.2720958105001854 0.0337471634329287 0.9994300303671833 -0.0008621835549299 -0.1100610909391249 -0.0032264228255202 0.0009716150698500 0.9999943230638397 0.0524527165632900
0.9993735101252387 -0.0351789838558581 0.0038763842467874 -2.5221008575094244 0.0351906837624639 0.9993761356536552 -0.0029925344270623 -0.1242920083337400 -0.0037686915885654 0.0031270722467144 0.9999880091195464 0.0530701901221796
0.9993207675871471 -0.0365566057005031 0.0046495213402213 -2.7532206534225909 0.0365733203272131 0.9993246235825646 -0.0035621540967003 -0.1286580224880843 -0.0045161609003983 0.0037297829995224 0.9999828463576254 0.0563572671235313
0.9992899097868522 -0.0372811111830772 0.0054584747997948 -3.0061498899849504 0.0372950659623457 0.9993012260562174 -0.0024774295963502 -0.1458056373418744 -0.0053622992316021 0.0026792445755522 0.9999820335363306 0.0637341370340623
0.9992642033068405 -0.0378602580754528 0.0061361916532567 -3.2603399617074098 0.0378712684002276 0.9992812002801990 -0.0016881339765464 -0.1354717836548153 -0.0060678677723977 0.0019192772142046 0.9999797484727737 0.0661200434551701
0.9992561557185672 -0.0380304476495043 0.0063890774082790 -3.5211406399200689 0.0380416322442542 0.9992748122658265 -0.0016382268738254 -0.1546372896770332 -0.0063221416263468 0.0018800592212795 0.9999782477147094 0.0844327540376920
0.9992579363317391 -0.0379534955722136 0.0065657331566310 -3.7986930080363321 0.0379660546793796 0.9992774103720102 -0.0017988363715019 -0.1567747836548851 -0.0064927166976910 0.0020467765044203 0.9999768273994275 0.0929052135721842
0.9992561248667203 -0.0381084934377427 0.0059109765902962 -4.1063894917110471 0.0381202768888797 0.9992713636297273 -0.0018937580363705 -0.1774295910097273 -0.0058345013720669 0.0021176773811645 0.9999807368325895 0.0993574491059552
0.9992229919840023 -0.0389670677718262 0.0059143824533309 -4.4408450236983263 0.0389788393277916 0.9992382521903980 -0.0018882383686345 -0.1908775517793191 -0.0058362980729720 0.0021173069556574 0.9999807271323078 0.1007087927813009
0.9992178761810468 -0.0391219116470803 0.0057542983339522 -4.7446339895494436 0.0391345533188664 0.9992317413129018 -0.0021009258242215 -0.2011734288337829 -0.0056676853097967 0.0023244745350552 0.9999812369046556 0.1126397322553843
0.9991678365907519 -0.0405239979675243 0.0046303251813082 -5.1069493797850862 0.0405333067451346 0.9991763151137568 -0.0019345180276603 -0.2268961525105835 -0.0045481168478169 0.0021205905834468 0.9999874087850886 0.1288658636973225
0.9991547388266732 -0.0409604619616896 0.0034710857217282 -5.4239509790668299 0.0409664432953455 0.9991591273708903 -0.0016699446608534 -0.2366568264958833 -0.0033997652759925 0.0018107311578625 0.9999925813968532 0.1397904788122490
0.9991023132441594 -0.0422926936250247 0.0024281136936437 -5.7760966590485561 0.0422971940044409 0.9991033917979759 -0.0018329967623707 -0.2494109105459566 -0.0023484142565039 0.0019340537014185 0.9999953721826715 0.1394902846197983
0.9990454480362099 -0.0436264846646814 0.0022186919414256 -6.1415690540271042 0.0436313533324984 0.9990452867342056 -0.0021954636284031 -0.2664762718242481 -0.0021207933664800 0.0022901724763175 0.9999951286608977 0.1470753208517437
0.9990169710624242 -0.0442482360848549 0.0026805097721576 -6.5263872149440303 0.0442556072290085 0.9990164392050473 -0.0027559801994212 -0.2935553271271845 -0.0025559260653261 0.0028718985787839 0.9999926096929426 0.1559795368708712
0.9989232564161480 -0.0462411486478322 0.0037528606006191 -6.9245335960482270 0.0462517051470148 0.9989259583495056 -0.0027765998119059 -0.3014945245028663 -0.0036204367073876 0.0029471863278312 0.9999891032060284 0.1592627721997760
0.9988631122269328 -0.0475191362903737 0.0037966720351843 -7.2869525028124125 0.0475303297315183 0.9988655433894683 -0.0029144441794899 -0.3206648031094703 -0.0036538730053201 0.0030915878572517 0.9999885455826891 0.1730242983209557
0.9988268321405775 -0.0482553047628952 0.0040478337736037 -7.7333314948632372 0.0482648746125779 0.9988319220367781 -0.0023007387830394 -0.3315543542275828 -0.0039320827370186 0.0024934078197818 0.9999891607626522 0.1930278845511115
0.9987730553507571 -0.0492435198751684 0.0052401961430201 -8.1459571848846508 0.0492570848298874 0.9987830248161818 -0.0024917730835238 -0.3571981185325100 -0.0051111152769927 0.0027468326018138 0.9999831655639423 0.2044493610571212
0.9987180418414692 -0.0502628346707216 0.0059933589251128 -8.5598203257834538 0.0502859534439432 0.9987277414944410 -0.0037711080131235 -0.3772781288262106 -0.0057961872446544 0.0040676553783205 0.9999749288822936 0.2164072896856883
0.9986419325389799 -0.0516615343410852 0.0067362040005003 -9.0108167200366260 0.0516917126611161 0.9986534604241478 -0.0043855244880890 -0.4100845445013565 -0.0065005705112776 0.0047277745716027 0.9999676948435025 0.2144085486843382
0.9985625829737474 -0.0531400975543394 0.0069927045349464 -9.4722815654259485 0.0531745530368362 0.9985735169036225 -0.0048371735614371 -0.4344850895950588 -0.0067256816851873 0.0052020544639654 0.9999638512642461 0.2300884595466882
0.9984914493784753 -0.0544930501102247 0.0067329791144924 -9.9335367141368369 0.0545243335470842 0.9985020598185577 -0.0045534151297553 -0.4596096004949081 -0.0064747640356976 0.0049136572715354 0.9999669661558326 0.2409606888161407
0.9984221251490492 -0.0558097716143569 0.0062072059100431 -10.4125572944717835 0.0558371544098110 0.9984305036206188 -0.0043291601139777 -0.4989850170918990 -0.0059558542855982 0.0046689219559607 0.9999713640737408 0.2461335571716404
0.9983689946250117 -0.0567226943393633 0.0064719794751291 -10.8970831324332682 0.0567559085348139 0.9983752155384333 -0.0050691069208089 -0.5427308059379028 -0.0061739305009997 0.0054281622553043 0.9999662082474082 0.2519326668247144
0.9982878922390546 -0.0581423359385518 0.0063838061150330 -11.3897364864324970 0.0581805014645938 0.9982882595222977 -0.0059649098291552 -0.5737942028766856 -0.0060260649045742 0.0063261103017687 0.9999618327067368 0.2585657826818100
0.9982541312323524 -0.0587514714553935 0.0060789867056400 -11.9019207213291089 0.0587877346159829 0.9982526592023659 -0.0059691418249100 -0.6009952348689603 -0.0057176687786216 0.0063160903438135 0.9999637069746615 0.2742404015180153
0.9981344911935374 -0.0607707767589100 0.0058694277350454 -12.4443375098936144 0.0608054862596109 0.9981320308732827 -0.0059280507343067 -0.6362603594239862 -0.0054982115774548 0.0062738853109518 0.9999652034108760 0.2931512009929199
0.9980750521038571 -0.0617350045102948 0.0059143542332949 -12.9581201922907336 0.0617737506434113 0.9980682959317307 -0.0066091139630679 -0.6584927698306345 -0.0054949157708422 0.0069617436066737 0.9999606692398588 0.3040750984050299
0.9980250568921948 -0.0625116479345363 0.0061870580925001 -13.4927955026779980 0.0625588201343855 0.9980111931145612 -0.0077493510337048 -0.6888095883993651 -0.0056903285252251 0.0081211015606605 0.9999508327266479 0.3127876363969501
0.9980035658268970 -0.0628488967350396 0.0062368883256642 -14.0363312727792913 0.0629051028445859 0.9979764906018355 -0.0092667276941092 -0.7351247006819802 -0.0056418643116031 0.0096405593838240 0.9999376125448309 0.3468439372110735
0.9979913844343566 -0.0630689760493446 0.0059582593836915 -14.6032721723751333 0.0631156381262731 0.9979741724804446 -0.0079979551064734 -0.7902060804421742 -0.0054417661388094 0.0083579496324767 0.9999502646928153 0.3356631568726307
0.9979566714082770 -0.0637054464153712 0.0049089804165820 -15.1634859033686915 0.0637467259746386 0.9979275793045815 -0.0087693438073985 -0.8213043267990096 -0.0043401519819531 0.0090643565858969 0.9999494989850524 0.3615758188511812
0.9979098386439309 -0.0644696653674287 0.0044290162627329 -15.7653947100957659 0.0645101930023731 0.9978697604223051 -0.0097147431014847 -0.8792428471783446 -0.0037932751601165 0.0099801544147894 0.9999430021663318 0.3875021805476122
0.9978585035551190 -0.0652263093558421 0.0048923869996835 -16.3816719361678196 0.0652736073949368 0.9978149947208599 -0.0102270468788414 -0.8919295355893810 -0.0042146245847456 0.0105244894425502 0.9999357339657301 0.3986314974685913
0.9978096831984890 -0.0659237806288705 0.0054672902728615 -16.9878200762720191 0.0659774580604983 0.9977679560590663 -0.0102995577375093 -0.9243269201182703 -0.0047761012558727 0.0106377163578310 0.9999320116125315 0.4017091452022717
0.9977299201905175 -0.0670454888135521 0.0063173401345282 -17.6162782171446572 0.0671109795398431 0.9976870863329144 -0.0107978789464665 -0.9654702874347163 -0.0055787796000760 0.0111973297839995 0.9999217454500537 0.4232844232531945
0.9977313461887813 -0.0669303742542646 0.0072447107952102 -18.2301622616512340 0.0670059933769020 0.9976946229469907 -0.0107534270926322 -1.0129220798817284 -0.0065082781053614 0.0112144703328363 0.9999159354522045 0.4415611652155364
0.9976646760215351 -0.0677902374984255 0.0083473300373489 -18.8919587013877610 0.0678823080445404 0.9976294515539686 -0.0112902456427632 -1.0556035919562456 -0.0075621738535619 0.0118305152903356 0.9999014213584125 0.4469569583535046
0.9976329092888743 -0.0682643190156395 0.0082801602126867 -19.5401269895439071 0.0683698556576194 0.9975725400453936 -0.0132132579153570 -1.0893735324136360 -0.0073580664017829 0.0137480942938452 0.9998784169898430 0.4808025026258880
0.9976627123251113 -0.0678905930174444 0.0077446637010228 -20.1915881054483997 0.0680025685087423 0.9975685932365640 -0.0152496709550245 -1.1247071850348647 -0.0066905240688621 0.0157406851109612 0.9998537231615040 0.5092699146304708
0.9977605334571181 -0.0664576924096409 0.0075692136284143 -20.8612496148839561 0.0665688786503124 0.9976609558104514 -0.0155306679385124 -1.1975272070908585 -0.0065193765504834 0.0159997615907837 0.9998507415401716 0.5182113033909286
0.9978979121666445 -0.0643896965389880 0.0073296570908230 -21.5309358235283632 0.0644917258698044 0.9978105838164517 -0.0146579711490319 -1.2490148546498669 -0.0063697871068051 0.0150998610420389 0.9998657009862500 0.5268910066181497
0.9979173597593995 -0.0641310918319354 0.0069387427732246 -22.2341449855709108 0.0642223084339405 0.9978396902150367 -0.0138364638175876 -1.2823883827847926 -0.0060364054076013 0.0142532695197793 0.9998801958823625 0.5538637077498009
0.9979356354871726 -0.0638308142688406 0.0070777520859290 -22.9923495178461756 0.0639252578438680 0.9978560006144840 -0.0140343666498335 -1.3103429297023286 -0.0061667523387996 0.0144578417284096 0.9998764633584232 0.5758803333574709
0.9980507638617329 -0.0620078376798022 0.0070498809413323 -23.6958300988450006 0.0621010038624966 0.9979735037219429 -0.0138690730843614 -1.3644522197602522 -0.0061756031512596 0.0142798436694690 0.9998789666707134 0.5952115122109006
0.9981738719962538 -0.0600254626909876 0.0067723771852319 -24.4164113627528003 0.0601217103317744 0.9980777786193928 -0.0150375454433353 -1.4041118357322442 -0.0058567235540360 0.0154172518598817 0.9998639943183776 0.6198294544738023
0.9983079152199903 -0.0576989415749716 0.0072207028913178 -25.1170840188306599 0.0578067204466117 0.9982038155770472 -0.0157329475506546 -1.4534052418448502 -0.0062999587557343 0.0161237312230259 0.9998501566790514 0.6284152602719602
0.9984023540508554 -0.0560068717894961 0.0074812925397511 -25.8901013994234326 0.0561216274467187 0.9982936667549496 -0.0161281694463285 -1.4926579618468656 -0.0065652386431948 0.0165222646544813 0.9998419437152281 0.6393782463417325
0.9984844839992247 -0.0545872986708015 0.0069972878050474 -26.6629813858736178 0.0546932148879915 0.9983755934464402 -0.0159632908789004 -1.5256988120468074 -0.0061145284379043 0.0163218024217030 0.9998480941161457 0.6609404346719204
0.9986211066800191 -0.0520911370981003 0.0065114306416353 -27.4221415972759388 0.0521915011271732 0.9985035214688069 -0.0163329367991216 -1.5617878972481909 -0.0056508851754551 0.0166502567613461 0.9998454062736474 0.6867918851733563
0.9987256379623963 -0.0500829134375081 0.0062291137584287 -28.1944947879415153 0.0501782060903092 0.9986085660131676 -0.0162197262209809 -1.5904802853561999 -0.0054081152135320 0.0165116221715550 0.9998490479182850 0.7149222626824761
0.9988117190265189 -0.0484036348160508 0.0056778580366748 -28.9702051872001398 0.0484877814050869 0.9986994374571686 -0.0157597169120354 -1.6158915856765974 -0.0049076460449743 0.0160162966796128 0.9998596867815843 0.7309657497978351
0.9988730409304002 -0.0472067401133276 0.0049164814987810 -29.7816025429725997 0.0472775799000340 0.9987621940574613 -0.0154567189377990 -1.6511635388919539 -0.0041807345348640 0.0156717391950915 0.9998684503720227 0.7474348785380438
0.9989647197648208 -0.0452507427471076 0.0046753551766685 -30.5814691294143159 0.0453234831550508 0.9988303730239095 -0.0168424404292147 -1.7032386129955976 -0.0039077538160352 0.0170369071651198 0.9998472249570733 0.7908183909776512
0.9989929308549813 -0.0446375639775333 0.0045400422824085 -31.3923617007458624 0.0447037351873307 0.9988768931631882 -0.0157012217664044 -1.7391132332588304 -0.0038340790387584 0.0158883663983564 0.9998664209038706 0.7850790855585682
0.9989853438949052 -0.0447971215132309 0.0046368725782338 -32.2273180002152699 0.0448583815447393 0.9988941389943522 -0.0140792289532664 -1.7588963523649621 -0.0040010359114293 0.0142729459769427 0.9998901313268247 0.8104593421414559
0.9989556158222435 -0.0454466205954605 0.0047204124453927 -33.0808135288255230 0.0455069608851898 0.9988717561330476 -0.0135768667473483 -1.7756938634930557 -0.0040980639570599 0.0137774989070483 0.9998966878611361 0.8405669362441216
0.9989635012909326 -0.0452673358495596 0.0047740332680181 -33.8918724238148883 0.0453276265068635 0.9988825174319040 -0.0133836708027448 -1.8254996881815773 -0.0041628552479338 0.0135861942421393 0.9998990378844255 0.8697146377691695
0.9989967632713269 -0.0445321193680656 0.0047283525673094 -34.7192702209329198 0.0445896331711794 0.9989227620178421 -0.0128483515014669 -1.8855469061530121 -0.0041510946835847 0.0130462970698180 0.9999062768808354 0.8842850330748606
0.9989933051906588 -0.0446064969124420 0.0047577954394470 -35.6030469778777956 0.0446626471334180 0.9989247628007274 -0.0124324661490114 -1.9052473603012547 -0.0041981109179140 0.0126324461887169 0.9999113946585517 0.8966518468915206
0.9989532086786150 -0.0456042523199867 0.0035691793222580 -36.4859249200185332 0.0456442983223631 0.9988846655821175 -0.0120839933614785 -1.9296179212057105 -0.0030141170114264 0.0122342566278512 0.9999206158807835 0.9177960911645775
0.9989523416218402 -0.0456775997518209 0.0027885568229404 -37.3784857315838792 0.0457074164217787 0.9988854448719264 -0.0117771009616010 -1.9790620399664969 -0.0022474991186726 0.0118922203110300 0.9999267592397882 0.9570272659190255
0.9989163777688421 -0.0464493899016697 0.0029196580173842 -38.2598240316001750 0.0464791698791928 0.9988572600239538 -0.0111292796164296 -2.0128877051692844 -0.0023993733592231 0.0112529229625996 0.9999338051752630 0.9782354995093698
0.9988635933547095 -0.0475152645668065 0.0037177282934453 -39.1586467539336098 0.0475553471001336 0.9988017080472179 -0.0115601455071226 -2.0510148009243525 -0.0031639899973470 0.0117238063403666 0.9999262680478948 0.9956738092157102
0.9988207635970936 -0.0483655024076490 0.0042261547740978 -40.0504815530852412 0.0484125648510113 0.9987571126669310 -0.0118513063314498 -2.0952696623519746 -0.0036477077549540 0.0120419298316732 0.9999208399438745 1.0108091508414931
0.9987526495250622 -0.0497763835210265 0.0039315022874324 -40.9576953467534679 0.0498193635946081 0.9986894995613151 -0.0117181260019752 -2.1572008929896564 -0.0033430641179380 0.0118993743338719 0.9999236114887805 1.0245868013167334
0.9986484476731945 -0.0518912060563878 0.0029292821530962 -41.8880379849829865 0.0519208741698011 0.9985886992220963 -0.0111728515324152 -2.1958026646878950 -0.0023453753138089 0.0113098417290083 0.9999332911223139 1.0543115284583873
0.9984856629204486 -0.0549488888971194 0.0026458554919545 -42.8295371771871132 0.0549749548552552 0.9984263930430781 -0.0110676110182626 -2.2368057575789648 -0.0020335390271463 0.0111963067107393 0.9999352516213558 1.0996162335964486
0.9983490346319253 -0.0573393162039475 0.0033775533699052 -43.7500535943786772 0.0573705670859727 0.9983026152669939 -0.0100252871936005 -2.3171296679979929 -0.0027969772499509 0.0102025079438334 0.9999440413092721 1.1199873720479414
0.9981643014539802 -0.0603943741660441 0.0045328657579550 -44.7244173779560015 0.0604342917084120 0.9981292516242529 -0.0092570750084112 -2.3641191146079286 -0.0039653106549597 0.0095140223407692 0.9999468784342042 1.1413410795489058
0.9979936279209394 -0.0631212926983318 0.0049417645930570 -45.6639997897047039 0.0631609159107177 0.9979686687940240 -0.0083207455677231 -2.4365882002669745 -0.0044065100159780 0.0086161774340517 0.9999531709814735 1.1577441296800421
0.9977854284702389 -0.0663683387875595 0.0044138802704085 -46.6256061730770597 0.0664023677867510 0.9977602882594877 -0.0080704847845125 -2.4948990566858873 -0.0038683697825873 0.0083457042197597 0.9999576915731493 1.1753542727676287
0.9976025841673637 -0.0691208956998321 0.0033742910738303 -47.6117129255713607 0.0691458920491387 0.9975748084239000 -0.0079590961011979 -2.5592157625913972 -0.0028159679200669 0.0081733332045248 0.9999626327763458 1.2170965320092895
0.9973250784037226 -0.0730311762487231 0.0030224630248171 -48.6105640702913675 0.0730492775185378 0.9973078700245499 -0.0063886963549080 -2.6182426356114266 -0.0025477521520134 0.0065923958333455 0.9999750243261820 1.2343558579864822
0.9970579193334053 -0.0765538353919716 0.0038750201702267 -49.6019445171746369 0.0765780987011009 0.9970420251689323 -0.0065570455510548 -2.7077518070560354 -0.0033615909723201 0.0068344958711734 0.9999709942654945 1.2634162986985591
0.9967153370652422 -0.0808255162009366 0.0050766908289623 -50.5980731220254256 0.0808614358970397 0.9966984672913014 -0.0073207570537144 -2.7836866999118786 -0.0044682260002904 0.0077072193444009 0.9999603160757868 1.2899568835111510
0.9963280339121087 -0.0854489249653012 0.0053786674098987 -51.6002041787930210 0.0854868691343681 0.9963127642359068 -0.0072712465375617 -2.8670136376387862 -0.0047375147952694 0.0077043522038463 0.9999590986188803 1.2960129465019425
0.9959099212763408 -0.0902371996818495 0.0045471416220058 -52.6064670250034254 0.0902723832442206 0.9958830286395528 -0.0082395443514917 -2.9586835691125217 -0.0037849077612431 0.0086163252776144 0.9999557157254261 1.3363229310204530
0.9954271717295580 -0.0954675160249601 0.0032709580427141 -53.6325490294472402 0.0954913498807689 0.9953970368986350 -0.0081327136532704 -3.0631525138669518 -0.0024794919725174 0.0084078723492635 0.9999615791629780 1.3599465277857072
0.9949466011597526 -0.1003743538979081 0.0024999840466798 -54.6715874567730680 0.1003896174183559 0.9949235871197027 -0.0069986075371744 -3.1818837957105623 -0.0017848123857358 0.0072142132239608 0.9999723844048429 1.3722263828858576
0.9943880401503389 -0.1057908214873562 0.0008530504078847 -55.7138956893762867 0.1057941127252365 0.9943678106249990 -0.0063453057866465 -3.2805976144049902 -0.0001769707546833 0.0063999438963501 0.9999795044897049 1.4030442569047776
0.9938466300733449 -0.1107648035270592 -0.0001849093500743 -56.7442863180419295 0.1107607684061551 0.9938221743011003 -0.0070383271813321 -3.4143643538463619 0.0009633659397388 0.0069745370488208 0.9999752135723269 1.4308438219774133
0.9932207332763142 -0.1162415010212367 -0.0006988779510952 -57.7587728524031405 0.1162316286557527 0.9931867705120749 -0.0083813709991927 -3.5372254897561808 0.0016683794807924 0.0082433197271917 0.9999646314694252 1.4542983954490114
0.9926086003452663 -0.1213596223153067 -0.0000926935680679 -58.8130371845984286 0.1213547965724276 0.9925753874719918 -0.0081922850103078 -3.6833620480719071 0.0010862179689914 0.0081204837486147 0.9999664383739147 1.4542140311026583
0.9919751747333528 -0.1264320695069329 0.0004295496807761 -59.8631928773843853 0.1264312815104781 0.9919408954709857 -0.0082698819723879 -3.8373089055204632 0.0006194903973487 0.0082578261311966 0.9999657116817728 1.4850934371402402
0.9912025567909025 -0.1323301580225452 0.0024941308918748 -60.9477438381500249 0.1323480617478566 0.9911579527808267 -0.0094817293204301 -3.9515317000421408 -0.0012173589294586 0.0097284077344947 0.9999519369050636 1.5180063936078632
0.9903768631849513 -0.1383192369887566 0.0046322291377194 -62.0479682739614020 0.1383631206268426 0.9903193710435283 -0.0110991074574678 -4.1041686491167519 -0.0030521661714226 0.0116332289068331 0.9999276735178716 1.5411881314691966
