1.0000000000000000 0.0000000000000000 0.0000000000000000 0.0000000000000000 0.0000000000000000 1.0000000000000000 0.0000000000000000 0.0000000000000000 0.0000000000000000 0.0000000000000000 1.0000000000000000 0.0000000000000000
0.9999999979000307 -0.0000616938011053 -0.0000198447326821 0.0054413342489066 0.0000616954841672 0.9999999944994399 0.0000848220929983 0.0045738462978950 0.0000198394995756 -0.0000848233171505 0.9999999962056996 -0.0003303230335175
0.9999999979894619 -0.0000612007217323 0.0000165996297792 0.0036116780245421 0.0000611998500590 0.9999999967487948 0.0000525070353390 0.0052421537476306 -0.0000166028431937 -0.0000525060193386 0.9999999984837318 -0.0023004439118416
0.9999999971388536 -0.0000756381838756 0.0000010761283550 0.0059048860926555 0.0000756381491047 0.9999999966186117 0.0000322745559035 0.0032411953595956 -0.0000010785695401 -0.0000322744744148 0.9999999994785975 -0.0000099018455044
0.9999999933339488 -0.0001085753233520 -0.0000392874210075 0.0033788334244781 0.0001085779170567 0.9999999919259261 0.0000660225984183 0.0054979850997281 0.0000392802522653 -0.0000660268637245 0.9999999970487575 0.0004300429442671
0.9999999941271094 -0.0001040558690528 -0.0000303011109732 0.0021772560615996 0.0001040563396993 0.9999999944655307 0.0000155311562261 0.0052582991735589 0.0000302994946976 -0.0000155343091576 0.9999999994203129 0.0006201197093405
0.9999999965899123 -0.0000825066921824 -0.0000035806630537 0.0015107227751432 0.0000825069661698 0.9999999936635877 0.0000765860624306 0.0025042882386789 0.0000035743441684 -0.0000765863575991 0.9999999970608769 -0.0015174244111293
0.9999999921805409 -0.0001227502452287 -0.0000239017872462 0.0018189946306413 0.0001227512340447 0.9999999916102092 0.0000413728884969 0.0067247647967968 0.0000238967085135 -0.0000413758221473 0.9999999988584943 0.0003866269019604
0.9999999953872960 -0.0000960343296922 -0.0000016779666770 0.0058763413579671 0.0000960344047046 0.9999999943868980 0.0000447615567043 0.0063475717669108 0.0000016736680215 -0.0000447617176404 0.9999999989967937 -0.0008995975571907
0.9999999952892896 -0.0000970405110547 0.0000021353940606 0.0041240694500671 0.0000970404537971 0.9999999949325244 0.0000267974134708 0.0066303765581130 -0.0000021379944844 -0.0000267972061250 0.9999999996386694 -0.0011967040784573
0.9999999972789269 -0.0000734463878743 -0.0000069118953771 0.0039766127793994 0.0000734466910568 0.9999999963403347 0.0000438738451342 0.0050784998503472 0.0000069086729763 -0.0000438743526706 0.9999999990136557 -0.0009677216959711
0.9999999972630249 -0.0000694304560267 -0.0000255609476066 0.0054007031056248 0.0000694318496829 0.9999999961030659 0.0000545260170701 0.0035253440535198 0.0000255571617408 -0.0000545277916647 0.9999999981867758 -0.0008322199548209
0.9999999976941784 -0.0000574943579690 -0.0000361392028446 0.0039931170012951 0.0000574959184037 0.9999999974149013 0.0000431788930978 0.0032046542742399 0.0000361367202085 -0.0000431809708549 0.9999999984147706 -0.0009650459079857
0.9999999981751279 -0.0000545387274258 -0.0000259859870746 0.0066259933208397 0.0000545396354315 0.9999999979022178 0.0000349427039935 0.0033501066304328 0.0000259840812895 -0.0000349441211960 0.9999999990518680 -0.0006711535490570
0.9999999975869819 -0.0000662250608577 -0.0000209827931791 0.0057382349867897 0.0000662262668847 0.9999999961549809 0.0000574814725708 0.0037212051956092 0.0000209789863844 -0.0000574828620442 0.9999999981278014 -0.0003332471833446
0.9999999977072228 -0.0000670823517278 -0.0000092472949158 0.0049398442238763 0.0000670827908642 0.9999999966220161 0.0000474959684935 0.0044713902313622 0.0000092441087433 -0.0000474965887190 0.9999999988293102 -0.0000950220794854
0.9999999988970442 -0.0000465971823625 -0.0000058833886631 0.0039546021770831 0.0000465975015002 0.9999999974425133 0.0000542553787873 0.0027496529423089 0.0000058808605003 -0.0000542556528787 0.9999999985108698 -0.0002957995513187
0.9999999970116968 -0.0000645058723183 -0.0000426098440799 0.0071883277067077 0.0000645074701466 0.9999999972163157 0.0000374987303171 0.0043868225481501 0.0000426074250730 -0.0000375014788583 0.9999999983891232 0.0007162978884479
0.9999999963546439 -0.0000836282032421 0.0000172347290665 0.0032240335978061 0.0000836269270020 0.9999999937624626 0.0000740379085456 0.0024863191592491 -0.0000172409206163 -0.0000740364669882 0.9999999971106761 -0.0016295986946903
0.9999999964663021 -0.0000796296350980 -0.0000269539778915 0.0043349118810171 0.0000796303793133 0.9999999964483275 0.0000276106455680 0.0058693069876989 0.0000269517791702 -0.0000276127918259 0.9999999992555677 0.0001762866392289
0.9999999959271384 -0.0000794808300543 -0.0000427612060028 0.0089502401438397 0.0000794832550864 0.9999999952330624 0.0000567123211965 0.0051197893627239 0.0000427566982566 -0.0000567157197653 0.9999999974775959 -0.0000908176527480
0.9999999973197128 -0.0000702910276020 -0.0000204877020252 0.0044275488112789 0.0000702918240498 0.9999999967738462 0.0000388763052194 0.0042981012112034 0.0000204849693037 -0.0000388777452332 0.9999999990344435 -0.0005367016223799
0.9999999992470753 -0.0000381125574401 -0.0000072994807449 0.0063155321134022 0.0000381128966571 0.9999999981936533 0.0000464768812541 0.0010811787372533 0.0000072977093789 -0.0000464771594235 0.9999999988933086 -0.0010943936230507
0.9999999977245277 -0.0000562859544057 -0.0000371865012692 0.0064206654385007 0.0000562880696140 0.9999999967980183 0.0000568824804863 0.0026308035328603 0.0000371832994655 -0.0000568845735132 0.9999999976907737 0.0005698972281521
0.9999999970371499 -0.0000644755033237 -0.0000420548407401 0.0082523759155225 0.0000644776115160 0.9999999966648019 0.0000501301684132 0.0027325346658311 0.0000420516084320 -0.0000501328798603 0.9999999978591783 0.0005063058512843
0.9999999963406595 -0.0000833119055315 -0.0000194372654713 0.0055176658444040 0.0000833128632778 0.9999999953153172 0.0000492781125169 0.0033585652804185 0.0000194331599267 -0.0000492797317108 0.9999999985969301 -0.0005755389526165
0.9999999962564218 -0.0000830032980409 -0.0000244460396974 0.0063346808591269 0.0000830044558848 0.9999999954333589 0.0000473660472088 0.0052597860291520 0.0000244421080476 -0.0000473680761618 0.9999999985794243 -0.0008379271406843
0.9999999966022303 -0.0000808169615156 -0.0000162529449579 0.0045351426291649 0.0000808176527025 0.9999999958298228 0.0000425307114819 0.0032222495758036 0.0000162495076872 -0.0000425320248623 0.9999999989634902 -0.0000184983311311
0.9999999976176650 -0.0000672604941933 -0.0000155143758825 0.0046840120028147 0.0000672615544339 0.9999999954021596 0.0000683488408856 0.0029279425951317 0.0000155097786343 -0.0000683498842438 0.9999999975438700 -0.0005486376319424
0.9999999984477518 -0.0000491212562679 -0.0000262982619941 0.0058000366617307 0.0000491226443622 0.9999999974003708 0.0000527846967932 0.0032425586013280 0.0000262956690752 -0.0000527859885514 0.9999999982610887 -0.0002831587589179
0.9999999979479425 -0.0000592480741537 -0.0000243676179906 0.0058601981978866 0.0000592492247985 0.9999999971297951 0.0000472222316083 0.0028057750148538 0.0000243648200944 -0.0000472236752738 0.9999999985881400 -0.0001487091484232
0.9999999982692857 -0.0000580903134467 -0.0000093243813161 0.0066328906164511 0.0000580907216805 0.9999999973540817 0.0000437870356286 0.0036999376275828 0.0000093218376888 -0.0000437875772128 0.9999999989978757 -0.0006938370815798
0.9999999978966412 -0.0000601644568456 -0.0000242271682826 0.0071023198063242 0.0000601653826311 0.9999999974599167 0.0000382137832030 0.0033163267025861 0.0000242248691096 -0.0000382152407595 0.9999999989763756 -0.0000537662703952
0.9999999979438645 -0.0000568746950598 -0.0000296233034913 0.0068945478759515 0.0000568763468665 0.9999999968278112 0.0000557625225296 0.0032101583066721 0.0000296201319209 -0.0000557642072803 0.9999999980065005 -0.0006456961598134
0.9999999985723296 -0.0000491339605116 -0.0000210046351799 0.0048420158679221 0.0000491350417226 0.9999999974679095 0.0000514774575366 0.0018168154365917 0.0000210021058354 -0.0000514784895267 0.9999999984544383 -0.0002019159044701
0.9999999982288215 -0.0000566066921484 -0.0000183858516550 0.0033038859843471 0.0000566075799855 0.9999999972317221 0.0000482922132388 0.0026220906554535 0.0000183831179416 -0.0000482932539318 0.9999999986649113 0.0002811218091534
0.9999999966369684 -0.0000765066119441 -0.0000295432158745 0.0059155534201880 0.0000765079434153 0.9999999960576106 0.0000450700950667 0.0056921359108642 0.0000295397675978 -0.0000450723552058 0.9999999985479424 -0.0000651726986134
0.9999999975309389 -0.0000599804196403 -0.0000366124481105 0.0064664125214881 0.0000599819428120 0.9999999973356832 0.0000416028852644 0.0028367879274611 0.0000366099526544 -0.0000416050812475 0.9999999984643643 -0.0000320885948270
0.9999999960818836 -0.0000878674447857 -0.0000107491860445 0.0030848283801291 0.0000878680135168 0.9999999947393324 0.0000529201983917 0.0054180622605546 0.0000107445360253 -0.0000529211426940 0.9999999985419538 -0.0005293022928759
0.9999999971020179 -0.0000702198136838 -0.0000294132933564 0.0040085547862356 0.0000702214718405 0.9999999959452804 0.0000563771587197 0.0033104059794654 0.0000294093344436 -0.0000563792240011 0.9999999979782370 0.0000121765777113
0.9999999975396865 -0.0000696056578319 -0.0000086993853217 0.0040434180966822 0.0000696060547306 0.9999999965363688 0.0000456317809763 0.0041207276484795 0.0000086962090614 -0.0000456323863939 0.9999999989210306 -0.0005956729861525
0.9999999975473141 -0.0000646918503511 -0.0000268390841062 0.0068448678388341 0.0000646927710389 0.9999999973190217 0.0000343045467995 0.0022788790975658 0.0000268368648097 -0.0000343062830101 0.9999999990514308 -0.0002480818655265
0.9999999947361307 -0.0000989170637455 -0.0000272608339337 0.0051040006569161 0.0000989178744089 0.9999999946654661 0.0000297375494137 0.0055694511870088 0.0000272578922372 -0.0000297402458409 0.9999999991862626 0.0001498148355842
0.9999999981727064 -0.0000591572624382 -0.0000124501204554 0.0055525445095247 0.0000591579160141 0.9999999968719547 0.0000525017277073 0.0030142180996088 0.0000124470145580 -0.0000525024641345 0.9999999985442816 -0.0006419249483176
0.9999999964100537 -0.0000810791072793 -0.0000246185080930 0.0067397748461652 0.0000810805320832 0.9999999950379359 0.0000578798361923 0.0046287754536682 0.0000246138151254 -0.0000578818320663 0.9999999980219269 -0.0004660581934496
0.9999999960332202 -0.0000838603874519 -0.0000300165774341 0.0061429275126866 0.0000838619495017 0.9999999951293967 0.0000520420970766 0.0047840970005672 0.0000300122130174 -0.0000520446141189 0.9999999981953126 -0.0002136259243283
0.9999999977104531 -0.0000650894724786 -0.0000185055214590 0.0064259949820791 0.0000650903037626 0.9999999968725518 0.0000449238110851 0.0040706354142593 0.0000185025973340 -0.0000449250155122 0.9999999988196985 -0.0005971172585221
0.9999999968608229 -0.0000791718153091 -0.0000031902912699 0.0020161858006586 0.0000791719397998 0.9999999961038206 0.0000390405260359 0.0040743188669676 0.0000031872003481 -0.0000390407784949 0.9999999992328297 -0.0007717357799376
0.9999999969949536 -0.0000754117106910 -0.0000179768401155 0.0048394745627347 0.0000754126027982 0.9999999959249086 0.0000496298497798 0.0046262074098405 0.0000179730973704 -0.0000496312053110 0.9999999986068556 -0.0005928666147747
0.9999999966801204 -0.0000796485840006 -0.0000172006463025 0.0062186380344502 0.0000796492597871 0.9999999960560935 0.0000392913280181 0.0054445785837975 0.0000171975167360 -0.0000392926979064 0.9999999990801647 -0.0007019182108531
0.9999999968054403 -0.0000771156766096 -0.0000210307362710 0.0053540284794402 0.0000771167475790 0.9999999957296756 0.0000509279508807 0.0024394724522064 0.0000210268088378 -0.0000509295725400 0.9999999984820259 -0.0001723328577158
0.9999999978316280 -0.0000624222367391 -0.0000209811439016 0.0059965588653997 0.0000624234556580 0.9999999963638344 0.0000581002877016 0.0035204843476415 0.0000209775170754 -0.0000581015972911 0.9999999980920741 -0.0004963580880393
0.9999999961768959 -0.0000855202456284 -0.0000182344671025 0.0056222690716568 0.0000855210075216 0.9999999954700250 0.0000417864461562 0.0053105840831995 0.0000182308934328 -0.0000417880054265 0.9999999989606986 -0.0004337792720445
0.9999999950878309 -0.0000957525641690 -0.0000256082931722 0.0040271779342304 0.0000957533854684 0.9999999949013278 0.0000320723163021 0.0052630374844752 0.0000256052220351 -0.0000320747682253 0.9999999991577909 0.0004332895207081
0.9999999959786660 -0.0000878633379891 -0.0000179639086042 0.0025603097316643 0.0000878641154211 0.9999999952033161 0.0000432812328831 0.0052534565491087 0.0000179601056844 -0.0000432828110920 0.9999999989020164 -0.0000813185777308
0.9999999971320047 -0.0000745890893980 -0.0000131323383174 0.0031982225352364 0.0000745896715031 0.9999999962355640 0.0000443311726449 0.0049364068955012 0.0000131290316462 -0.0000443321520546 0.9999999989311444 -0.0005685087728048
0.9999999960467757 -0.0000875136118005 -0.0000157421811069 0.0039864608062929 0.0000875142884955 0.9999999952465310 0.0000429905468770 0.0034355632283901 0.0000157384187741 -0.0000429919243729 0.9999999989519983 -0.0003144290257401
0.9999999934466811 -0.0001129040488844 -0.0000189555685930 0.0033949761292349 0.0001129049455515 0.9999999925071554 0.0000473092198951 0.0065999865746340 0.0000189502270485 -0.0000473113597625 0.9999999987012621 -0.0002806921115065
0.9999999966695426 -0.0000792467504298 -0.0000195158207469 0.0064034801212847 0.0000792480221309 0.9999999947362834 0.0000651704228700 0.0051617930837085 0.0000195106561000 -0.0000651719692431 0.9999999976859744 -0.0007653277067455
0.9999999947305818 -0.0001026407792662 -0.0000019253113307 0.0006384381114260 0.0001026408954507 0.9999999929057376 0.0000604431240344 0.0045659599720587 0.0000019191073877 -0.0000604433213316 0.9999999981714610 -0.0007623031591183
0.9999999969714664 -0.0000769120025498 -0.0000119000443312 0.0024931289211621 0.0000769125277072 0.9999999960682142 0.0000441365462390 0.0041930447677031 0.0000118966496543 -0.0000441374613678 0.9999999989551771 -0.0003096351928051
0.9999999974757235 -0.0000657825694664 -0.0000268552884904 0.0066742602199768 0.0000657840889040 0.9999999962354797 0.0000565817467456 0.0025433280690533 0.0000268515662966 -0.0000565835132535 0.9999999980386497 -0.0004968465894108
0.9999999966322375 -0.0000780212621320 -0.0000254599242127 0.0058435795006643 0.0000780226933180 0.9999999953760466 0.0000562171346568 0.0028092417860456 0.0000254555379632 -0.0000562191209193 0.9999999980957130 -0.0008091614567461
0.9999999978373819 -0.0000590943759551 -0.0000288633136075 0.0060543220016484 0.0000590955363391 0.9999999974456967 0.0000402035338801 0.0030923808034992 0.0000288609377311 -0.0000402052394861 0.9999999987752924 0.0001307487533994
0.9999999944489001 -0.0001034012219209 -0.0000202580145980 0.0048677709174880 0.0001034021234668 0.9999999936635559 0.0000445071815647 0.0064214782918684 0.0000202534123727 -0.0000445092760394 0.9999999988043619 -0.0004761101033273
0.9999999965741242 -0.0000818312227905 -0.0000124660567466 0.0040957947911822 0.0000818316453783 0.9999999960771067 0.0000339023388679 0.0056001067653559 0.0000124632824279 -0.0000339033588696 0.9999999993476144 -0.0005611087880999
0.9999999983324619 -0.0000577248273801 -0.0000017089821923 0.0045454884963432 0.0000577249354039 0.9999999963319243 0.0000632770351952 0.0019170056251121 0.0000017053295301 -0.0000632771337406 0.9999999979965482 -0.0014876294887618
0.9999999962389928 -0.0000840265133741 -0.0000214839331291 0.0048365718088304 0.0000840275587159 0.9999999952857558 0.0000486606386518 0.0041619746097292 0.0000214798442441 -0.0000486624437113 0.9999999985852914 -0.0002319609867917
0.9999999972823980 -0.0000734457767281 -0.0000063970266070 0.0037171629392943 0.0000734461851142 0.9999999952635770 0.0000638631661087 0.0025416929041976 0.0000063923360969 -0.0000638636357723 0.9999999979402870 -0.0014470129037688
0.9999999968546970 -0.0000788411311595 -0.0000086418789487 0.0023342306920791 0.0000788415721186 0.9999999955895964 0.0000510373751289 0.0022720241038985 0.0000086378550662 -0.0000510380563077 0.9999999986602521 -0.0007667638010485
0.9999999970999268 -0.0000731179554750 -0.0000213051856035 0.0047048198153343 0.0000731191402979 0.9999999957801994 0.0000556164767359 0.0028350476859393 0.0000213011189505 -0.0000556180343914 0.9999999982264483 -0.0000428126025235
0.9999999964109418 -0.0000841921461858 -0.0000094762256510 0.0051387269682803 0.0000841925562001 0.9999999955194181 0.0000432755963318 0.0036804418231557 0.0000094725821432 -0.0000432763940041 0.9999999990187119 -0.0008913631958908
0.9999999962287376 -0.0000840962711095 -0.0000216873700219 0.0043937036943279 0.0000840972349008 0.9999999954762316 0.0000444431296568 0.0032287728232868 0.0000216836324223 -0.0000444449533370 0.9999999987772331 -0.0000680527383827
0.9999999984166097 -0.0000536513321892 -0.0000169798436940 0.0068293088653453 0.0000536524240342 0.9999999964929175 0.0000643084948338 0.0014270647744362 0.0000169763933980 -0.0000643094057418 0.9999999977880512 -0.0006443044829202
0.9999999970243963 -0.0000767790095268 -0.0000074960598002 0.0035078231013496 0.0000767793683092 0.9999999959064922 0.0000478742530232 0.0037453732637481 0.0000074923840318 -0.0000478748284235 0.9999999988259325 -0.0009613069665070
0.9999999973074594 -0.0000707257013147 -0.0000195692734518 0.0062762887257646 0.0000707264894092 0.9999999966878731 0.0000402742783168 0.0042972302588334 0.0000195664249604 -0.0000402756622743 0.9999999989975130 -0.0005721242317997
0.9999999972339138 -0.0000695956863731 -0.0000262414351816 0.0074821406893994 0.0000695969158350 0.9999999964804893 0.0000468539285126 0.0037220818242826 0.0000262381742579 -0.0000468557547060 0.9999999985580482 -0.0003931610069641
0.9999999979208541 -0.0000578456514995 -0.0000284986356374 0.0052299893175543 0.0000578470093934 0.9999999971916406 0.0000476491596234 0.0019745996752030 0.0000284958792607 -0.0000476508080852 0.9999999984586927 0.0000823890950973
0.9999999983553441 -0.0000551991519289 -0.0000155680905670 0.0026160467745538 0.0000551998662908 0.9999999974235600 0.0000458895925783 0.0020677814024495 0.0000155655574603 -0.0000458904518594 0.9999999988258900 0.0000083263349300
0.9999999967869505 -0.0000792568444713 -0.0000120188001556 0.0027257580923830 0.0000792574764451 0.9999999954762331 0.0000525907421434 0.0037344019223311 0.0000120146319250 -0.0000525916945542 0.9999999985448811 -0.0002561374068663
0.9999999962821221 -0.0000818040166415 -0.0000272737739562 0.0074963621796000 0.0000818055888385 0.9999999949922261 0.0000576488795857 0.0043640765622937 0.0000272690579097 -0.0000576511105185 0.9999999979663740 -0.0002876770220157
0.9999999964550715 -0.0000825546555859 -0.0000165706293916 0.0045063198923075 0.0000825553971800 0.9999999955906715 0.0000447578302636 0.0045242252499542 0.0000165669343512 -0.0000447591980998 0.9999999988610755 -0.0005455985122872
0.9999999977558767 -0.0000666560907851 -0.0000067240110738 0.0036460661567550 0.0000666565075939 0.9999999958560241 0.0000620069506103 0.0021417368989767 0.0000067198779050 -0.0000620073986703 0.9999999980549629 -0.0012295491725979
0.9999999972784369 -0.0000676364443017 -0.0000294692636584 0.0072413623189014 0.0000676373123541 0.9999999972787633 0.0000294561937949 0.0025424831510071 0.0000294672712660 -0.0000294581869365 0.9999999991319476 0.0000966097881775
0.9999999978495612 -0.0000643926208092 -0.0000124285170100 0.0065871008652012 0.0000643931165977 0.9999999971309605 0.0000398949301570 0.0038659502516312 0.0000124259480353 -0.0000398957303821 0.9999999991269632 -0.0004259888629656
0.9999999983667742 -0.0000529070849260 -0.0000216169353937 0.0057134496529320 0.0000529083087623 0.9999999969975537 0.0000566180493088 0.0029256410431120 0.0000216139398328 -0.0000566191929318 0.9999999981635523 -0.0003461170686997
0.9999999970242042 -0.0000683427046068 -0.0000357891938394 0.0048915801205498 0.0000683444206734 0.9999999965149060 0.0000479502662359 0.0035327411505985 0.0000357859166638 -0.0000479527120849 0.9999999982099528 0.0006979114138055
0.9999999961944444 -0.0000868836372323 -0.0000078958805943 0.0031704435366596 0.0000868840315727 0.9999999949777847 0.0000499559371957 0.0049754312160584 0.0000078915402012 -0.0000499566230315 0.9999999987210297 -0.0005900962071662
0.9999999976512262 -0.0000557366039156 -0.0000398870751993 0.0150896727253756 0.0000557384423633 0.9999999973843913 0.0000460916850637 0.0049151042195163 0.0000398845061010 -0.0000460939081989 0.9999999981422889 -0.0001726851912127
0.9999999966726236 -0.0000381700205045 -0.0000720957861635 0.0242734123824816 0.0000381716183619 0.9999999990258925 0.0000221617328357 0.0045146507896126 0.0000720949401795 -0.0000221644847748 0.9999999971555276 0.0017845980486489
0.9999999908619684 -0.0000856502856860 -0.0001045948922169 0.0318642044058104 0.0000856486109533 0.9999999962039018 -0.0000160159853287 0.0123753956324556 0.0001045962635935 0.0000160070267751 0.9999999944016984 0.0018051294209743
0.9999999834784250 -0.0001595869994129 -0.0000870352764565 0.0235715330849238 0.0001595868767586 0.9999999872650115 -0.0000014161904979 0.0138727533094181 0.0000870355013537 0.0000014023007866 0.9999999962114275 0.0031057715943074
0.9999999953802773 -0.0000954330920404 -0.0000114878331866 0.0120102933002464 0.0000954337681326 0.9999999937135516 0.0000588667367284 0.0093813476981373 0.0000114822152797 -0.0000588678327837 0.9999999982013685 -0.0003838778379678
0.9999999941671711 -0.0001076018687961 -0.0000093539022629 0.0011795010969819 0.0001076023737638 0.9999999927528116 0.0000540009808341 0.0054165242721040 0.0000093480915886 -0.0000540019870212 0.9999999984981993 -0.0011797053187796
0.9999999869800237 -0.0001597756859997 0.0000226204042331 -0.0071388642784257 0.0001597750555695 0.9999999868476238 0.0000278690463318 0.0087300797829496 -0.0000226248567316 -0.0000278654317926 0.9999999993558167 -0.0015639939819878
0.9999999909750225 -0.0001315589018108 0.0000272435387310 -0.0161910617704981 0.0001315584223699 0.9999999911913217 0.0000175993794658 0.0051932644803682 -0.0000272458538460 -0.0000175957951900 0.9999999994740257 0.0009068520920289
0.9999999850922369 -0.0001685503950251 0.0000375005398810 -0.0287963031171659 0.0001685480281216 0.9999999838042990 0.0000631107272362 0.0044385987010922 -0.0000375111766117 -0.0000631044056534 0.9999999973053728 0.0010766306898497
0.9999999483699630 -0.0003124428000700 0.0000750970569830 -0.0364499669079455 0.0003124393354452 0.9999999501262599 0.0000461425991648 0.0152783318266477 -0.0000751114701605 -0.0000461191335079 0.9999999961156463 0.0011873047371366
0.9999999025403302 -0.0004262835139443 0.0001148986329984 -0.0571000649475087 0.0004262718660205 0.9999999040070815 0.0001013810834873 0.0174560018414155 -0.0001149418390535 -0.0001013320955520 0.9999999882600900 0.0007187729510707
0.9999998599091386 -0.0005125131680812 0.0001323327460900 -0.0802757538399740 0.0005125096147193 0.9999998683055576 0.0000268842353928 0.0289594810331648 -0.0001323465071872 -0.0000268164098219 0.9999999908826410 0.0048371831476761
0.9999997771812251 -0.0006332443978165 0.0002112795134664 -0.1156784008459627 0.0006332235196550 0.9999997946263283 0.0000988699925428 0.0311692317268317 -0.0002113420789440 -0.0000987361833555 0.9999999727928455 0.0047689789021683
0.9999994882759264 -0.0009313819307579 0.0003949374435713 -0.1855812553048641 0.0009313182248726 0.9999995532884963 0.0001614595052392 0.0382544878693775 -0.0003950876476139 -0.0001610916101776 0.9999999089776178 0.0061376856123198
0.9999994419298331 -0.0008960736278031 0.0005596356634370 -0.2805220581566856 0.0008959537568044 0.9999995756477983 0.0002144086962546 0.0348844294671734 -0.0005598275519327 -0.0002139071689244 0.9999998204184015 0.0063540509113729
0.9999994456506319 -0.0007764707177974 0.0007111903073206 -0.3562633500295474 0.0007763131387896 0.9999996740668320 0.0002218200632015 0.0185370770260995 -0.0007113623123038 -0.0002212678338559 0.9999997225020647 0.0081897747971831
0.9999996964199402 0.0000645289007424 0.0007765282018924 -0.4385532804581300 -0.0000646383176541 0.9999999879872168 0.0001408809926823 -0.0203175610836052 -0.0007765191016685 -0.0001409311433902 0.9999996885782003 0.0109789218419787
0.9999995821485100 -0.0001346158112998 0.0009042020729629 -0.5057058488358724 0.0001345168421088 0.9999999849558802 0.0001095146502851 -0.0219232194946115 -0.0009042168017635 -0.0001093929741167 0.9999995852124903 0.0113487280852485
0.9999993927121165 -0.0005328828898933 0.0009646819288788 -0.5503417214000469 0.0005326646498892 0.9999998324892059 0.0002264728038933 -0.0141723379364894 -0.0009648024507664 -0.0002259588143972 0.9999995090493021 0.0132842514299885
0.9999986943154480 -0.0012424070156662 0.0010333403150206 -0.6183058172373166 0.0012421175510335 0.9999991891698687 0.0002807197794877 -0.0002084918959372 -0.0010336882453806 -0.0002794358828147 0.9999994267019351 0.0174624972520949
0.9999971896598840 -0.0021013578051192 0.0010977102116801 -0.7047539376760342 0.0021008465678470 0.9999976843257982 0.0004666762685315 -0.0011744690089863 -0.0010986883235603 -0.0004643688362818 0.9999992886225227 0.0230211458460374
0.9999756819279727 -0.0068397846725813 0.0013612120770663 -0.8315305567921706 0.0068392307758769 0.9999765276618910 0.0004111540604786 0.0178679482954417 -0.0013639923314771 -0.0004018344184746 0.9999989890264989 0.0273988725611924
0.9999747760539244 -0.0069404320508386 0.0015091914562347 -0.9613018866459345 0.0069396510652341 0.9999757840296952 0.0005221085032669 -0.0183901776850292 -0.0015127785682893 -0.0005116220715332 0.9999987248711166 0.0276559971923081
0.9999575047595041 -0.0090598979637054 0.0017049703908510 -1.0880186196929815 0.0090586901196185 0.9999587137309907 0.0007148194033605 0.0012825213432099 -0.0017113761898417 -0.0006993442285042 0.9999982910531332 0.0263876716066154
0.9999140312206439 -0.0129575847812775 0.0020077760624842 -1.2403012356782905 0.0129561412404259 0.9999157989722376 0.0007303217577955 -0.0238332202474383 -0.0020170702117704 -0.0007042459426807 0.9999977177301022 0.0307477377943999
0.9998887965442552 -0.0147626848212235 0.0021113223700316 -1.3621446350687263 0.0147601301981662 0.9998903184889580 0.0012204706400965 -0.0108484797661999 -0.0021291082203971 -0.0011891715264717 0.9999970263802120 0.0314966904500353
0.9998338483177264 -0.0180981632834492 0.0021753721362768 -1.5225422570947060 0.0180946174007279 0.9998349359711668 0.0016387899969208 -0.0295765522305610 -0.0022046721495394 -0.0015991551826958 0.9999962910548292 0.0392634260812981
0.9997574276718419 -0.0218681497793752 0.0026210380021258 -1.6994422743818096 0.0218606160215467 0.9997569106586669 0.0028693304788532 -0.0107807602894182 -0.0026831478044024 -0.0028113369533363 0.9999924485226849 0.0526366856759034
0.9996810120004174 -0.0250798357709099 0.0029792756713025 -1.8921042900930740 0.0250696345707049 0.9996798797207925 0.0034134299338039 -0.0406475243094423 -0.0030639302068981 -0.0033376517382527 0.9999897361536074 0.0576616591382447
0.9995703180146954 -0.0290997346073561 0.0035192030038250 -2.0773294160605116 0.0290890770778024 0.9995721926035998 0.0030425923804943 -0.0626083501362999 -0.0036062360935413 -0.0029389146659291 0.9999891788623635 0.0501665504094599
0.9993991853602511 -0.0344349068909085 0.0039377009385011 -2.2457841710700523 0.0344203234603210 0.9994005469871922 0.0037132215915494 -0.0782508107331353 -0.0040632049115803 -0.0035754536936634 0.9999853531411003 0.0513027708851619
0.9992978305489740 -0.0372236834924933 0.0042712114633436 -2.4456945611957508 0.0372040782182609 0.9992971873013445 0.0045812678977558 -0.0870347147794662 -0.0044387412679089 -0.0044191445860220 0.9999803841761519 0.0622101198912290
0.9990770649201297 -0.0427001180189265 0.0046602866595046 -2.6725162856266675 0.0426746807441784 0.9990742772213338 0.0054277267849426 -0.0793193170812982 -0.0048877371002804 -0.0052238411001181 0.9999744104276865 0.0697635809666770
0.9988286875410555 -0.0481166482958767 0.0051030482834865 -2.8825772772392342 0.0480880832040204 0.9988275124721738 0.0055800163451994 -0.1129329054785360 -0.0053655567069874 -0.0053280845920828 0.9999714107492292 0.0769153575812587
0.9985351709114154 -0.0537888862463348 0.0058539020566844 -3.1356572951370603 0.0537572775575111 0.9985392716954045 0.0054293638316148 -0.1382486188658902 -0.0061373905297866 -0.0051067209038860 0.9999681264115845 0.0733116446331746
0.9982171572605326 -0.0593321436775319 0.0064964357404504 -3.3627345216120030 0.0592963812691845 0.9982249046464476 0.0055658702796695 -0.1645972354160949 -0.0068151389626767 -0.0051707320776961 0.9999634080358641 0.0828674239748756
0.9978253862571835 -0.0655320270209346 0.0070747420610140 -3.6127472950839077 0.0654884874143359 0.9978339384803886 0.0062200669528978 -0.1854062302153918 -0.0074670313301038 -0.0057432265533984 0.9999556284115169 0.0930894140331206
0.9974133564579993 -0.0714490690695172 0.0078502795037731 -3.8636689011383538 0.0713942025522026 0.9974231884454643 0.0070605235796629 -0.2152842376802409 -0.0083345186497517 -0.0064817960769586 0.9999442595057455 0.0998997230696424
0.9969477231913262 -0.0776154742321787 0.0084306217650266 -4.1451158208932277 0.0775471283967797 0.9969553558545670 0.0081523806527409 -0.2379644100909674 -0.0090377044123111 -0.0074737268218618 0.9999312292884686 0.1060240050515319
0.9962771379056741 -0.0857572820146130 0.0088064219717507 -4.3946794598112975 0.0856812344841075 0.9962848078232780 0.0086780042529079 -0.2631409479987606 -0.0095179064797769 -0.0078911521338928 0.9999235666660937 0.1265070427085438
0.9955553363204904 -0.0937325434965276 0.0091532842994632 -4.6731469337749472 0.0936524976790906 0.9955659256792053 0.0088146074770789 -0.3066479196706325 -0.0099389135353501 -0.0079182015747649 0.9999192567810454 0.1290745958244980
0.9947883879003995 -0.1015508068870717 0.0091376648608377 -4.9618882514051705 0.1014817835323976 0.9948073995256650 0.0077256365477230 -0.3586236873506967 -0.0098747612430845 -0.0067580669994147 0.9999284062475791 0.1429288549477486
0.9937907206609126 -0.1108986687336827 0.0090271147860708 -5.2669789188817502 0.1108289875206366 0.9938082044123437 0.0078859601738600 -0.3936752564322974 -0.0098457632215371 -0.0068365280523108 0.9999281588348112 0.1472030305982267
0.9926500107486024 -0.1207118800351201 0.0086370237458452 -5.5761841314647622 0.1206454440006334 0.9926646966325279 0.0078407207156813 -0.4464592259902079 -0.0095201366948976 -0.0067410739380363 0.9999319601450253 0.1611021352711268
0.9913648374425307 -0.1308434672977988 0.0087032263003203 -5.8886806796368987 0.1307694400012148 0.9913755620660123 0.0085935150006794 -0.5069570443916392 -0.0097525711642322 -0.0073811925722117 0.9999251998784202 0.1749620287802205
0.9899365694239888 -0.1412459156718315 0.0086706299131131 -6.2063132904820630 0.1411700483357057 0.9899460977504585 0.0088170857733291 -0.5776048751158130 -0.0098288336011356 -0.0075043223988312 0.9999235366643670 0.1943028836891442
0.9883224316416156 -0.1520982434437335 0.0092138729823448 -6.5145191286663211 0.1520184217555569 0.9883382741697442 0.0088235626660219 -0.6241062828778129 -0.0104484717042076 -0.0073198464807927 0.9999186213320282 0.2012939897856723
0.9865060839934686 -0.1634557976903811 0.0093780832408723 -6.8430333857617214 0.1633830182309573 0.9865297248617664 0.0080679190569893 -0.6989668203522594 -0.0105705060245101 -0.0064268316897719 0.9999234771905384 0.2029358243853112
0.9844994204825344 -0.1751205301548175 0.0096794105114752 -7.1801104670603095 0.1750534000167969 0.9845311203303820 0.0074013676818570 -0.7770382564459354 -0.0108258123073179 -0.0055922284733744 0.9999257616286262 0.2011403582139379
0.9823695585059793 -0.1867079618830314 0.0094967094433749 -7.5244704381976204 0.1866510835706603 0.9824043192541777 0.0065670779372652 -0.8448059868819294 -0.0105557341130673 -0.0046787263459439 0.9999333407768309 0.2229431122299849
0.9801449785082788 -0.1980631438012340 0.0093173050061462 -7.8770532892446985 0.1980132650159712 0.9801809099750476 0.0060108733310827 -0.9491378507171567 -0.0103231769683847 -0.0040465773264934 0.9999385267251283 0.2296207003851700
0.9776361452075744 -0.2100867509455317 0.0095459237805808 -8.2239642863708564 0.2100302022716936 0.9776726555861124 0.0065948959741896 -1.0217490087422465 -0.0107182889206243 -0.0044424763757461 0.9999326890777523 0.2409938357278537
0.9750188833105492 -0.2219100680066243 0.0097004590172336 -8.5894431397775772 0.2218488674069549 0.9750559425388398 0.0069992106659302 -1.1256358049185697 -0.0110116855249774 -0.0046723267212497 0.9999284535130045 0.2557195574953938
0.9723240114641338 -0.2334642774248777 0.0089692751532482 -8.9651342592322614 0.2334103239908780 0.9723554708960525 0.0066677487197334 -1.2460796186595331 -0.0102780049021361 -0.0043896907631231 0.9999375446647835 0.2711492335857820
0.9694294847000318 -0.2452191926249259 0.0086035901000967 -9.3036250015648356 0.2451711108097445 0.9694595221775512 0.0062738571541218 -1.3535984565309418 -0.0098793025334291 -0.0039727103662094 0.9999433068698441 0.2800332559010225
0.9664026540447290 -0.2568744249719627 0.0090244141431642 -9.6792395118605796 0.2568321608618668 0.9664398803741062 0.0055855858696650 -1.4610722340855993 -0.0101563478833677 -0.0030801652239378 0.9999436790039054 0.2869461506124384
0.9637022057387171 -0.2668174559796714 0.0093007439953679 -10.0449328809151552 0.2668297676243407 0.9637436732355976 -0.0000860691468387 -1.5865207081073964 -0.0089405684311220 0.0025646603856720 0.9999567434410523 0.2937698396519000
0.9606997323289426 -0.2773975456629550 0.0103259848569965 -10.4393635868991943 0.2774200127267391 0.9607484189230836 -0.0007823525362450 -1.7389909923543760 -0.0097036509517855 0.0036162407226016 0.9999463795430443 0.2921775437320401
0.9578441469269569 -0.2871439675006675 0.0091067077336330 -10.8108071933336909 0.2871651247976937 0.9578804861531498 -0.0010795123576976 -1.8420705178802244 -0.0084131621697917 0.0036491334561808 0.9999579503795766 0.3171590668839219
0.9550595836963045 -0.2962998451248225 0.0082215186460681 -11.2190662071277441 0.2963140137797693 0.9550904248505718 -0.0005344122723949 -1.9866320881145454 -0.0076939474630466 0.0029465467517773 0.9999660599413740 0.3417542299222321
0.9524592669670464 -0.3045706483917077 0.0076200332578957 -11.6110772803116404 0.3045833538069896 0.9524855331557411 -0.0005382496723415 -2.1099929606059931 -0.0070940363886096 0.0028335961741743 0.9999708222645493 0.3498633178498471
0.9504426215630097 -0.3108225143949980 0.0069417333285444 -12.0026883388488113 0.3108325358294728 0.9504646151489758 -0.0003873235453286 -2.2278385830970970 -0.0064774830183384 0.0025258453793786 0.9999758308673599 0.3705271009119449
0.9484882738616074 -0.3167322573168884 0.0071183932159514 -12.4185658236455261 0.3167412745661443 0.9485119626226963 -0.0001474715398773 -2.3687619702831584 -0.0067051721262668 0.0023945639663854 0.9999746530438499 0.3747739617827683
0.9468750221817844 -0.3215195633112154 0.0072706792262232 -12.8392774071684102 0.3215296123534730 0.9468994968429518 -0.0002264031583121 -2.5354980807334773 -0.0068118094564245 0.0025521141687028 0.9999735426326035 0.3775963684457266
0.9456006046832808 -0.3252634340387625 0.0065722827027812 -13.2480957205579575 0.3252724185114356 0.9456203004845678 -0.0003179106749091 -2.6894106168555894 -0.0061114792264350 0.0024383988163039 0.9999783517821161 0.3920999676984182
0.9446961397194181 -0.3278959736528367 0.0057822194257848 -13.6679633294420242 0.3279015656453979 0.9447118940916823 -0.0000202238179640 -2.8371346173015723 -0.0054559001573046 0.0019151041653810 0.9999832826250193 0.4064648529038503
0.9438809949431488 -0.3302452733529504 0.0051697981746423 -14.1039192206797637 0.3302470440567657 0.9438943833453705 0.0005319594265573 -2.9879740059125508 -0.0050554205463101 0.0012052041727374 0.9999864950118086 0.4155634317129416
0.9436788163021564 -0.3308344410914219 0.0043432994701497 -14.5458141083073702 0.3308303346464607 0.9436888032988006 0.0016529386523799 -3.1380980198370594 -0.0046455721145724 -0.0001229479737185 0.9999892017134605 0.4249039393047233
0.9434698986643809 -0.3314533453587671 0.0017972658970411 -15.0023450206352091 0.3314398276988625 0.9434608010128470 0.0054182623732477 -3.2914551670462973 -0.0034915511125000 -0.0045162819529807 0.9999837060013278 0.4448797347996774
0.9434697752275197 -0.3314577548863280 0.0007348182417321 -15.4535131614684627 0.3314489616620339 0.9434569886380003 0.0055223548668871 -3.4681189982823262 -0.0025236967514048 -0.0049666201617561 0.9999844816990291 0.4862182984356186
0.9434218868732176 -0.3315914080779939 0.0015104494135912 -15.9127409986293671 0.3315769710032658 0.9434085364587776 0.0060865127130883 -3.6300725150353399 -0.0034432061914887 -0.0052413190668474 0.9999803362594498 0.4718678158344047
0.9434436600174547 -0.3315244602757840 0.0023648703388084 -16.3729685035025945 0.3315079022200861 0.9434361230417730 0.0055490995257077 -3.7789970570252356 -0.0040707663292187 -0.0044512895612939 0.9999818072758796 0.4930946629741402
0.9436091954958915 -0.3310443967969268 0.0033605840199745 -16.8205593800572757 0.3310240362015794 0.9436065479829727 0.0054561946879964 -3.9179111254779158 -0.0049773117655892 -0.0040360813937228 0.9999794679965041 0.5017602953124549
0.9436791306056090 -0.3308320339961320 0.0044568757469777 -17.2866099957483783 0.3308046528191362 0.9436807151730550 0.0059151909252537 -4.1045074697759354 -0.0061628023376225 -0.0041076869955726 0.9999725730113270 0.5205934722138146
0.9436698162587126 -0.3308435459120642 0.0054613194906961 -17.7776286656043396 0.3308013144434551 0.9436714431272752 0.0073957953303338 -4.2602884541259014 -0.0076005423970918 -0.0051725771543452 0.9999577372073544 0.5198554511860725
0.9438858009882496 -0.3302253727795471 0.0055495824509240 -18.2678748123821961 0.3301767100525169 0.9438838579895080 0.0081610517544292 -4.4258038853176807 -0.0079331476518885 -0.0058707579963247 0.9999512984985228 0.5421699584629690
0.9441023075435819 -0.3296152499562801 0.0049618431195319 -18.7640343388734010 0.3295748457267089 0.9440995989619920 0.0075078827922387 -4.6096393602424275 -0.0071591867624686 -0.0054529107882795 0.9999595050844985 0.5557064249603882
0.9442675977052645 -0.3291523839061010 0.0041727799917463 -19.2552185810869751 0.3291261627130535 0.9442674081219968 0.0059186971832386 -4.7765679128078755 -0.0058883734349509 -0.0042154629042324 0.9999737781216034 0.5805990785887735
0.9443226879835798 -0.3289773773057694 0.0053428625739404 -19.7558611188893458 0.3289515059335278 0.9443325938350142 0.0051825635450395 -4.9343907694128921 -0.0067503854357208 -0.0031364696478038 0.9999722970435819 0.5811885382059699
0.9446101336400192 -0.3281367233906116 0.0061632935236166 -20.2610532032050443 0.3281085163257398 0.9446259241183499 0.0051638162317432 -5.1101674789719524 -0.0075164445788345 -0.0028555640470455 0.9999676738849445 0.5950572540957052
0.9446150109422708 -0.3281072646174175 0.0069357052856666 -20.7568748717555316 0.3280644845116226 0.9446320474087460 0.0066324211630551 -5.2925431900598463 -0.0087278350498236 -0.0039897260102463 0.9999539524306638 0.6030121795436423
0.9444771919820172 -0.3284952393648848 0.0073288157550138 -21.2709170426705256 0.3284373650406667 0.9444911552859190 0.0080842335328745 -5.4565978860581268 -0.0095776338887938 -0.0052283172510109 0.9999404650417019 0.6479653161580273
0.9442555424401895 -0.3291213777277416 0.0077839124851706 -21.8078653310697952 0.3290526081431032 0.9442693876202084 0.0089277476206544 -5.6567644998647166 -0.0102884228725767 -0.0058687584675071 0.9999298505539501 0.6560992477520805
0.9438953840948606 -0.3301506824790817 0.0078759598152903 -22.3178289727496839 0.3300855803020954 0.9439125451445071 0.0085215488878429 -5.8339496953612908 -0.0102476124558068 -0.0054437098945075 0.9999326739643725 0.6842533702678607
