1.0000000000000000 0.0000000000000000 0.0000000000000000 0.0000000000000000 0.0000000000000000 1.0000000000000000 0.0000000000000000 0.0000000000000000 0.0000000000000000 0.0000000000000000 1.0000000000000000 0.0000000000000000
0.9999999986210226 -0.0000510907453494 0.0000121527986867 0.0004673754246530 0.0000510899677621 0.9999999966484484 0.0000639759207654 -0.0008019607494445 -0.0000121560672234 -0.0000639752997911 0.9999999978796955 0.0001160400009889
0.9999999999305504 -0.0000096560345493 -0.0000067572322249 0.0025131366375659 0.0000096560708355 0.9999999999389619 0.0000053699638313 0.0037074994294039 0.0000067571803720 -0.0000053700290792 0.9999999999627517 0.0000854960208745
0.9999999990868971 -0.0000427307764865 0.0000005353560721 0.0021673384209605 0.0000427307681797 0.9999999989668104 0.0000155067962012 0.0032669739935667 -0.0000005360186890 -0.0000155067733108 0.9999999998796263 0.0015737975837144
0.9999999996151098 -0.0000224014176854 -0.0000163693916098 0.0043949540366630 0.0000224021609931 0.9999999987180548 0.0000454096206169 0.0018844358670334 0.0000163683743490 -0.0000454099873091 0.9999999988350047 -0.0004461841587589
0.9999999992753772 -0.0000380220885833 0.0000018884907220 -0.0015333021175551 0.0000380220520942 0.9999999990905668 0.0000193181241463 0.0016111211766342 -0.0000018892252357 -0.0000193180523280 0.9999999998116218 0.0004434411481299
0.9999999999585009 0.0000013807553675 -0.0000090050957310 0.0026026056849954 -0.0000013803268695 0.9999999988669394 0.0000475837791795 0.0003563860426138 0.0000090051614223 -0.0000475837667476 0.9999999988273461 0.0000634442759034
0.9999999993211158 -0.0000365598965962 0.0000045980649593 -0.0002733078762655 0.0000365597021164 0.9999999984375146 0.0000422889938875 0.0008432088596170 -0.0000045996110334 -0.0000422888257549 0.9999999990952494 -0.0002137975228151
0.9999999996355823 -0.0000255640987205 0.0000086782593766 0.0012196275655422 0.0000255638459846 0.9999999992492071 0.0000291217373850 0.0026314698418509 -0.0000086790038411 -0.0000291215155247 0.9999999995383061 -0.0002054526380646
0.9999999991788275 -0.0000402179008303 -0.0000049865199636 0.0025040949119915 0.0000402179893352 0.9999999990337254 0.0000177500020071 0.0043009724920368 0.0000049858060909 -0.0000177502025403 0.9999999998300361 0.0000862771913237
0.9999999997316705 -0.0000216107202688 0.0000083447976873 0.0028111676891387 0.0000216104932122 0.9999999993963421 0.0000272084975033 0.0026714397721266 -0.0000083453856774 -0.0000272083171608 0.9999999995950311 0.0000897893228162
0.9999999998711095 -0.0000160482337797 -0.0000004847893826 0.0024167834791350 0.0000160482501659 0.9999999992993408 0.0000338196989859 0.0014889936826436 0.0000004842466359 -0.0000338197067616 0.9999999994279964 -0.0001119060979403
0.9999999996512311 0.0000043453430857 -0.0000260510244560 0.0017362333586718 -0.0000043447510721 0.9999999997323449 0.0000227251705372 -0.0005243692812031 0.0000260511231977 -0.0000227250573441 0.9999999994024553 0.0013131045524741
0.9999999996250291 -0.0000198285415670 -0.0000188883771727 0.0041616741736647 0.0000198292565898 0.9999999990868718 0.0000378557406459 0.0014994602523806 0.0000188876265313 -0.0000378561151741 0.9999999991050861 0.0003117820709613
0.9999999996732272 -0.0000253702155318 0.0000031460899553 0.0015411034720290 0.0000253700970116 0.9999999989687949 0.0000376665432314 0.0033185225317074 -0.0000031470455604 -0.0000376664634025 0.9999999992856669 0.0001112042183094
0.9999999995986877 -0.0000278835723644 -0.0000050130850199 0.0042354365270800 0.0000278836786920 0.9999999993862931 0.0000212111816101 0.0021969318451133 0.0000050124935733 -0.0000212113213848 0.9999999997624773 0.0002803630592281
0.9999999998360021 -0.0000174333589217 0.0000049065092314 0.0032262176044036 0.0000174331533669 0.9999999989706043 0.0000418912450784 0.0009212392927234 -0.0000049072395315 -0.0000418911595356 0.9999999991105248 -0.0002065132815021
0.9999999996771148 -0.0000159839119087 -0.0000197556274061 0.0036723325150125 0.0000159845537673 0.9999999993444411 0.0000324901820541 0.0012020841398728 0.0000197551080730 -0.0000324904978285 0.9999999992770516 0.0013439520801242
0.9999999998710865 -0.0000059957550995 0.0000148955739942 0.0024678939881295 0.0000059949940182 0.9999999986767328 0.0000510939755731 0.0003829179125739 -0.0000148958803214 -0.0000510938862676 0.9999999985837638 -0.0002694947113550
0.9999999998034172 -0.0000108079324997 -0.0000166239042860 0.0035098833761415 0.0000108084240156 0.9999999995044850 0.0000295670062653 0.0013921574465290 0.0000166235847195 -0.0000295671859377 0.9999999994247190 0.0003751033929366
0.9999999999301018 -0.0000112836541648 -0.0000035320606575 0.0060824208082560 0.0000112838349379 0.9999999986263968 0.0000511847783792 0.0009142260385818 0.0000035314831013 -0.0000511848182308 0.9999999986838215 -0.0009521634199249
0.9999999998321121 -0.0000157317153161 -0.0000093962167758 0.0056241468857253 0.0000157320130232 0.9999999993742985 0.0000316844875470 0.0019959246875798 0.0000093957183186 -0.0000316846353631 0.9999999994539022 0.0001036308329282
0.9999999998450609 -0.0000125792387389 -0.0000123142592501 0.0050852434275227 0.0000125794945250 0.9999999997051469 0.0000207716753293 0.0014351193427221 0.0000123139979546 -0.0000207718302332 0.9999999997084482 0.0002669735135108
0.9999999999389357 -0.0000049774774399 0.0000098667724820 0.0010111028611703 0.0000049771544233 0.9999999994517396 0.0000327375741167 -0.0000392117089147 -0.0000098669354271 -0.0000327375250062 0.9999999994154490 -0.0002411531548170
0.9999999998102583 -0.0000135734162408 -0.0000139730344578 0.0029790084043842 0.0000135737739233 0.9999999995802406 0.0000255982731913 0.0004199893963416 0.0000139726869959 -0.0000255984628533 0.9999999995747414 0.0001059026040314
0.9999999995202494 -0.0000298096225605 -0.0000084194709483 0.0042884960673637 0.0000298097504462 0.9999999994403280 0.0000151895563162 0.0037074968305334 0.0000084190181487 -0.0000151898072912 0.9999999998491950 0.0003089414812751
0.9999999995898539 -0.0000286028930099 -0.0000014720358886 0.0004977199747548 0.0000286029312020 0.9999999992541927 0.0000259516256210 0.0015136382769184 0.0000014712935959 -0.0000259516677149 0.9999999996621731 -0.0002019239421606
0.9999999999699783 -0.0000074093959823 0.0000022680875050 0.0057282759694417 0.0000074093509409 0.9999999997753788 0.0000198580932891 0.0011373121148397 -0.0000022682346410 -0.0000198580764835 0.9999999998002560 -0.0006064808734732
0.9999999999069227 -0.0000128905350864 -0.0000044708715022 0.0045348408306035 0.0000128906518120 0.9999999995760763 0.0000261089717500 0.0007354132760730 0.0000044705349417 -0.0000261090293801 0.9999999996491664 -0.0000959278616436
0.9999999999657789 0.0000081549492657 -0.0000013924906452 0.0031301896201285 -0.0000081548978155 0.9999999992843073 0.0000369443240857 0.0003076478008128 0.0000013927919233 -0.0000369443127288 0.9999999993165889 0.0000558193012533
0.9999999999952411 0.0000020980047204 -0.0000022618736806 0.0018670900252700 -0.0000020979236889 0.9999999993561078 0.0000358243365554 -0.0001241996667248 0.0000022619488388 -0.0000358243318100 0.9999999993557505 -0.0002165279074530
0.9999999998478949 -0.0000157093257360 -0.0000075780832733 0.0051278152024725 0.0000157095724325 0.9999999993466911 0.0000325549848866 0.0012419469747667 0.0000075775718515 -0.0000325551039301 0.9999999994413729 0.0002137426250373
0.9999999992214584 -0.0000382219510205 -0.0000098064099373 0.0047588941729984 0.0000382222541506 0.9999999987917197 0.0000309131000855 0.0026761050152235 0.0000098052283665 -0.0000309134748845 0.9999999994741073 0.0001194665185520
0.9999999999862260 -0.0000042052079417 -0.0000031407139366 0.0043772239136249 0.0000042053042802 0.9999999995206886 0.0000306747149904 0.0012005894375793 0.0000031405849415 -0.0000306747281976 0.9999999995245988 -0.0002797088573788
0.9999999999902043 -0.0000037542443858 -0.0000023445794530 0.0005160350298882 0.0000037543014588 0.9999999996966615 0.0000243430107410 -0.0001814881138943 0.0000023444880627 -0.0000243430195430 0.9999999997009604 0.0001926857133498
0.9999999999810869 0.0000052609389414 -0.0000031857168756 0.0027765294811791 -0.0000052608181861 0.9999999992678031 0.0000379040557640 0.0009286126400840 0.0000031859162842 -0.0000379040390038 0.9999999992765669 0.0001763926013131
0.9999999988683753 -0.0000464016824353 -0.0000104944340703 0.0022644752307962 0.0000464019491531 0.9999999986004341 0.0000254163526156 0.0043615426986754 0.0000104932546941 -0.0000254168395491 0.9999999996219380 0.0005994227229047
0.9999999999796544 0.0000042407293835 -0.0000047652350816 0.0040616265315367 -0.0000042405240097 0.9999999990623101 0.0000430975372002 -0.0002603418261348 0.0000047654178421 -0.0000430975169922 0.9999999990599474 0.0001663438616658
0.9999999996638121 -0.0000257703519137 0.0000028748230880 0.0008213497833960 0.0000257702862909 0.9999999994074690 0.0000228244240707 0.0025421900451138 -0.0000028754112798 -0.0000228243499780 0.9999999997353906 0.0001829118035030
0.9999999999550780 -0.0000093496854548 -0.0000015579703246 0.0021592776345827 0.0000093497377343 0.9999999993931715 0.0000335594906476 0.0007148503367226 0.0000015576565529 -0.0000335595052127 0.9999999994356666 -0.0000547976921546
0.9999999993306459 -0.0000335660201939 0.0000145612690836 0.0030711664159702 0.0000335655334149 0.9999999988779397 0.0000334286634282 0.0030849543922272 -0.0000145623911344 -0.0000334281746490 0.9999999993352470 -0.0013393848840219
0.9999999992694198 -0.0000283174214845 -0.0000256765235505 0.0057225260903517 0.0000283171924030 0.9999999995592660 -0.0000089221439613 0.0025583096790551 0.0000256767761913 0.0000089214168678 0.9999999996305557 0.0014322243061805
0.9999999992040168 -0.0000392749300234 -0.0000070318026037 0.0051557672319236 0.0000392752152107 0.9999999984061214 0.0000405612453059 0.0020887751473462 0.0000070302095525 -0.0000405615214492 0.9999999991526696 0.0000588596636205
0.9999999999663283 -0.0000052708311991 -0.0000062898194635 0.0052075538326341 0.0000052710291044 0.9999999994910919 0.0000314647834224 0.0000628089708488 0.0000062896536148 -0.0000314648165751 0.9999999994852028 0.0002756841823817
0.9999999999030798 -0.0000113399992269 -0.0000080774286691 0.0056550811848975 0.0000113402690657 0.9999999993776767 0.0000334072585445 0.0016547200380853 0.0000080770498258 -0.0000334073501415 0.9999999994093551 0.0002133105862202
0.9999999997396911 -0.0000223269917097 -0.0000047035386304 0.0040876762598508 0.0000223271618546 0.9999999990963665 0.0000361768549735 0.0015540166865319 0.0000047027309058 -0.0000361769599807 0.9999999993345560 -0.0002133559448702
0.9999999998043041 -0.0000185037946463 -0.0000070000930210 0.0039566520232448 0.0000185039953926 0.9999999994175677 0.0000286786822100 0.0016890278763430 0.0000069995623525 -0.0000286788117341 0.9999999995642660 -0.0000087580151416
0.9999999996310599 -0.0000269952630679 -0.0000030225711816 0.0030461271412332 0.0000269953199730 0.9999999994583746 0.0000188282666374 0.0022477721252237 0.0000030220629060 -0.0000188283482258 0.9999999998181802 0.0001775962731645
0.9999999989170890 -0.0000443835450070 -0.0000139972494409 0.0040794857637075 0.0000443836907330 0.9999999989608505 0.0000104109071485 0.0040920253828789 0.0000139967873534 -0.0000104115283869 0.9999999998478450 0.0006113917342180
0.9999999992876530 -0.0000318244983256 -0.0000202952038341 0.0043724612335726 0.0000318249674160 0.9999999992264698 0.0000231134589821 0.0032601449652475 0.0000202944682442 -0.0000231141048599 0.9999999995269364 0.0007691354933622
0.9999999999763525 -0.0000068252636826 0.0000008431245678 0.0025211514793590 0.0000068252323933 0.9999999992882995 0.0000371054879766 0.0001100501074154 -0.0000008433778220 -0.0000371054822212 0.9999999993112360 0.0002668300367445
0.9999999999362854 -0.0000110871404543 -0.0000021223555702 0.0037543857479172 0.0000110872161183 0.9999999993029235 0.0000356542648811 0.0007733150306286 0.0000021219602648 -0.0000356542884099 0.9999999993621345 -0.0005613972177878
0.9999999998761621 -0.0000141537314846 0.0000068809692538 0.0034189614080413 0.0000141535634392 0.9999999996016408 0.0000244212009544 0.0018350471390056 -0.0000068813149022 -0.0000244211035611 0.9999999996781286 -0.0006110591838813
0.9999999993909410 -0.0000327143315122 -0.0000121610284194 0.0025821838222495 0.0000327144623081 0.9999999994070438 0.0000107552939271 0.0040292996574793 0.0000121606765599 -0.0000107556917621 0.9999999998682165 0.0007094395831158
0.9999999994951092 -0.0000309350062940 -0.0000072668417959 0.0010028879141130 0.0000309351800984 0.9999999992354581 0.0000239185786276 0.0038380419773244 0.0000072661018690 -0.0000239188034166 0.9999999996875473 0.0005249676003199
0.9999999992840185 -0.0000362001884992 -0.0000110231291851 0.0024264879552112 0.0000362004130058 0.9999999991373507 0.0000203673431314 0.0034315418796311 0.0000110223918740 -0.0000203677421587 0.9999999997318310 0.0002852367772283
0.9999999991780733 -0.0000395928911393 0.0000087324912009 0.0019647414570570 0.0000395926477311 0.9999999988277795 0.0000278722671253 0.0025081937536631 -0.0000087335947343 -0.0000278719213599 0.9999999995734402 -0.0007457012835115
0.9999999986209940 -0.0000511659316637 0.0000118346710283 0.0037435437737326 0.0000511656961796 0.9999999984930852 0.0000198972647464 0.0049737741693443 -0.0000118356890725 -0.0000198966591898 0.9999999997320197 -0.0006979868762102
0.9999999988329812 -0.0000467968693532 -0.0000120037766960 0.0030869296421030 0.0000467972073474 0.9999999985085577 0.0000281585866219 0.0037929112511886 0.0000120024589444 -0.0000281591483323 0.9999999995315016 0.0006597967954650
0.9999999996644086 -0.0000258586594285 0.0000015851129272 -0.0002143967598214 0.0000258585684015 0.9999999980183243 0.0000573993533430 0.0004863260375091 -0.0000015865971944 -0.0000573993123350 0.9999999983514009 0.0001870871423396
0.9999999999315313 -0.0000115412863420 -0.0000019329076787 0.0022472468309606 0.0000115413562938 0.9999999992784007 0.0000361938643948 0.0012505563176550 0.0000019324899536 -0.0000361938867007 0.9999999993431340 0.0001585776265653
0.9999999999698761 -0.0000077605784494 -0.0000001456047532 0.0050789089213211 0.0000077605836454 0.9999999993319413 0.0000357196139653 0.0008562739927298 0.0000001453275482 -0.0000357196150942 0.9999999993620440 -0.0004442225901339
0.9999999994136666 -0.0000298462242452 -0.0000167889749822 0.0048257315668328 0.0000298465935305 0.9999999993126809 0.0000219958854622 0.0026892502691231 0.0000167883184765 -0.0000219963865430 0.9999999996171557 0.0004951028246124
0.9999999996292882 -0.0000237559799565 -0.0000133070288561 0.0047700744575710 0.0000237564664719 0.9999999990494319 0.0000365618167708 0.0022486553653260 0.0000133061602816 -0.0000365621328853 0.9999999992430783 0.0002193865319289
0.9999999995022628 -0.0000286946234855 -0.0000131184235314 0.0039506308866891 0.0000286951513340 0.9999999987787147 0.0000402387720318 0.0014606143163470 0.0000131172688789 -0.0000402391484470 0.9999999991043741 0.0001761002208968
0.9999999999640048 0.0000064078920578 -0.0000055614240016 0.0034526649827357 -0.0000064076525889 0.9999999990524808 0.0000430578708678 -0.0000088934495977 0.0000055616999065 -0.0000430578352306 0.9999999990575451 -0.0001786840057925
0.9999999993854234 -0.0000350524643578 -0.0000006912754544 0.0043394108500057 0.0000350524775850 0.9999999992024198 0.0000191437775215 0.0032068868803752 0.0000006906044173 -0.0000191438017407 0.9999999998165190 -0.0001766910743700
0.9999999996201933 -0.0000275395614881 -0.0000010890766830 0.0054001001063330 0.0000275395905106 0.9999999992654699 0.0000266576679891 0.0024368604592348 0.0000010883425417 -0.0000266576979717 0.9999999996440914 -0.0006199874987532
0.9999999998725606 -0.0000154108834206 -0.0000041693484644 0.0046790519213023 0.0000154110634734 0.9999999989486354 0.0000431882887961 0.0006034941497189 0.0000041686828904 -0.0000431883530447 0.9999999990586941 -0.0005231570830620
0.9999999996053799 -0.0000280705286061 0.0000011339088280 0.0026261341184126 0.0000280704883888 0.9999999989775920 0.0000354522761038 0.0021986751913257 -0.0000011349039909 -0.0000354522442604 0.9999999993709252 0.0001169598883595
0.9999999992870808 -0.0000354801224346 -0.0000129228201735 0.0046019272060604 0.0000354805771785 0.9999999987513722 0.0000351906815877 0.0030442336182005 0.0000129215715877 -0.0000351911400717 0.9999999992973083 0.0003645998538383
0.9999999998187026 -0.0000184332542852 0.0000047759755026 0.0047310262792808 0.0000184331262341 0.9999999994707173 0.0000268101712402 0.0018750795735091 -0.0000047764696988 -0.0000268100831992 0.9999999996292024 -0.0008438594208417
0.9999999998087402 -0.0000183887265546 -0.0000066613966654 0.0035168377405997 0.0000183888746209 0.9999999995838795 0.0000222281391990 0.0008728860685814 0.0000066609879154 -0.0000222282616904 0.9999999997307678 0.0001821849833458
0.9999999999439089 -0.0000078284914270 0.0000071342156767 0.0062958255131404 0.0000078281380571 0.9999999987427304 0.0000495303887100 0.0008885805315454 -0.0000071346034159 -0.0000495303328596 0.9999999987479218 -0.0008579098981654
0.9999999997883381 -0.0000176508588121 0.0000105721829609 0.0034263098652161 0.0000176504983510 0.9999999992630171 0.0000340943645355 0.0022068693692990 -0.0000105727847479 -0.0000340941779240 0.9999999993629016 -0.0010262842064875
0.9999999997742111 -0.0000210383198304 0.0000029944919769 0.0028379233896800 0.0000210382505692 0.9999999995112508 0.0000231276945989 0.0026654353544194 -0.0000029949785433 -0.0000231276315948 0.9999999997280714 -0.0001160289697374
0.9999999999953989 0.0000013867259141 -0.0000026979765176 0.0051277961859612 -0.0000013866389730 0.9999999994798364 0.0000322242814460 0.0005937753780241 0.0000026980212024 -0.0000322242777047 0.9999999994771583 -0.0002300594727708
0.9999999996037122 -0.0000261189940932 -0.0000105058850339 0.0038899106216717 0.0000261192886197 0.9999999992659033 0.0000280352652352 0.0029649271054395 0.0000105051527732 -0.0000280355396303 0.9999999995518252 0.0002907277541285
0.9999999998793214 -0.0000122994435853 0.0000094910873845 0.0006697171915253 0.0000122991298583 0.9999999993780738 0.0000330542550374 0.0007100096314063 -0.0000094914939275 -0.0000330541383013 0.9999999994086678 -0.0004037351562903
0.9999999997494385 -0.0000168469600998 -0.0000147411988561 0.0047742929693024 0.0000168473370874 0.9999999995310690 0.0000255739943134 0.0012957817590586 0.0000147407680051 -0.0000255742426569 0.9999999995643339 0.0003861786222743
0.9999999995438333 -0.0000300702700209 -0.0000028481778927 0.0056041433044407 0.0000300703778007 0.9999999988316047 0.0000378492118086 0.0020698873396400 0.0000028470397534 -0.0000378492974371 0.9999999992796625 -0.0005119352875803
0.9999999999976203 0.0000009160898848 -0.0000019799190842 0.0026920541384912 -0.0000009160204544 0.9999999993847326 0.0000350670177725 0.0003095459010488 0.0000019799512076 -0.0000350670159587 0.9999999993831921 0.0000807480697245
0.9999999999646082 -0.0000081123381906 -0.0000022301741786 0.0044205821361627 0.0000081124311724 0.9999999990978254 0.0000416957737118 0.0006300662515259 0.0000022298359264 -0.0000416957918024 0.9999999991282444 -0.0002243684716594
0.9999999991755579 -0.0000371828334154 -0.0000163193452844 0.0057889696860294 0.0000371832269691 0.9999999990179098 0.0000241161379135 0.0021089763754736 0.0000163184485621 -0.0000241167446996 0.9999999995760455 0.0000388148256966
0.9999999999327959 -0.0000031921470338 -0.0000111453375912 0.0056505240704931 0.0000031925500514 0.9999999993411178 0.0000361603640054 0.0013512508699787 0.0000111452221547 -0.0000361603995850 0.9999999992841048 0.0005278268742936
0.9999999997164547 -0.0000147905338275 -0.0000186636205313 0.0050823960992184 0.0000147912606182 0.9999999991323683 0.0000389420339301 0.0015793321926056 0.0000186630445416 -0.0000389423099775 0.9999999990675936 0.0005749110497819
0.9999999997771190 -0.0000183963054022 -0.0000103604081499 0.0029018042155675 0.0000183966460166 0.9999999992903196 0.0000328774143410 0.0011589767819975 0.0000103598033196 -0.0000328776049304 0.9999999994058688 0.0006199246137757
0.9999999999926242 -0.0000031813533437 0.0000021518477574 0.0047424274093049 0.0000031813220009 0.9999999998888646 0.0000145653744453 0.0020124695389099 -0.0000021518940948 -0.0000145653675995 0.9999999998916097 -0.0002112151311911
0.9999999997733061 -0.0000087666428357 -0.0000194044777070 0.0108654103466418 0.0000087668485180 0.9999999999053946 0.0000105996774837 0.0032953162439010 0.0000194043847816 -0.0000105998475974 0.9999999997555565 0.0000363915390095
0.9999999978408586 -0.0000167243661093 -0.0000635498112037 0.0265964881266967 0.0000167245814606 0.9999999998544044 0.0000033881715905 0.0045318273694372 0.0000635497545294 -0.0000033892344272 0.9999999979749709 0.0010523301490892
0.9999999943582526 -0.0000778825075573 -0.0000722344086557 0.0262808029005377 0.0000778816597036 0.9999999968983065 -0.0000117402704944 0.0129842492697348 0.0000722353227934 0.0000117346446925 0.9999999973221781 0.0025788377187159
0.9999999947656407 -0.0000574797887982 -0.0000846450972281 0.0212242611348752 0.0000574793141371 0.9999999983323277 -0.0000056100836801 0.0105295784973485 0.0000846454195534 0.0000056052183086 0.9999999964018672 0.0041418644940078
0.9999999977201072 -0.0000595803389136 -0.0000317800064923 0.0159811493310168 0.0000595811398381 0.9999999979074786 0.0000252017980827 0.0059920782853973 0.0000317785048941 -0.0000252036915143 0.9999999991774503 0.0009315381737227
0.9999999981827914 -0.0000602824559868 0.0000006654015976 0.0001313604381400 0.0000602824527270 0.9999999981710178 0.0000048979770729 0.0060643294381541 -0.0000006656968585 -0.0000048979369519 0.9999999999877835 0.0003809055665545
0.9999999891220266 -0.0001474123281618 -0.0000050549115075 -0.0080782438828093 0.0001474122623988 0.9999999890502131 -0.0000130076318784 0.0114360523183244 0.0000050568289375 0.0000130068865809 0.9999999999026247 0.0017100913396808
0.9999999847955267 -0.0001721334731142 0.0000279108196210 -0.0183135463133538 0.0001721325972370 0.9999999846928119 0.0000313806433700 0.0079567319987024 -0.0000279162208529 -0.0000313758385310 0.9999999991181207 0.0017995173745453
0.9999999872965437 -0.0001562068524470 0.0000317227298700 -0.0300271289594140 0.0001562055053036 0.9999999868983147 0.0000424642268341 0.0047043053632212 -0.0000317293626576 -0.0000424592710296 0.9999999985952289 0.0028079143730253
0.9999999654666140 -0.0002592369480584 0.0000431622017194 -0.0354029806954128 0.0002592366852494 0.9999999663795994 0.0000060943528291 0.0131560830271134 -0.0000431637801497 -0.0000060831633926 0.9999999990499416 0.0036233695995284
0.9999999472076448 -0.0003185435254578 0.0000641461606778 -0.0502121146817544 0.0003185395221519 0.9999999473188013 0.0000624096754727 0.0120140656344885 -0.0000641660374966 -0.0000623892390906 0.9999999959951512 0.0048757840468227
0.9999999180220945 -0.0003758475971206 0.0001506465666608 -0.0739915062217980 0.0003758363673599 0.9999999265935302 0.0000745651330060 0.0165885998690189 -0.0001506745807284 -0.0000745085084349 0.9999999858728263 0.0029774783186898
0.9999998529925685 -0.0005067939081425 0.0001928076139049 -0.1104585531679136 0.0005067854075967 0.9999998706103387 0.0000441345281947 0.0254536476492775 -0.0001928299560676 -0.0000440368096214 0.9999999804386835 0.0053999003782302
0.9999995383554440 -0.0008662024250515 0.0004159113581618 -0.1822044247641327 0.0008661408776365 0.9999996139272789 0.0001481393712115 0.0359715142173007 -0.0004160395162724 -0.0001477790649950 0.9999999025362297 0.0051816681119977
0.9999994636873349 -0.0008480031089990 0.0005945719212525 -0.2855072178803543 0.0008478718889441 0.9999996161550526 0.0002209140271642 0.0313746187098695 -0.0005947590288109 -0.0002204097878672 0.9999997988405913 0.0064511070167247
0.9999994164324434 -0.0007542769352569 0.0007734345982027 -0.3607210295796240 0.0007541185780430 0.9999996946366266 0.0002050166424844 0.0199150440699923 -0.0007735890013488 -0.0002044332614439 0.9999996798834980 0.0045293051789446
0.9999996906518803 0.0001051705430926 0.0007795096538290 -0.4367542227913753 -0.0001052648210039 0.9999999871506360 0.0001209051084192 -0.0210271362601579 -0.0007794969281569 -0.0001209871259616 0.9999996888732787 0.0099855180075740
0.9999996392112593 -0.0000642052801744 0.0008470271737918 -0.5004707088275228 0.0000641386958533 0.9999999948512756 0.0000786363568259 -0.0229683887555616 -0.0008470322183000 -0.0000785820012365 0.9999996381805797 0.0145361811125686
0.9999994374248526 -0.0004604036069553 0.0009556037342933 -0.5554146669594531 0.0004602165017018 0.9999998748906904 0.0001960086094062 -0.0180153726800094 -0.0009556938578091 -0.0001955687145290 0.9999995242009508 0.0142270511305990
0.9999986146447154 -0.0013012496094279 0.0010380067938136 -0.6192309155597209 0.0013008877318797 0.9999990928656187 0.0003492263574661 0.0048811877985389 -0.0010384602828632 -0.0003478755433599 0.9999994002912438 0.0170132264721078
0.9999973521752620 -0.0020387738936875 0.0010672597975588 -0.6921003780809164 0.0020383089795508 0.9999978273704335 0.0004365213814631 -0.0008376169689000 -0.0010681474471952 -0.0004343448204021 0.9999993352025830 0.0225003449671574
0.9999766870439761 -0.0066904955857304 0.0013647847343571 -0.8264575566275154 0.0066899769868689 0.9999775480479315 0.0003841978162266 0.0089540794085433 -0.0013673245660692 -0.0003750584809749 0.9999989948768283 0.0245508861048091
0.9999762428053039 -0.0067228281922512 0.0015223028888031 -0.9648406593615589 0.0067221756889134 0.9999773120274840 0.0004333408535615 -0.0217115003290140 -0.0015251816269441 -0.0004230973711282 0.9999987474040252 0.0318137190134816
0.9999579401193694 -0.0090081336913347 0.0017238096259847 -1.0938092163703053 0.0090068090814469 0.9999591378215622 0.0007746465828727 -0.0077260538656935 -0.0017307173073503 -0.0007590879771359 0.9999982141999280 0.0251070866104599
0.9999126691545041 -0.0130628636295084 0.0020039107046231 -1.2370932289605641 0.0130614305857333 0.9999144319156724 0.0007265520023401 -0.0087624751419869 -0.0020132300835492 -0.0007003146113710 0.9999977282294574 0.0265077105549119
0.9998891927916748 -0.0147410566636254 0.0020744606173466 -1.3560985151539560 0.0147385562520842 0.9998906427790376 0.0012155009366794 -0.0119356056750315 -0.0020921515282807 -0.0011847916959124 0.9999971095811327 0.0324537461549937
0.9998202700887880 -0.0188431806950823 0.0020885547336622 -1.5086223906223524 0.0188395922160437 0.9998210315299664 0.0017247247569041 -0.0176407588881764 -0.0021206802484606 -0.0016850672527736 0.9999963316250903 0.0399051855918114
0.9997541924239105 -0.0220102081593340 0.0026656082978006 -1.6922293257543790 0.0220014773521973 0.9997526180513536 0.0032615477591246 -0.0238931575605638 -0.0027367362195255 -0.0032020987253817 0.9999911283799560 0.0439118928730961
0.9996834246428800 -0.0250100539818989 0.0027473067003634 -1.8782519311259287 0.0250005034640855 0.9996814600951496 0.0034573354728898 -0.0379705352628909 -0.0028328997203590 -0.0033875569149984 0.9999902495211251 0.0631412901582468
0.9995572923129529 -0.0295587680034191 0.0033909612380918 -2.0461136244859781 0.0295484183394484 0.9995586580702737 0.0030626867927890 -0.0500654431340327 -0.0034799939130905 -0.0029611333765669 0.9999895606112551 0.0513258857848482
0.9993962345100427 -0.0345296998657477 0.0038556807867324 -2.2419613125726006 0.0345149123365938 0.9993968129060750 0.0038381218814796 -0.0758537575789428 -0.0039858842864592 -0.0037027260715893 0.9999852011635441 0.0553167046202122
0.9992995754105083 -0.0371825463753059 0.0042209986290017 -2.4545913405375326 0.0371619642608675 0.9992974661467041 0.0048541286602985 -0.0868363157417014 -0.0043985220985934 -0.0046938681090281 0.9999793100887254 0.0634555393225018
0.9990818263322168 -0.0426208555348959 0.0043551080532849 -2.6733873889686905 0.0425965377403644 0.9990770412367913 0.0055317850710613 -0.0910591979333896 -0.0045868578805062 -0.0053411934071181 0.9999752158867597 0.0804262475729124
0.9988273295346005 -0.0481420674524283 0.0051290463230978 -2.8842369008854138 0.0481119313667482 0.9988248463321838 0.0058453750650065 -0.1191422462331799 -0.0054044273461631 -0.0055917520416348 0.9999697617799075 0.0747064905927462
0.9985378140256865 -0.0537554409301544 0.0057084613695980 -3.1199035442491234 0.0537227011044238 0.9985393852897038 0.0057417254641119 -0.1416526336091484 -0.0060087724909716 -0.0054266560297448 0.9999672224915608 0.0794516716518060
0.9982277281584305 -0.0591730437209712 0.0063208885810831 -3.3585718656448638 0.0591363823177321 0.9982328436498841 0.0058376489306092 -0.1759140944608645 -0.0066551500380873 -0.0054535085460698 0.9999629834261409 0.0901462669239919
0.9978469308548827 -0.0651823498008179 0.0072638734800824 -3.6187394562436213 0.0651347456975976 0.9978545967728537 0.0066082223172976 -0.1879087979367485 -0.0076790290011243 -0.0061208638058175 0.9999517826074767 0.0849345261103563
0.9974270218563992 -0.0712737671986045 0.0077062429233211 -3.8679955677297837 0.0712180239673182 0.9974341964751975 0.0072812611591445 -0.2342525472012634 -0.0082054331308346 -0.0067137032401131 0.9999437969485780 0.1008416124338492
0.9969389814236723 -0.0777368053925646 0.0083460412944816 -4.1450941507313059 0.0776681628581782 0.9969450796599801 0.0082561867706247 -0.2539561473927953 -0.0089623543874452 -0.0075826927350694 0.9999310871128667 0.1064098068732160
0.9962700173907263 -0.0858253044934598 0.0089481594133598 -4.4031400135838199 0.0857471305924594 0.9962782234330084 0.0087824318003761 -0.2640144844573087 -0.0096686112467978 -0.0079823944887140 0.9999213965781435 0.1134400849554025
0.9955500321231610 -0.0937815923603855 0.0092274847018904 -4.6655116639097889 0.0936969195497814 0.9955580990298133 0.0092173056272554 -0.3148499708398974 -0.0100509107276371 -0.0083117020215432 0.9999149437842452 0.1154465298672408
0.9947406122888109 -0.1020310385156798 0.0089878497257927 -4.9734670474975422 0.1019584135524154 0.9947548678540213 0.0081996821037900 -0.3450808504203466 -0.0097773293468208 -0.0072401698972083 0.9999259891465485 0.1493061394239688
0.9937529979021885 -0.1112599961133444 0.0087288272563619 -5.2668596385912876 0.1111898209218120 0.9937657527777251 0.0081518298250619 -0.3871241750176931 -0.0095813821439383 -0.0071303485875514 0.9999286750789937 0.1536657660702216
0.9926040060469966 -0.1211006746115919 0.0084801997660001 -5.5805730864669476 0.1210314347324194 0.9926143702213019 0.0082525048791455 -0.4362897991339049 -0.0094169520581790 -0.0071650986584657 0.9999299887367857 0.1610674922224976
0.9913489498849309 -0.1309864108935582 0.0083558197245137 -5.9029582932585978 0.1309129293903852 0.9913547357989434 0.0088086734208436 -0.5020827446144462 -0.0094373979715086 -0.0076385843080386 0.9999262910581441 0.1783374266105714
0.9899594483044596 -0.1410987391734169 0.0084520125651877 -6.2097716029306262 0.1410227397074298 0.9899654335619851 0.0090015130862255 -0.5700894975207580 -0.0096373024306868 -0.0077192069607608 0.9999237652170071 0.2003850525641886
0.9883677177208753 -0.1518081666244587 0.0091397545562699 -6.5148314044396276 0.1517282047929338 0.9883822834797191 0.0088889579664734 -0.6353202973505453 -0.0103829878908624 -0.0073988005471692 0.9999187223534328 0.1996211006847384
0.9865169181051341 -0.1633910304090570 0.0093670419137890 -6.8544188380975477 0.1633203887998239 0.9865416798993151 0.0078717484532814 -0.7051276681016635 -0.0105271503562192 -0.0062357840969658 0.9999251442493451 0.2031600029589095
0.9845502620680694 -0.1748486042799061 0.0094205649015690 -7.1881678472748867 0.1747838071178469 0.9845796448757508 0.0073173537383192 -0.7897731145176003 -0.0105547255334832 -0.0055577403420100 0.9999288521145910 0.2149766889220242
0.9824571683930520 -0.1862549989473223 0.0093267164768355 -7.5254169152609700 0.1862005586377399 0.9824908629350465 0.0064075121647421 -0.8654488899565885 -0.0103568448911757 -0.0045584664395740 0.9999359760242750 0.2388825921944191
0.9801393194237616 -0.1980881221669853 0.0093813845397639 -7.8759359722762925 0.1980382228210190 0.9801760076862592 0.0059880095289517 -0.9491002796029125 -0.0103815616078635 -0.0040112108625543 0.9999380647650125 0.2337603293536848
0.9776410437429055 -0.2100640798078807 0.0095431631941802 -8.2218335050083837 0.2100080941313866 0.9776777507611316 0.0065433986549200 -1.0341957318647117 -0.0107046713440944 -0.0043929535762273 0.9999330537442455 0.2476737199135769
0.9750900196760689 -0.2215974613029165 0.0096963226135445 -8.5952310193048689 0.2215340718907236 0.9751260630236327 0.0071983472787835 -1.1366679838593625 -0.0110502723785078 -0.0048709707587596 0.9999270799034438 0.2552078551501376
0.9723264436184794 -0.2334500097930216 0.0090763411063053 -8.9600342257673091 0.2333963248505969 0.9723593162129490 0.0065966446107777 -1.2505504921110888 -0.0103654515808297 -0.0042957073369105 0.9999370501746603 0.2744203005559506
0.9694379229468055 -0.2451772627481479 0.0088443984481287 -9.3054288659520719 0.2451271268146612 0.9694699333844857 0.0063827864659455 -1.3506481083393291 -0.0101392924887597 -0.0040197132741654 0.9999405165573705 0.2798658899042599
0.9664428784055920 -0.2567217319735240 0.0090617388854620 -9.6837332129248992 0.2566823810435916 0.9664813526446012 0.0052867997933020 -1.4640086253192799 -0.0101152380548673 -0.0027834012962772 0.9999449658037772 0.2987479341383146
0.9637360008899659 -0.2666889946612118 0.0094815987685484 -10.0535526559737516 0.2667016188383717 0.9637791456872873 -0.0000696223710951 -1.6071612075858976 -0.0091195996407479 0.0025958553262395 0.9999550462083372 0.2960612842370935
0.9607347539855583 -0.2772766543664814 0.0103145250806600 -10.4460872080362677 0.2773005198751956 0.9607827815636998 -0.0009318410090250 -1.7390065188146695 -0.0096516403401211 0.0037554752096921 0.9999463696842418 0.2858343221213556
0.9578590334457737 -0.2870905633270186 0.0092239088733205 -10.8215990024032997 0.2871110450651624 0.9578968339717279 -0.0009504044035878 -1.8517213926896270 -0.0085627009709829 0.0035586395596081 0.9999570071940925 0.3163775502959015
0.9550455917080971 -0.2963472263690701 0.0081387457442617 -11.2156920070524624 0.2963621765887637 0.9550753962867876 -0.0006691002958656 -1.9884857468819011 -0.0075748298001356 0.0030510376914490 0.9999666560053412 0.3415648588721982
0.9524495724318645 -0.3046016873168389 0.0075910511850051 -11.6191632198976986 0.3046138029229322 0.9524758335825101 -0.0004663798147872 -2.1097786600659103 -0.0070882327266905 0.0027565422248320 0.9999710787976696 0.3495015742771805
0.9504036965956524 -0.3109420629879514 0.0069171498549601 -12.0065494406935294 0.3109518310508683 0.9504256052555553 -0.0003572684196640 -2.2280575045427464 -0.0064631465580931 0.0024904496397786 0.9999760124108780 0.3685444977909192
0.9484802481342316 -0.3167576089336894 0.0070594675322211 -12.4245277492764465 0.3167658724645143 0.9485037580190713 -0.0000553669037212 -2.3737316115174232 -0.0066783935958885 0.0022887128065588 0.9999750801158335 0.3783241423862879
0.9468797252612434 -0.3215098360069571 0.0070859889903725 -12.8349169632989000 0.3215199085787594 0.9469027712498667 -0.0003003112199076 -2.5189511470935377 -0.0066131896009662 0.0025626451377736 0.9999748489703126 0.3800038588742987
0.9456416557742371 -0.3251461976421544 0.0064659897469985 -13.2544435878867510 0.3251553530351027 0.9456605334560483 -0.0003896873617717 -2.6881466899846838 -0.0059879259495187 0.0024709557809268 0.9999790193400818 0.3938450950485494
0.9446819160816767 -0.3279362508101682 0.0058217551324588 -13.6701251735470244 0.3279419248191366 0.9446978847740077 -0.0000211998904149 -2.8383143122340706 -0.0054928475467258 0.0019292247370621 0.9999830532152744 0.4029199380610634
0.9438491518834680 -0.3303386520776751 0.0050153197667603 -14.1152344499010312 0.3303394819750913 0.9438619370209762 0.0006859237852386 -2.9728606322915527 -0.0049603565684777 0.0010093495507369 0.9999871879560247 0.4172953673833978
0.9436574929759177 -0.3309054150200587 0.0034845746955026 -14.5516988248802051 0.3308944515330897 0.9436617438717475 0.0033726988522800 -3.1302199503747397 -0.0044043041472607 -0.0020296461108109 0.9999882412516876 0.4408285957823517
0.9435029256389191 -0.3313607695484760 0.0015065573477637 -15.0077132784858325 0.3313481869934096 0.9434922848835692 0.0055396156330882 -3.3003266385963022 -0.0032570365335326 -0.0047274485109507 0.9999835213360246 0.4574042739328181
0.9434702604308489 -0.3314564673387114 0.0006913334129586 -15.4591494370545401 0.3314477436355035 0.9434570700019193 0.0055812455892227 -3.4651858521666110 -0.0025021833425379 -0.0050365983297675 0.9999841857528472 0.4773531080296639
0.9433826301306781 -0.3317036504339295 0.0013789331128441 -15.9051895260360396 0.3316899961040277 0.9433689832750994 0.0060587027502053 -3.6243623718762903 -0.0033105365478052 -0.0052582966168417 0.9999806951458888 0.4742499379632619
0.9435188831996312 -0.3313141421245328 0.0017482202394616 -16.3613867851117831 0.3313007774981239 0.9435095209388106 0.0054386328203707 -3.7784938346940353 -0.0034513584078413 -0.0045522660402374 0.9999836823663871 0.5029194896933588
0.9436235672134574 -0.3310049888209807 0.0032032444446491 -16.8084651013507553 0.3309849059172515 0.9436198394190177 0.0055308868886929 -3.9268795408127772 -0.0048533961612416 -0.0041588496546204 0.9999795740490164 0.5022906220224433
0.9436974064551995 -0.3307792445667774 0.0045051541107923 -17.2846491486537488 0.3307516017145837 0.9436992461278432 0.0059254384629236 -4.1061359069013550 -0.0062115225965372 -0.0041017339714552 0.9999722959989742 0.5166302003351675
0.9437413074253291 -0.3306394233360005 0.0054695882082168 -17.7858253157151864 0.3305976527024153 0.9437433290461310 0.0073294548623583 -4.2672702897422798 -0.0075852941131914 -0.0051088762916317 0.9999581804736902 0.5182233533316708
0.9438865821744592 -0.3302229810032836 0.0055590294407378 -18.2629176946681220 0.3301728344587342 0.9438836475078860 0.0083402249786258 -4.4315172287243536 -0.0080012109398072 -0.0060367859423532 0.9999497676578474 0.5384677596297845
0.9441568800682452 -0.3294661249129676 0.0044562713820192 -18.7539939120164263 0.3294288953174532 0.9441509807917702 0.0074517380429598 -4.5978346649767827 -0.0066624882528882 -0.0055675851831135 0.9999623059123324 0.5645027782125006
0.9442774976440798 -0.3291226768427108 0.0042744626473366 -19.2557800368646319 0.3290946285320711 0.9442769130314684 0.0061511777001487 -4.7754992318710965 -0.0060607684639034 -0.0044017159891610 0.9999719455974642 0.5732340886980436
0.9444594717134082 -0.3285929556656610 0.0047933055123759 -19.7499928657269841 0.3285693368126132 0.9444660549549326 0.0051050900467754 -4.9527919900542958 -0.0062046109748766 -0.0032466174352852 0.9999754808383450 0.5897022577289954
0.9445827925489704 -0.3282210554974043 0.0058554887548978 -20.2588281403875250 0.3281919592339068 0.9445955619543309 0.0054094574951218 -5.1130200881995203 -0.0073065665396672 -0.0031879561401751 0.9999682250056997 0.5976677037180305
0.9446461140142669 -0.3280260333193590 0.0065299879411405 -20.7533173978776766 0.3279848537028935 0.9446596617471407 0.0066377111468732 -5.2832664237869356 -0.0083459582575192 -0.0041285509012864 0.9999566490844587 0.6111013921394877
0.9445161439958635 -0.3283861702857620 0.0071956164597481 -21.2763691362670109 0.3283288913958566 0.9445287760915977 0.0080950731730144 -5.4634100850426988 -0.0094547768854197 -0.0052833985236011 0.9999413447268234 0.6460450613685659
0.9442693444621033 -0.3290872727806558 0.0075479800542881 -21.8020297751658951 0.3290196799357342 0.9442806578186186 0.0089492728544883 -5.6447524030936478 -0.0100725033679185 -0.0059670900300970 0.9999314669078456 0.6565902088686472
0.9438427641191780 -0.3303068676473484 0.0076295350360806 -22.3073602221655172 0.3302427772709188 0.9438572498689553 0.0085556957754951 -5.8203993243139012 -0.0100271970290814 -0.0055556327101050 0.9999342929737586 0.6820282271696871
