1.0000000000000000 0.0000000000000000 0.0000000000000000 0.0000000000000000 0.0000000000000000 1.0000000000000000 0.0000000000000000 0.0000000000000000 0.0000000000000000 0.0000000000000000 1.0000000000000000 0.0000000000000000
0.9999999994167260 -0.0000303851159314 -0.0000155978403603 0.0024157214980215 0.0000303849932831 0.9999999995074600 -0.0000078633387452 0.0007672067477350 0.0000155980792811 0.0000078628648003 0.9999999998474376 0.0003772547215275
0.9999999998389130 -0.0000179464414593 0.0000003150809929 0.0040611035174753 0.0000179464488258 0.9999999995652948 -0.0000233951965495 0.0012932419830487 -0.0000003146611322 0.0000233952022003 0.9999999997262827 -0.0000691207930297
0.9999999999531712 -0.0000080000795142 -0.0000054457507383 0.0044509687931964 0.0000080000108254 0.9999999998884535 -0.0000126132051880 -0.0000894212310383 0.0000054458516443 0.0000126131616213 0.9999999999056254 0.0006911860480701
0.9999999992986355 -0.0000342240815092 -0.0000152131979410 0.0038093825314279 0.0000342238673868 0.9999999993153132 -0.0000140748163367 0.0025984672339894 0.0000152136796283 0.0000140742956723 0.9999999997852290 0.0002271661807086
0.9999999999366013 -0.0000084652419351 0.0000074254415838 0.0026387114591200 0.0000084653672834 0.9999999998216840 -0.0000168810434278 -0.0010686227798857 -0.0000074252986804 0.0000168811062858 0.9999999998299466 0.0002622502720371
0.9999999999842022 -0.0000011769249441 0.0000054964121076 0.0020085512722875 0.0000011769998072 0.9999999999065501 -0.0000136203708136 -0.0024583499557946 -0.0000054963960770 0.0000136203772827 0.9999999998921375 0.0002161648124664
0.9999999999347442 0.0000112728424869 0.0000018532875249 0.0054433635900614 -0.0000112728249146 0.9999999998915128 -0.0000094814426351 -0.0011816149816916 -0.0000018533944075 0.0000094814217427 0.9999999999533338 0.0001083493540753
0.9999999988998614 -0.0000445591685080 -0.0000146546192765 0.0031706080719552 0.0000445589790900 0.9999999989237137 -0.0000129255535097 0.0026208113386096 0.0000146551952126 0.0000129249005007 0.9999999998090860 0.0001595181972247
0.9999999999901760 0.0000043951034964 -0.0000005753451085 0.0035302968577229 -0.0000043951055278 0.9999999999841083 -0.0000035307829511 -0.0018213921641453 0.0000005753295903 0.0000035307854798 0.9999999999936012 0.0002543749613857
0.9999999996197787 -0.0000219941589361 -0.0000166342859406 0.0047415126729987 0.0000219937838867 0.9999999995039617 -0.0000225466189696 0.0011889361921040 0.0000166347818262 0.0000225462531102 0.9999999996074752 0.0005938043102799
0.9999999999967344 0.0000002869193201 -0.0000025394765214 0.0026957569752438 -0.0000002869132325 0.9999999999970857 0.0000023971646364 -0.0019926418461861 0.0000025394772092 -0.0000023971639078 0.9999999999939023 0.0000065373113798
0.9999999999546313 0.0000055395265322 -0.0000077492618079 0.0035839520728729 -0.0000055396104463 0.9999999999260262 -0.0000108286830255 -0.0020566161978343 0.0000077492018215 0.0000108287259529 0.9999999999113443 0.0004934201780779
0.9999999997070536 -0.0000240405092931 -0.0000028190244475 0.0023054695736426 0.0000240404792909 0.9999999996543983 -0.0000106423038922 -0.0010835353091661 0.0000028192802930 0.0000106422361184 0.9999999999393973 0.0002335885352030
0.9999999996405415 -0.0000249039711632 -0.0000099352454419 0.0033452642067248 0.0000249038812613 0.9999999996489579 -0.0000090488033571 0.0011704967369607 0.0000099354707896 0.0000090485559277 0.9999999999097050 0.0001426284053682
0.9999999998271842 -0.0000183807476923 -0.0000027892124591 0.0038646812474110 0.0000183807140850 0.9999999997584905 -0.0000120485847732 0.0009088846394374 0.0000027894339204 0.0000120485335034 0.9999999999235260 0.0001467820006282
0.9999999999539622 0.0000022628868503 -0.0000093249697985 0.0054507114371786 -0.0000022629591204 0.9999999999674070 -0.0000077501739708 -0.0006215693119132 0.0000093249522604 0.0000077501950725 0.9999999999264899 0.0001226724654050
0.9999999999063774 -0.0000123153648113 -0.0000059646402537 0.0053970990147038 0.0000123152673539 0.9999999997906864 -0.0000163389516644 -0.0002733078160879 0.0000059648414726 0.0000163388782067 0.9999999998487309 0.0003284593209783
0.9999999999598881 -0.0000083271894149 -0.0000032987381090 0.0034709830355077 0.0000083271568961 0.9999999999167405 -0.0000098578632877 -0.0009781185824868 0.0000032988201970 0.0000098578358182 0.9999999999459704 0.0000763241977632
0.9999999996815597 -0.0000186821345349 -0.0000169663903534 0.0045459753278206 0.0000186818077497 0.9999999996400080 -0.0000192606871453 0.0008578397464626 0.0000169667501781 0.0000192603701764 0.9999999996705837 0.0002466261097209
0.9999999996691200 -0.0000251350966730 -0.0000054760210907 0.0034156872289102 0.0000251350135259 0.9999999995688479 -0.0000151833885577 0.0021049978146127 0.0000054764027243 0.0000151832509128 0.9999999998697390 0.0001209081893240
0.9999999996520345 -0.0000263342552509 0.0000015614603285 0.0037333983269446 0.0000263342751598 0.9999999995719526 -0.0000127514941572 0.0020922788657970 -0.0000015611245268 0.0000127515352726 0.9999999999174806 0.0001728944992819
0.9999999994304627 -0.0000336387606452 0.0000027401528075 0.0037404080621534 0.0000336388004644 0.9999999993286117 -0.0000145329865005 0.0028496997755219 -0.0000027396639340 0.0000145330786677 0.9999999998906419 0.0000759796190257
0.9999999994960743 -0.0000316307306261 -0.0000027107609375 0.0036468075912400 0.0000316307092610 0.9999999994686919 -0.0000078812747336 0.0018415045281855 0.0000027110102265 0.0000078811889864 0.9999999999652687 0.0001512344296475
0.9999999992210428 -0.0000384854314028 -0.0000087627668996 0.0033549815676250 0.0000384853001888 0.9999999991473347 -0.0000149737147547 0.0029263296359676 0.0000087633431620 0.0000149733775053 0.9999999998495009 0.0003264824609385
0.9999999990161785 -0.0000429521925202 -0.0000110793540720 0.0027952284465010 0.0000429520134288 0.9999999989469224 -0.0000161641517638 0.0039606105551684 0.0000110800483461 0.0000161636758673 0.9999999998079840 0.0004773952625724
0.9999999987333978 -0.0000500980011609 -0.0000048367857156 0.0021211694757885 0.0000500979266092 0.9999999986263284 -0.0000154123643845 0.0030941849144618 0.0000048375578376 0.0000154121220520 0.9999999998695323 0.0007501759716173
0.9999999994975217 -0.0000310941827866 -0.0000061732045865 0.0031006363725250 0.0000310940744867 0.9999999993627030 -0.0000175428739356 0.0034295553771281 0.0000061737500639 0.0000175426819767 0.9999999998270696 0.0003935942629431
0.9999999989380053 -0.0000458978204087 -0.0000041688728212 0.0022195938303704 0.0000458977303028 0.9999999987131709 -0.0000216114916419 0.0041837333296814 0.0000041698647362 0.0000216113002771 0.9999999997577820 0.0002045446577809
0.9999999987267694 -0.0000504610315600 -0.0000003814485458 0.0024032222619097 0.0000504610258318 0.9999999986143097 -0.0000150021880996 0.0037685303871466 0.0000003822055711 0.0000150021688322 0.9999999998873944 0.0003238641922674
0.9999999984575547 -0.0000555102295482 -0.0000018721797471 0.0019527010790077 0.0000555101892543 0.9999999982278474 -0.0000215156734018 0.0041586526882465 0.0000018733740838 0.0000215155694436 0.9999999997667853 0.0002615725281212
0.9999999996844250 -0.0000220556052232 -0.0000120291412631 0.0037640940575284 0.0000220553629251 0.9999999995539233 -0.0000201423532592 0.0028603632065963 0.0000120295855095 0.0000201420879458 0.9999999997247927 0.0003757835885730
0.9999999994121352 -0.0000332111199672 -0.0000085294243323 0.0019426557910792 0.0000332109960525 0.9999999993429888 -0.0000145276364176 0.0027328542736114 0.0000085299068058 0.0000145273531384 0.9999999998580984 0.0005559796786162
0.9999999994423953 -0.0000328704542540 -0.0000058943024810 0.0020997390412333 0.0000328703674563 0.9999999993513540 -0.0000147251822112 0.0018954280710086 0.0000058947865006 0.0000147249884551 0.9999999998742131 0.0005062211462583
0.9999999991306131 -0.0000398754878418 -0.0000121950463696 0.0041728330987917 0.0000398753315912 0.9999999991228976 -0.0000128126033755 0.0016363126260063 0.0000121955572677 0.0000128121170828 0.9999999998435590 0.0004925285700965
0.9999999992328725 -0.0000385569720010 -0.0000069003483087 0.0046167457311884 0.0000385568850905 0.9999999991773690 -0.0000125947846989 0.0011157670089460 0.0000069008339197 0.0000125945186333 0.9999999998968783 0.0001495089615573
0.9999999990493456 -0.0000432549063992 -0.0000055065358807 0.0015114942293688 0.0000432548264596 0.9999999989591455 -0.0000145165088385 0.0028818263134984 0.0000055071637852 0.0000145162706405 0.9999999998794745 0.0005205172184836
0.9999999989962960 -0.0000441681703908 -0.0000075220143920 0.0026416942111663 0.0000441680991461 0.9999999989797359 -0.0000094713916311 0.0034984916961192 0.0000075224327184 0.0000094710593885 0.9999999999268561 0.0002163087313088
0.9999999992431026 -0.0000384595021105 -0.0000058874021581 0.0031286009915488 0.0000384594323757 0.9999999991902911 -0.0000118444004162 0.0022558225565290 0.0000058878576831 0.0000118441739811 0.9999999999125243 0.0004618567445883
0.9999999989091621 -0.0000465045978214 -0.0000043586778306 0.0031379123143778 0.0000465045216292 0.9999999987659062 -0.0000174790462457 0.0030758911661033 0.0000043594906812 0.0000174788435284 0.9999999998377425 0.0002006990307450
0.9999999990852614 -0.0000418690859585 -0.0000087439607644 0.0021250646786675 0.0000418689691799 0.9999999990343154 -0.0000133551010274 0.0031231279704943 0.0000087445199218 0.0000133547349146 0.9999999998725922 0.0001260109109176
0.9999999995096291 -0.0000302752384425 -0.0000080094654322 0.0022358832151441 0.0000302751322494 0.9999999994538178 -0.0000132582387577 0.0023478971340030 0.0000080098668241 0.0000132579962636 0.9999999998800337 0.0004347306993688
0.9999999986314522 -0.0000512101263173 -0.0000107060102244 0.0027827370713588 0.0000512099627926 0.9999999985721250 -0.0000152738239243 0.0030711003900949 0.0000107067923835 0.0000152732756490 0.9999999998260458 0.0007530620948807
0.9999999993447916 -0.0000348795323465 -0.0000096868565755 0.0029118589479936 0.0000348794397719 0.9999999993460469 -0.0000095567247142 0.0026305066681557 0.0000096871899033 0.0000095563868358 0.9999999999074169 0.0003543761892940
0.9999999992222431 -0.0000367643796319 -0.0000142791461345 0.0051841429344159 0.0000367641504825 0.9999999991954333 -0.0000160477649499 0.0033493915283198 0.0000142797361091 0.0000160472399767 0.9999999997692877 0.0006958396418577
0.9999999996680006 -0.0000239463334050 -0.0000095169345286 0.0141126713756769 0.0000239461827707 0.9999999995880301 -0.0000158278256452 0.0022526521259821 0.0000095173135430 0.0000158275977457 0.9999999998294540 0.0008271260648225
0.9999999997194374 -0.0000065547990691 0.0000227631227406 0.0197310005624746 0.0000065550460191 0.9999999999196694 -0.0000108486283128 0.0015157504618220 -0.0000227630516282 0.0000108487775230 0.9999999996820738 0.0010428030424152
0.9999999981703049 0.0000543641573275 0.0000265316498882 0.0215889403019001 -0.0000543635237175 0.9999999982371425 -0.0000238814232905 -0.0003819033684403 -0.0000265329481348 0.0000238799808928 0.9999999993628745 0.0009067985076415
0.9999999990082262 0.0000139951326645 0.0000422810113276 0.0139791772002699 -0.0000139947223324 0.9999999998549788 -0.0000097051593555 -0.0014344280576867 -0.0000422811471464 0.0000097045676349 0.9999999990590630 0.0013465025582159
0.9999999984519377 -0.0000119543412555 0.0000543435230839 0.0053833064363665 0.0000119556973508 0.9999999996171828 -0.0000249538733582 0.0030830729498679 -0.0000543432247560 0.0000249545230343 0.9999999982120429 0.0031637013493724
0.9999999967789585 0.0000056502710293 0.0000800634591787 -0.0088435813931219 -0.0000056476793635 0.9999999994601326 -0.0000323703341944 0.0010628573966172 -0.0000800636420367 0.0000323698819174 0.9999999962710020 0.0037155370530912
0.9999999944367621 0.0000068554591958 0.0001052591015525 -0.0289995429108106 -0.0000068527832390 0.9999999996533575 -0.0000254229093491 -0.0050106122452109 -0.0001052592758017 0.0000254221878899 0.9999999941370986 0.0043110683550148
0.9999999897179617 -0.0000499486343188 0.0001344217631228 -0.0598435436374775 0.0000499560077446 0.9999999972479310 -0.0000548501178279 -0.0044157107821237 -0.0001344190230643 0.0000548568324386 0.9999999894611270 0.0051377369120583
0.9999999880727669 -0.0000522510824019 0.0001453419773058 -0.0907370478010094 0.0000522631028990 0.9999999952144443 -0.0000827023549677 -0.0083990876197997 -0.0001453376553227 0.0000827099500040 0.9999999860180150 0.0070004159347395
0.9999999263523315 -0.0002971190034388 0.0002429313265387 -0.1450728431019425 0.0002971413144527 0.9999999516389901 -0.0000918098934037 -0.0162111022015955 -0.0002429040363263 0.0000918820715758 0.9999999662776564 0.0086206780911863
0.9999992092282476 -0.0011881985080497 0.0004119795927777 -0.2383278084759282 0.0011882654381379 0.9999992808493435 -0.0001622530252440 -0.0092350545625727 -0.0004117865076998 0.0001627424380502 0.9999999019733806 0.0103545016323000
0.9999991026611773 -0.0011679616038076 0.0006561573989907 -0.3254188286745055 0.0011680967537767 0.9999992966336277 -0.0002056264177825 -0.0172648457239197 -0.0006559167737110 0.0002063926885936 0.9999997635875941 0.0113635840446850
0.9999991785333954 -0.0009373498146191 0.0008742470243384 -0.4233383511651510 0.0009375823644504 0.9999995251903604 -0.0002656282434912 -0.0190975552508726 -0.0008739976226527 0.0002664477038787 0.9999995825668012 0.0136084727312907
0.9999992332266366 -0.0007293666053620 0.0010007849388440 -0.5087497678478227 0.0007296781219128 0.9999996854422785 -0.0003109424101475 -0.0079085359688881 -0.0010005578330292 0.0003116724225998 0.9999994508720111 0.0154669067770896
0.9999989553130911 -0.0009675875341866 0.0010738468652868 -0.5942030871065627 0.0009679472433711 0.9999994755926781 -0.0003345033675686 -0.0069751241910570 -0.0010735226408650 0.0003355424452304 0.9999993674800035 0.0204032197653679
0.9999972514675888 -0.0019525277314138 0.0012979571357003 -0.7188107936172838 0.0019529100759061 0.9999980500356662 -0.0002933719493194 0.0006408574295816 -0.0012973817878635 0.0002959059365455 0.9999991146196947 0.0236911389780786
0.9999952909997413 -0.0026060359943629 0.0016206649063995 -0.8520234084887487 0.0026065992743306 0.9999965431131203 -0.0003455459919277 0.0048676332867801 -0.0016197587986516 0.0003497687887205 0.9999986270206718 0.0279555979496623
0.9999944194018386 -0.0026415474589679 0.0020453342518382 -0.9814042560246182 0.0026421491990093 0.9999964670153498 -0.0002915551893636 -0.0122415049995598 -0.0020445568688341 0.0002969576405665 0.9999978657994075 0.0337545900297435
0.9999941433109765 -0.0024930034585579 0.0023448406133415 -1.1030778187280303 0.0024937898325285 0.9999968352231565 -0.0003324995371783 -0.0334244146732888 -0.0023440042699481 0.0003383451295124 0.9999971955793455 0.0414583213016507
0.9999876816203990 -0.0040081626609476 0.0029276679359184 -1.3093489601449884 0.0040097345363680 0.9999918198775960 -0.0005312314386111 -0.0375732196423491 -0.0029255147252197 0.0005429640659343 0.9999955732670098 0.0488970951077471
0.9999876020378756 -0.0034885397541020 0.0035532887475380 -1.4576753762885988 0.0034919386859429 0.9999934511455492 -0.0009508050419057 -0.0540494247249397 -0.0035499485563801 0.0009632011203006 0.9999932350315420 0.0523002909255723
0.9999474991638014 -0.0048519638505026 0.0090253732805158 -1.6734657157286230 0.0048843668197926 0.9999816930159476 -0.0035716374016458 -0.0303834593183327 -0.0090078785975912 0.0036155331214832 0.9999528919121233 0.0677927842820978
0.9999364507730742 -0.0054414953321694 0.0098734261478554 -1.8463310700006075 0.0054808564698676 0.9999771235762259 -0.0039639042084982 -0.0462662759440206 -0.0098516307129271 0.0040177671370323 0.9999433998579763 0.0551466054264132
0.9999316732402574 -0.0063226954713031 0.0098322109881894 -2.0499518953030504 0.0063610448654856 0.9999722641745733 -0.0038740146872170 -0.0346274216224613 -0.0098074440685832 0.0039362931235690 0.9999441582594935 0.0755488048178563
0.9999203435805364 -0.0070325164889401 0.0104809448817753 -2.2732794085116992 0.0070722287030838 0.9999679346639533 -0.0037567572557851 -0.0348280970739297 -0.0104541893494094 0.0038305816451817 0.9999380163636675 0.0888091392772250
0.9999109385708753 -0.0076842599634159 0.0109117860648870 -2.4988125493452245 0.0077222070514047 0.9999642671486519 -0.0034397593105894 -0.0323079822799705 -0.0108849641509034 0.0035237160320030 0.9999345483484203 0.0956775893061851
0.9998998033291300 -0.0085538512844051 0.0112789596404764 -2.7413947135151604 0.0085908489450535 0.9999578623195586 -0.0032358769602397 -0.0149810733735592 -0.0112508051609869 0.0033324485746696 0.9999311547150267 0.1020984895223979
0.9998853282284268 -0.0094050093790459 0.0118691276895644 -2.9832537586555072 0.0094360402041842 0.9999521997452775 -0.0025611266750600 -0.0112027885901858 -0.0118444729218376 0.0026728305521943 0.9999262795016656 0.1025209995173414
0.9998723047063883 -0.0100674207933368 0.0124105326116635 -3.2550586173887668 0.0100995127836438 0.9999458083393167 -0.0025259109571934 -0.0300666341748803 -0.0123844306557988 0.0026509287430154 0.9999197960107257 0.1206991887276931
0.9998606399643892 -0.0106878835299929 0.0128245777962207 -3.5311104300377556 0.0107302862149167 0.9999371728389854 -0.0032421185238963 -0.0447536537128678 -0.0127891206792327 0.0033792780924822 0.9999125056082786 0.1288011332909476
0.9998635063757013 -0.0111662516996392 0.0121771688445280 -3.8246334840076455 0.0112162275738410 0.9999289205677911 -0.0040435196480100 -0.0467114394489317 -0.0121311523401385 0.0041795496303236 0.9999176798655918 0.1229104273677437
0.9998795894038875 -0.0108475020660276 0.0110967739654719 -4.1506567581649376 0.0108971933252202 0.9999308223927955 -0.0044273701562572 -0.0504919856554452 -0.0110479804102842 0.0045477607451655 0.9999286274535092 0.1177645543008254
0.9998892811925743 -0.0106152921993829 0.0104278918156479 -4.4688555497526057 0.0106565241500391 0.9999355870722236 -0.0039064305404173 -0.0468441459017058 -0.0103857522229624 0.0040171231060540 0.9999379975142029 0.1242432692015918
0.9998921433941259 -0.0106679969410257 0.0100943261274365 -4.8022865885451749 0.0106996395111924 0.9999379955682740 -0.0030858926152849 -0.0467903588190903 -0.0100607799415012 0.0031935654320533 0.9999442893715629 0.1442870463222535
0.9998933806293240 -0.0107021529068408 0.0099343493405723 -5.1280674539611262 0.0107305125261422 0.9999384898928584 -0.0028058032212470 -0.0512987782514359 -0.0099037101425797 0.0029121047283114 0.9999467166661747 0.1624884639932557
0.9998808700725123 -0.0116181339053696 0.0101619204677486 -5.4874886929550426 0.0116501955156420 0.9999273239093009 -0.0031015873405885 -0.0584155307112304 -0.0101251472820528 0.0032196062089772 0.9999435561712350 0.1724064496708175
0.9998835329139506 -0.0116456812371968 0.0098640111535954 -5.8322434761009037 0.0116824064260917 0.9999250096678332 -0.0036737475252615 -0.0701086372649177 -0.0098204881554974 0.0037885550418801 0.9999446008970109 0.1739318801286218
0.9998731900415467 -0.0125183806815648 0.0098434740438691 -6.2314389585584404 0.0125592340227896 0.9999127260988059 -0.0040994909946446 -0.0819480107529272 -0.0097912959766164 0.0042225976324761 0.9999431484801186 0.1656952941238415
0.9998687632793757 -0.0130146535486489 0.0096475391256217 -6.6003827034450744 0.0130549588337762 0.9999062650520362 -0.0041266402236603 -0.0909805855587982 -0.0095929280212130 0.0042520468830624 0.9999449463991925 0.1745643365706950
0.9998611439833205 -0.0137349827365067 0.0094362599367329 -7.0071479081223798 0.0137689840168386 0.9998989090273814 -0.0035477887474257 -0.0877229811123273 -0.0093865771988394 0.0036772238278598 0.9999491838055622 0.1862339326202388
0.9998545511256960 -0.0145311171283755 0.0089287864928281 -7.4182372541782255 0.0145535372628445 0.9998910872312806 -0.0024511688204809 -0.0802188749736726 -0.0088921958127380 0.0025807577276706 0.9999571333528148 0.2101538932326058
0.9998475830322017 -0.0150989493300748 0.0087654112163883 -7.8398564409824214 0.0151197534019527 0.9998830169466560 -0.0023120291341954 -0.0908731706440513 -0.0087294766010735 0.0024442075977838 0.9999589101995593 0.2329717276445979
0.9998390400427331 -0.0151483594495794 0.0096135951866246 -8.2685777361515722 0.0151795413845404 0.9998797308734148 -0.0031788853176461 -0.1032461571636916 -0.0095642840704874 0.0033243036103908 0.9999487354238341 0.2355441156018451
0.9998179137015399 -0.0156558964857635 0.0109101946237012 -8.7171032432110795 0.0157058692414109 0.9998664845927158 -0.0045098403049528 -0.1246120726805392 -0.0108381323516408 0.0046803732149832 0.9999303120686445 0.2346027785363035
0.9997988941839300 -0.0162414502993684 0.0117637783370755 -9.1668078402626527 0.0163003617904741 0.9998549890070350 -0.0049294181443318 -0.1361133646444773 -0.0116820115601019 0.0051201806525904 0.9999186538694007 0.2375134106515808
0.9997856811763692 -0.0169755328161992 0.0118500211100827 -9.6317333903307087 0.0170318950592715 0.9998440327730583 -0.0046716890732863 -0.1296226456770507 -0.0117688684839804 0.0048725161583768 0.9999188728696409 0.2526018117440691
0.9997753516945741 -0.0175122049102244 0.0119402187238305 -10.1075767409444044 0.0175612525201517 0.9998377264824172 -0.0040153595597995 -0.1316461153881920 -0.0118679633431380 0.0042241427122338 0.9999206508840752 0.2760073613179785
0.9997742701410585 -0.0174103588326192 0.0121773629835547 -10.5925102401490303 0.0174554756789047 0.9998411297512220 -0.0036085491022328 -0.1488799638097902 -0.0121126022281330 0.0038202962083456 0.9999193418492032 0.3053716904901491
0.9997698746705036 -0.0175828863198670 0.0122898254661388 -11.0934733103381120 0.0176310219349092 0.9998372664342248 -0.0038193867135738 -0.1559110783884751 -0.0122206696566216 0.0040351899583176 0.9999171828082284 0.3145655555251735
0.9997670802974292 -0.0181803177706435 0.0116301848356870 -11.5943109068626224 0.0182343965845722 0.9998233371398924 -0.0045608433042196 -0.1700313765968929 -0.0115452126333975 0.0047718503965995 0.9999219657098458 0.3154192170279104
0.9997661007494738 -0.0191627039095032 0.0100266929278615 -12.1142497269566114 0.0192288108776284 0.9997937274740096 -0.0065387564458540 -0.1801915048284800 -0.0098993244428757 0.0067300284176599 0.9999283524798526 0.3598380238500180
0.9997741023110065 -0.0190536297285064 0.0094182558040256 -12.6321839847445574 0.0191140940439900 0.9997970031051486 -0.0063721260848264 -0.1924365810275344 -0.0092949317963389 0.0065507080634383 0.9999353441431946 0.3583206479307792
0.9997689696151330 -0.0192978646835745 0.0094657177936969 -13.1609463471022501 0.0193553281773597 0.9997945616754705 -0.0060171185213943 -0.1963444912599551 -0.0093476556334820 0.0061989404585178 0.9999370952571714 0.3868053978113385
0.9997476017310704 -0.0196869109709634 0.0108239719786499 -13.6994551552132986 0.0197431232735917 0.9997920206567977 -0.0051112145720012 -0.2093202083689366 -0.0107210967898344 0.0053236235233755 0.9999283559916702 0.3953023461948123
0.9997400385734603 -0.0199059135875630 0.0111179979034299 -14.2424376461641238 0.0199691879250620 0.9997848597458231 -0.0056094346095202 -0.2144991023624656 -0.0110039450539228 0.0058299937623810 0.9999224591767008 0.4282207461272666
0.9997321355991859 -0.0202116472513578 0.0112759197264594 -14.8045944419962332 0.0202843248797589 0.9997739675258691 -0.0063686750391852 -0.2266007974327570 -0.0111446495890750 0.0065956935169114 0.9999161432903100 0.4423487511187864
0.9997377785927355 -0.0202422271949649 0.0107063669211393 -15.3821005011888019 0.0203122397245646 0.9997727403500656 -0.0064715199367825 -0.2308378965461824 -0.0105729358190836 0.0066872932571989 0.9999217435064895 0.4445565199984335
0.9997360545130817 -0.0209743430824516 0.0093754060646011 -15.9782903773721809 0.0210367285198745 0.9997568800981141 -0.0066058118097688 -0.2495189354682650 -0.0092345741535623 0.0068012961076988 0.9999342303429050 0.4563433993701656
0.9997489689603607 -0.0209717641818385 0.0078856939959109 -16.5644802558100643 0.0210188420145904 0.9997614617522607 -0.0059353075193059 -0.2521424761089187 -0.0077593390866413 0.0060995657291642 0.9999512927912310 0.4773296736559446
0.9997629533776776 -0.0205543752716408 0.0071801609129639 -17.1669108969890836 0.0206007238947010 0.9997670289232478 -0.0064418982447866 -0.2601231513035169 -0.0070460789491597 0.0065882877270538 0.9999534725357314 0.5153232896806239
0.9997726803660638 -0.0198220777778782 0.0078532048377790 -17.7589335846214951 0.0198773413540946 0.9997777621733440 -0.0070226465348370 -0.2772147763477689 -0.0077122561127835 0.0071771509826816 0.9999445032647675 0.5138057037457178
0.9997800285090979 -0.0188621920076077 0.0091712761933947 -18.3845773440621905 0.0189306166758441 0.9997931766170692 -0.0074320752298489 -0.2783403637031444 -0.0090291941290262 0.0076040582992255 0.9999303235479772 0.5291333671223161
0.9997888616780154 -0.0178293430381461 0.0102150179347050 -18.9878225146476787 0.0179001672915583 0.9998160777546787 -0.0068843789977407 -0.2853246171960087 -0.0100903952109152 0.0070657759714287 0.9999241264888097 0.5453345835461052
0.9997984975377060 -0.0171973210618780 0.0103545386010373 -19.6183854719154951 0.0172653196876883 0.9998297247577717 -0.0065138488530664 -0.3013626160092424 -0.0102407547293942 0.0066913107156489 0.9999251738522633 0.5734239451034342
0.9998194858076840 -0.0160820913830441 0.0101174174573316 -20.2510478596925729 0.0161495538580193 0.9998476591233783 -0.0066219676598298 -0.3175777420183740 -0.0100093810720461 0.0067841640788174 0.9999268910316925 0.5907024111815830
0.9998428271798772 -0.0146018886476856 0.0100551372377926 -20.9056339040332411 0.0146709802195382 0.9998690335628005 -0.0068321344826565 -0.3235255914319879 -0.0099540582853512 0.0069785793763328 0.9999261053465601 0.6117075126777627
0.9998524610262610 -0.0138035801937755 0.0102233729054166 -21.5525642286454442 0.0138725840202256 0.9998812583739993 -0.0067097365842081 -0.3250306760682214 -0.0101295405784753 0.0068505712361589 0.9999252282452961 0.6264193857552837
0.9998586529721921 -0.0127767714147756 0.0109283204953045 -22.2139279625644370 0.0128498148177396 0.9998953910792190 -0.0066399666931045 -0.3376484303831461 -0.0108423399588520 0.0067794550481812 0.9999182379842195 0.6555658744205873
0.9998686224156536 -0.0115362433704551 0.0113865270175257 -22.8689560744315266 0.0116140671447454 0.9999094840896249 -0.0067924275467257 -0.3400373388811201 -0.0113071372584115 0.0069237790633297 0.9999121011021427 0.6757105863577261
0.9998775324639004 -0.0109639525338898 0.0111674445929358 -23.5335645201672072 0.0110455563038586 0.9999125529256319 -0.0072720140046525 -0.3429923972835075 -0.0110867380162052 0.0073944740570364 0.9999111990539860 0.6881753026618235
0.9998917445058565 -0.0105773210105083 0.0102283698249385 -24.2600572287847704 0.0106455010193028 0.9999213255101849 -0.0066344629023772 -0.3477505209758804 -0.0101573902693102 0.0067426308067145 0.9999256794145859 0.6982769319132067
0.9999224978538676 -0.0087557010121843 0.0088507618580308 -24.9433904602642080 0.0088080059946744 0.9999438733451086 -0.0058880548553156 -0.3520657444158511 -0.0087987110465179 0.0059655560819308 0.9999434958159152 0.7375223657445688
0.9999347016255378 -0.0081649311756056 0.0079953976726834 -25.6390591452122116 0.0082049393303713 0.9999539185602518 -0.0049839468879692 -0.3499413341745730 -0.0079543356499242 0.0050492231971656 0.9999556159597652 0.7601193489811845
0.9999390981111228 -0.0073630996148217 0.0082209994998467 -26.3635106470686935 0.0074032625633933 0.9999607575012968 -0.0048657127792624 -0.3352434706614877 -0.0081848501593937 0.0049262786659943 0.9999543689620908 0.7794622405587832
0.9999427997671962 -0.0058263991624979 0.0089694072569014 -27.0711978077490265 0.0058664694570734 0.9999729011872053 -0.0044476316566358 -0.3472304179770634 -0.0089432505192540 0.0044999960047903 0.9999498828971913 0.7999466822018632
0.9999391194332539 -0.0050320741117291 0.0098201658429410 -27.7763542993100536 0.0050752834166214 0.9999775278175631 -0.0043801093725864 -0.3484981765022708 -0.0097979041274023 0.0044296828338966 0.9999421878212267 0.8258985521977132
0.9999388852329254 -0.0035107234865585 0.0104833496429089 -28.5003185095301710 0.0035589249089093 0.9999831658900740 -0.0045827928119838 -0.3548880035781196 -0.0104670842466896 0.0046198221898415 0.9999345465530766 0.8508390152749183
0.9999303945398111 -0.0023010786995292 0.0115719969009756 -29.2230159355137005 0.0023583627369864 0.9999850219809061 -0.0049390220740116 -0.3634571813971030 -0.0115604584968940 0.0049659692573911 0.9999208443415289 0.8642420287677466
0.9999280045851170 -0.0018740960788508 0.0118521479198254 -29.9663776796229158 0.0019350073435171 0.9999849699154305 -0.0051298820470044 -0.3597167577800641 -0.0118423558892105 0.0051524467122794 0.9999166019723197 0.8840200963762388
0.9999467348400763 -0.0000777479936170 0.0103209223386011 -30.6954040433780690 0.0001337750810321 0.9999852598030141 -0.0054279168127513 -0.3624759466944312 -0.0103203481965310 0.0054290083761164 0.9999320058289736 0.9203557194062542
0.9999678041520492 0.0011325070699525 0.0079440598603863 -31.4559287855894780 -0.0010837263077684 0.9999805495617610 -0.0061421523465620 -0.3610415228338273 -0.0079508613758978 0.0061333454080978 0.9999495816677390 0.9491181380061909
0.9999725439550411 0.0021441536650258 0.0070932320661384 -32.2130568337374896 -0.0020908605780826 0.9999695976139124 -0.0075121335127334 -0.3676178540522161 -0.0071091235835620 0.0074970962999597 0.9999466255300543 0.9781446439009053
0.9999563758555324 0.0033699667419869 0.0087114700267585 -32.9701024253563375 -0.0032960274894416 0.9999585438043767 -0.0084880430853892 -0.3572061497114302 -0.0087397133052552 0.0084589595570898 0.9999260289714202 0.9817715591304561
0.9999356050503221 0.0045939875571140 0.0103769470930215 -33.7330721831382334 -0.0044987274467462 0.9999476996534883 -0.0091847378327950 -0.3454409160348426 -0.0104185989464120 0.0091374633253637 0.9999039751696017 1.0025601242672906
0.9999167493533555 0.0056680416022934 0.0115917068205448 -34.4932276733788470 -0.0055701458962092 0.9999486975775524 -0.0084602415835243 -0.3456755479827517 -0.0116390651391655 0.0083949697647652 0.9998970230205383 1.0182680458716853
0.9999181721976610 0.0068564998145521 0.0107998758873300 -35.2550326712672089 -0.0067747975547152 0.9999482941109478 -0.0075836154107496 -0.3308526606259012 -0.0108513145278030 0.0075098278874140 0.9999129219377656 1.0585948222044597
0.9999285668582448 0.0072509640935245 0.0095018261682186 -36.0383342578946184 -0.0071879684381133 0.9999520720366338 -0.0066473106874366 -0.3214631931303062 -0.0095495701761552 0.0065785370225484 0.9999327620195738 1.0797066429880287
0.9999408864498486 0.0077633367255572 0.0076127661711559 -36.8315783438667381 -0.0077195834975119 0.9999536142012990 -0.0057599892694816 -0.3067417190229918 -0.0076571297831513 0.0057008813919618 0.9999544331192490 1.1020113648878744
0.9999596288058870 0.0074344442854737 0.0050467609968129 -37.6155457794423143 -0.0074104872769969 0.9999612640248086 -0.0047492239602502 -0.3060047646713272 -0.0050818733465358 0.0047116332702509 0.9999759872493021 1.1348406685165078
0.9999630475927661 0.0071614404274439 0.0047557565109677 -38.4097879660340809 -0.0071385482068251 0.9999629362585689 -0.0048132357764959 -0.2947292982707826 -0.0047900499461147 0.0047791087187339 0.9999771075086511 1.1590517451643212
0.9999607147792401 0.0069310314390440 0.0055253688910542 -39.1949076265982299 -0.0069056930448276 0.9999656128314381 -0.0045917924840825 -0.2882964445913472 -0.0055570047473315 0.0045534555929801 0.9999741925371879 1.1808602602333576
0.9999506859234415 0.0060998250447687 0.0078369544889594 -39.9974823059685178 -0.0060591004177647 0.9999680723279768 -0.0052097626431164 -0.2783444856722952 -0.0078684829138946 0.0051620208342645 0.9999557192783790 1.2027093932252264
0.9999407022506573 0.0060125622850657 0.0090797068912247 -40.8005377917095089 -0.0059676917787117 0.9999698877150107 -0.0049608787591775 -0.2756032607191931 -0.0091092610730314 0.0049063996980644 0.9999464728697762 1.2100085639272369
0.9999444885994596 0.0058089841039654 0.0087906440745323 -41.5931601046642854 -0.0057709191687525 0.9999738894707243 -0.0043493526804928 -0.2714495804222384 -0.0088156798667464 0.0042983811454386 0.9999519026973325 1.2385047631957959
0.9999530866606922 0.0050887285895417 0.0082419244777103 -42.4133626676614810 -0.0050566507496232 0.9999795778945545 -0.0039082063692872 -0.2624891524340027 -0.0082616439617448 0.0038663464886872 0.9999583974365528 1.2681196798429299
0.9999554234352400 0.0052937679325892 0.0078183862481735 -43.2203393559522624 -0.0052650815317567 0.9999793491489422 -0.0036851312218024 -0.2682804112966758 -0.0078377330213330 0.0036438025102684 0.9999626456245015 1.3065874642858952
0.9999637255125836 0.0050681962398900 0.0068455128272770 -44.0449538338300073 -0.0050426780407905 0.9999802922408999 -0.0037398566792598 -0.2626035254529498 -0.0068643322451188 0.0037052013006636 0.9999695757502576 1.3277942236829421
0.9999769700941487 0.0044190800870096 0.0051508263910446 -44.8702719705670035 -0.0044008629038768 0.9999840405927768 -0.0035427341764428 -0.2423523317320041 -0.0051663998129614 0.0035199845068196 0.9999804588200933 1.3414478856462491
0.9999900577699061 0.0039853123410936 0.0020004116785654 -45.6804656748472198 -0.0039797240160648 0.9999881892330400 -0.0027898371245749 -0.2339140377429613 -0.0020115064244914 0.0027818483009731 0.9999941075636068 1.3674454498840025
0.9999930648691258 0.0036618407132916 -0.0006790701310766 -46.4832483343016705 -0.0036634524603767 0.9999904391852594 -0.0023876042684260 -0.2245116831165448 0.0006703206120955 0.0023900754512204 0.9999969191000613 1.3947030551441875
0.9999930207722770 0.0036984728731340 0.0005288715750863 -47.3108199431968615 -0.0036969143835353 0.9999889088579597 -0.0029180447405767 -0.2321269130679063 -0.0005396580186122 0.0029160691819450 0.9999956026452061 1.4239199675519905
0.9999867317579560 0.0033341653120060 0.0039267861813414 -48.1236123137774001 -0.0033191261709437 0.9999871564207805 -0.0038301951572709 -0.2267858090639237 -0.0039395062511836 0.0038171108385323 0.9999849548644936 1.4475109966679114
0.9999543549958765 0.0030389023776764 0.0090583109418649 -48.9363614236797630 -0.0029986543799231 0.9999855871578264 -0.0044534872321560 -0.2239300504150800 -0.0090717140987977 0.0044261212089324 0.9999490554295021 1.4542768035026379
0.9999343207457552 0.0029410352562196 0.0110772066129864 -49.7295434604633826 -0.0028931179729219 0.9999864000870539 -0.0043392982531112 -0.2227423825448669 -0.0110898179930904 0.0043069655856962 0.9999292304880000 1.4701663321797098
0.9999513234074514 0.0025903622033062 0.0095205482689872 -50.5266324020389064 -0.0025563145970430 0.9999903005368556 -0.0035866541358439 -0.2116324688117968 -0.0095297466580900 0.0035621420332301 0.9999482461971558 1.4964858084640658
0.9999841438979841 0.0030171980605382 0.0047548363252019 -51.3281288067929751 -0.0030027477538500 0.9999908609053009 -0.0030432896348986 -0.2175231374733792 -0.0047639750778865 0.0030289638060922 0.9999840648328946 1.5491923541426855
0.9999938475597214 0.0028694001580185 0.0020177674389926 -52.1332351930870104 -0.0028633147925268 0.9999913635823211 -0.0030123394843544 -0.2071988839671426 -0.0020263936201026 0.0030065434477597 0.9999934271910956 1.5668801453047321
0.9999943689614517 0.0029794309209017 0.0015443564276439 -52.9338237995669445 -0.0029754014436077 0.9999921806420689 -0.0026049262886611 -0.2062339280594202 -0.0015521055496993 0.0026003165398765 0.9999954146506148 1.5885342031165472
0.9999940599292562 0.0023272399530218 0.0025424516523071 -53.7216566542486973 -0.0023217238753301 0.9999949494870070 -0.0021703913760319 -0.2039155310730505 -0.0025474898331460 0.0021644756130506 0.9999944126548260 1.6069368479319026
0.9999889502858120 0.0025434588866786 0.0039534950577328 -54.4822055107887735 -0.0025344986955696 0.9999942122415268 -0.0022697576545347 -0.2003719751394074 -0.0039592452111353 0.0022597124462946 0.9999896089845225 1.6302414336798707
0.9999790461020368 0.0027138440386904 0.0058772789107084 -55.2757377966980243 -0.0027015519471711 0.9999941491718279 -0.0020983896655883 -0.1923724698090094 -0.0058829392260441 0.0020824679218601 0.9999805269871095 1.6580808795154829
0.9999669234857488 0.0025016109902531 0.0077391134440643 -56.0400529201854383 -0.0024793143650234 0.9999927524909150 -0.0028892846732169 -0.1915370688129045 -0.0077462852210618 0.0028700014106168 0.9999658784964500 1.6852222731831326
0.9999493509132135 0.0023328396217386 0.0097904784123330 -56.8177308971432566 -0.0023010927350002 0.9999920626155997 -0.0032526416992216 -0.1734059599884208 -0.0097979885929736 0.0032299481571430 0.9999467820111398 1.7013133174223123
0.9999555677024382 0.0022696622722866 0.0091493854473530 -57.5826551580873485 -0.0022376549451746 0.9999913468051840 -0.0035070236812299 -0.1742085944851133 -0.0091572660352756 0.0034863946885186 0.9999519936131109 1.7314046890207100
0.9999732524975720 0.0023323224030684 0.0069321397587828 -58.3422583628493641 -0.0023110271498253 0.9999925913253263 -0.0030783839870580 -0.1836437043895224 -0.0069392681847528 0.0030622812847859 0.9999712340814574 1.7431143518769818
0.9999905400208189 0.0027834002585447 0.0033425367420186 -59.1116431125330095 -0.0027738105416076 0.9999920339014533 -0.0028702105696228 -0.1656447493554410 -0.0033504990598831 0.0028609118538399 0.9999902946226100 1.7921907227937943
0.9999943847053514 0.0026561888811406 0.0020433351152818 -59.8808645578493000 -0.0026501105463501 0.9999920729524587 -0.0029716908211463 -0.1621186755246489 -0.0020512122897845 0.0029662590702880 0.9999934968964899 1.8141648712958691
0.9999921627470422 0.0030835710040993 0.0024831500872348 -60.6325248680365547 -0.0030775079181565 0.9999922831960557 -0.0024418217284023 -0.1689075030059116 -0.0024906604559313 0.0024341606771723 0.9999939357177577 1.8322008900769040
0.9999907251530817 0.0028432534851696 0.0032350451979619 -61.3830009071206675 -0.0028353629713379 0.9999930009681312 -0.0024410513251704 -0.1568940146172053 -0.0032419630834652 0.0024318561574281 0.9999917878417778 1.8738220611882321
0.9999682444968852 0.0032940147035639 0.0072566841567180 -62.1151416080987673 -0.0032675339421917 0.9999879710820879 -0.0036579930379773 -0.1611060716537531 -0.0072686463495126 0.0036341654147781 0.9999669792658075 1.8888899615840957
0.9999392071971265 0.0041537789039568 0.0102141093982387 -62.8572455418042324 -0.0040959692309017 0.9999755129092935 -0.0056742063634319 -0.1693210229245539 -0.0102374286831045 0.0056320247347067 0.9999317353456415 1.9049240307828188
0.9999186214754505 0.0048990302056281 0.0117792160044328 -63.6005808072103775 -0.0048209129806235 0.9999662605411411 -0.0066510583669063 -0.1719463063986908 -0.0118114023158979 0.0065937305382524 0.9999085025605697 1.9340710923117772
0.9999173819421789 0.0055984327466219 0.0115709481322968 -64.3372384063847278 -0.0055226177371964 0.9999631423388468 -0.0065737856025410 -0.1693912434074814 -0.0116073245507978 0.0065093405657504 0.9999114453301210 1.9549764398614857
0.9999376502335519 0.0064634641300809 0.0091060022425852 -65.0629349018925467 -0.0063996991729618 0.9999549204179984 -0.0070143411900208 -0.1476251169158688 -0.0091509286904882 0.0069556281724650 0.9999339376882995 1.9870146842764835
0.9999425728398064 0.0078321288541727 0.0073149695912014 -65.7854172421933043 -0.0077789659945792 0.9999433297935397 -0.0072680732978911 -0.1356270544830272 -0.0073714795369551 0.0072107530133802 0.9999468317517768 2.0128996822362479
0.9999316442683844 0.0088407074275111 0.0076517111096910 -66.5024036771970515 -0.0087839226991111 0.9999338669098394 -0.0074232411217451 -0.1385593324174841 -0.0077168317813115 0.0073555216617638 0.9999431717894484 2.0400099197060970
