1.0000000000000000 0.0000000000000000 0.0000000000000000 0.0000000000000000 0.0000000000000000 1.0000000000000000 0.0000000000000000 0.0000000000000000 0.0000000000000000 0.0000000000000000 1.0000000000000000 0.0000000000000000
0.9999999985933385 -0.0000142784552687 0.0000510827626218 -0.0004054804551429 0.0000142795981224 0.9999999996477867 -0.0000223722955592 -0.0013446019698938 -0.0000510824431620 0.0000223730249691 0.9999999984450159 -0.0013187836423561
0.9999999981441221 0.0000391747194993 0.0000466593736985 -0.0026561911262546 -0.0000391732508547 0.9999999987373471 -0.0000314763729833 -0.0006346343748786 -0.0000466606067177 0.0000314745451255 0.9999999984160703 -0.0010476670180795
0.9999999999907483 -0.0000027688283316 0.0000032919767699 -0.0014422154861306 0.0000027688882914 0.9999999998302906 -0.0000182140579789 -0.0038614471245667 -0.0000032919263377 0.0000182140670939 0.9999999998287055 -0.0004141632594427
0.9999999994870554 0.0000182214854118 0.0000263413478289 0.0000271995756115 -0.0000182210036144 0.9999999996667234 -0.0000182906604069 -0.0017798071218608 -0.0000263416811031 0.0000182901804318 0.9999999994857925 -0.0011717986602089
0.9999999984989004 -0.0000305365758300 0.0000454941398669 -0.0013659985892626 0.0000305381179323 0.9999999989592282 -0.0000338964144504 0.0009218600984317 -0.0000454931047391 0.0000338978037049 0.9999999983906581 -0.0009900626909253
0.9999999993406889 0.0000044240049912 0.0000360423399919 -0.0006390586077517 -0.0000044235259702 0.9999999999018965 -0.0000132905762757 -0.0035141792537810 -0.0000360423987860 0.0000132904168327 0.9999999992621551 -0.0007392987348100
0.9999999989123046 -0.0000318202585487 0.0000341007603033 -0.0027340178279213 0.0000318206897129 0.9999999994137946 -0.0000126433620124 -0.0039161206231910 -0.0000341003579683 0.0000126444471084 0.9999999993386418 -0.0005485914069226
0.9999999985277065 0.0000016620676251 0.0000542385881531 -0.0027537308670083 -0.0000016617231700 0.9999999999784531 -0.0000063507839371 -0.0029604299384850 -0.0000542385987074 0.0000063506937982 0.9999999985089215 -0.0010347891404671
0.9999999992679178 -0.0000318692576388 0.0000211781652485 -0.0003842013248415 0.0000318699177371 0.9999999990063945 -0.0000311692077371 0.0011822301023131 -0.0000211771718880 0.0000311698826606 0.9999999992899830 -0.0010273420305696
0.9999999990063315 -0.0000081597264716 0.0000438264285622 -0.0024987059956039 0.0000081602490637 0.9999999998956147 -0.0000119239656965 -0.0023946699886276 -0.0000438263312613 0.0000119243233192 0.9999999989685316 -0.0009453043311274
0.9999999989578672 0.0000096823194490 0.0000446152250147 -0.0013714774609459 -0.0000096817862530 0.9999999998817161 -0.0000119511883133 -0.0036307680686298 -0.0000446153407246 0.0000119507563458 0.9999999989333254 -0.0006266450330690
0.9999999984551298 -0.0000325823508358 0.0000450347740946 -0.0019174305920266 0.0000325831001706 0.9999999993307527 -0.0000166383933805 -0.0010754864448562 -0.0000450342319465 0.0000166398607273 0.9999999988475164 -0.0007039972867353
0.9999999984466238 -0.0000264032331663 0.0000490878967043 -0.0016134582546461 0.0000264041075610 0.9999999994927730 -0.0000178122745413 -0.0007416525439112 -0.0000490874263778 0.0000178135706357 0.9999999986365506 -0.0009447022624772
0.9999999972026554 -0.0000151253712252 0.0000732523875083 -0.0020965451791014 0.0000151275075689 0.9999999994603190 -0.0000291636845019 -0.0009506587157350 -0.0000732519463572 0.0000291647925464 0.9999999968917836 -0.0012559619613389
0.9999999989108497 -0.0000009607797506 0.0000466623775916 -0.0004198353713083 0.0000009618624737 0.9999999997303403 -0.0000232033247281 0.0001065958452134 -0.0000466623552858 0.0000232033695856 0.9999999986421141 -0.0009528256948476
0.9999999978120918 -0.0000416986737557 0.0000513520875662 -0.0010898941558491 0.0000416998981381 0.9999999988463375 -0.0000238420546903 0.0004083670564245 -0.0000513510933249 0.0000238441960149 0.9999999983972597 -0.0009536158592323
0.9999999989599276 -0.0000130771579030 0.0000436936216657 -0.0003014522313859 0.0000130781578749 0.9999999996526013 -0.0000228857862090 0.0006032509153541 -0.0000436933223694 0.0000228863576173 0.9999999987835541 -0.0010185146022825
0.9999999996094959 -0.0000239821473228 0.0000143479867786 -0.0000817425959143 0.0000239825329495 0.9999999993512287 -0.0000268771410729 0.0008882709711384 -0.0000143473421978 0.0000268774851635 0.9999999995358773 -0.0005130884257364
0.9999999986528659 -0.0000286301459257 0.0000432964531741 -0.0012335930669764 0.0000286310031844 0.9999999993941276 -0.0000197992532434 0.0001468783217729 -0.0000432958862924 0.0000198004928377 0.9999999988667033 -0.0014313800315444
0.9999999989074941 -0.0000171663786846 0.0000434778919521 -0.0008258046461980 0.0000171677514472 0.9999999993541870 -0.0000315736317262 -0.0006327457811340 -0.0000434773499192 0.0000315743781093 0.9999999985563893 -0.0010268886407312
0.9999999993004721 -0.0000231390985980 0.0000293877159196 -0.0004919331158337 0.0000231399426417 0.9999999993198250 -0.0000287209540142 0.0004653369332510 -0.0000293870513227 0.0000287216340242 0.9999999991557345 -0.0008291571203403
0.9999999993161950 -0.0000141352165361 0.0000341731732196 0.0004913543973187 0.0000141358495217 0.9999999997285435 -0.0000185227101089 0.0000761435141187 -0.0000341729113878 0.0000185231931630 0.9999999992445517 -0.0010375647816119
0.9999999986755415 0.0000119143209811 0.0000500696116914 -0.0017679677649496 -0.0000119130806721 0.9999999996222153 -0.0000247719159845 -0.0038025092068331 -0.0000500699068130 0.0000247713194684 0.9999999984396931 -0.0009899553872275
0.9999999993438645 0.0000048828434078 0.0000358946914388 -0.0014811202947267 -0.0000048816611328 0.9999999994456507 -0.0000329373363421 -0.0002422593788630 -0.0000358948522468 0.0000329371610947 0.9999999988133516 -0.0010881870364856
0.9999999989281433 -0.0000245255681922 0.0000392709802280 -0.0007745495732809 0.0000245267181336 0.9999999992705021 -0.0000292820047698 0.0009143826178593 -0.0000392702620416 0.0000292829679266 0.9999999988001772 -0.0009471528063004
0.9999999981323600 -0.0000384465574579 0.0000475093918758 -0.0009035271847424 0.0000384479738886 0.9999999988164648 -0.0000298131454076 -0.0001556730651540 -0.0000475082456067 0.0000298149719918 0.9999999984270170 -0.0012474489869346
0.9999999981566696 -0.0000098179095442 0.0000599188561662 -0.0019663977054426 0.0000098194425958 0.9999999996244875 -0.0000255852219581 -0.0011920992600735 -0.0000599186049503 0.0000255858102807 0.9999999978775636 -0.0011492456249093
0.9999999985077528 0.0000016199336001 0.0000546065041987 -0.0027269459082832 -0.0000016191604407 0.9999999998984536 -0.0000141587830731 -0.0028173618321419 -0.0000546065271295 0.0000141586946353 0.9999999984088292 -0.0012208574668440
0.9999999989531683 -0.0000055783804350 0.0000454152518731 -0.0005330669804603 0.0000055793322517 0.9999999997648169 -0.0000209579850845 -0.0018177222914980 -0.0000454151349508 0.0000209582384493 0.9999999987491088 -0.0011370801785713
0.9999999984271963 -0.0000291218017200 0.0000479325349375 -0.0015446760787623 0.0000291228514540 0.9999999993361316 -0.0000218996875600 0.0006399340957023 -0.0000479318971473 0.0000219010834576 0.9999999986114378 -0.0013205360225630
0.9999999994803879 -0.0000177074656741 0.0000269382622176 -0.0000413256693018 0.0000177081759814 0.9999999994955756 -0.0000263679600809 0.0004802781823539 -0.0000269377952942 0.0000263684370947 0.9999999992895303 -0.0010435709159955
0.9999999993352856 -0.0000155082165345 0.0000329988489330 -0.0011810887533559 0.0000155086310820 0.9999999998008360 -0.0000125622644581 -0.0005283523810984 -0.0000329986541081 0.0000125627762167 0.9999999993766328 -0.0008411825677217
0.9999999995263387 0.0000106615818592 0.0000288730547317 -0.0021461206924216 -0.0000106611239767 0.9999999998174230 -0.0000158585758209 -0.0041155971586685 -0.0000288732238040 0.0000158582679942 0.9999999994574261 -0.0006068481379049
0.9999999992792435 -0.0000077574184911 0.0000371663200372 -0.0005096199260899 0.0000077578767699 0.9999999998938889 -0.0000123303563313 -0.0027637393943668 -0.0000371662243815 0.0000123306446541 0.9999999992333135 -0.0008548239786263
0.9999999991745876 -0.0000191205063797 0.0000358501181581 0.0000857942248226 0.0000191213145701 0.9999999995630856 -0.0000225433823167 -0.0016576979501478 -0.0000358496871015 0.0000225440677995 0.9999999991032825 -0.0009141686639235
0.9999999998193074 -0.0000064123230085 0.0000178960138673 -0.0000019209259699 0.0000064125669250 0.9999999998865561 -0.0000136296338171 -0.0010276419922907 -0.0000178959264677 0.0000136297485741 0.9999999997469828 -0.0008665357026932
0.9999999993120395 -0.0000246314203139 0.0000277347104039 -0.0004139360914258 0.0000246318954098 0.9999999995499198 -0.0000171297998746 -0.0007911854081351 -0.0000277342884601 0.0000171304830213 0.9999999994686779 -0.0007971151363231
0.9999999993248395 -0.0000045395770031 0.0000364652317878 -0.0007692378185383 0.0000045401512405 0.9999999998657022 -0.0000157474631722 -0.0035465491432629 -0.0000364651602961 0.0000157476287192 0.9999999992111521 -0.0009415344641424
0.9999999981296088 0.0000210799976558 0.0000574144238089 -0.0026494838034188 -0.0000210788508634 0.9999999995783512 -0.0000199744754782 -0.0034887149855523 -0.0000574148448466 0.0000199732652108 0.9999999981523021 -0.0012475884075359
0.9999999991276031 0.0000051855175869 0.0000414476079489 -0.0024992763350001 -0.0000051845736854 0.9999999997272453 -0.0000227734401713 -0.0022947445844204 -0.0000414477260297 0.0000227732252632 0.9999999988817331 -0.0010723324531475
0.9999999992921729 0.0000015022062816 0.0000375951797075 -0.0003528350115226 -0.0000015015825010 0.9999999998612243 -0.0000165920604953 -0.0003818255245581 -0.0000375952046269 0.0000165920040312 0.9999999991556530 -0.0007329277181641
0.9999999992543694 -0.0000102378469400 0.0000372350313635 -0.0017230003386795 0.0000102385821822 0.9999999997526365 -0.0000197458423857 -0.0031887965053581 -0.0000372348291994 0.0000197462236049 0.9999999991118270 -0.0008322314049630
0.9999999993280350 0.0000265791801695 0.0000252483104368 0.0023596746924009 -0.0000265790364435 0.9999999996305733 -0.0000056928181757 -0.0038111762971755 -0.0000252484617380 0.0000056921470961 0.9999999996650574 -0.0008637239157404
0.9999999975177033 0.0000218521784191 -0.0000669856384353 0.0204110259287852 -0.0000218516011914 0.9999999997241196 0.0000086179061853 -0.0078335319338988 0.0000669858267369 -0.0000086164424204 0.9999999977193280 0.0004735061741417
0.9999999973470919 -0.0000027370979467 -0.0000727895914224 0.0289167614365513 0.0000027396869065 0.9999999993637184 0.0000355676430604 -0.0072070239640088 0.0000727894940240 -0.0000355678423867 0.9999999967183091 0.0003103517461362
0.9999999975465820 -0.0000567025829527 -0.0000411297103664 0.0181345511274953 0.0000567029333264 0.9999999983561136 0.0000085176338678 -0.0060179317612009 0.0000411292273269 -0.0000085199660221 0.9999999991178984 -0.0004055574829562
0.9999999998366048 0.0000123713014611 -0.0000131810991129 0.0081348067061618 -0.0000123712871584 0.9999999999228868 0.0000010851741453 -0.0061667760039563 0.0000131811125369 -0.0000010850110780 0.9999999999125405 0.0000220945643554
0.9999999999981315 -0.0000014338365689 0.0000012965506648 -0.0042190725923879 0.0000014338260846 0.9999999999662782 0.0000080862667528 -0.0086285844320054 -0.0000012965622591 -0.0000080862648937 0.9999999999664656 -0.0001141868882283
0.9999999980279968 0.0000330844481257 0.0000533800129378 -0.0159073968497431 -0.0000330845686819 0.9999999994501574 0.0000022575704564 -0.0157324739862047 -0.0000533799382179 -0.0000022593365066 0.9999999985727388 -0.0007776950181607
0.9999999948330581 -0.0000797439149170 0.0000630459500253 -0.0282001496963816 0.0000797423579672 0.9999999965155923 0.0000246976051390 -0.0155547914326293 -0.0000630479192893 -0.0000246925775786 0.9999999977076183 -0.0009980626705700
0.9999999962381824 -0.0000827652831096 0.0000259527100638 -0.0327598377477302 0.0000827633664254 0.9999999938485463 0.0000738453278571 -0.0245484393025339 -0.0000259588217336 -0.0000738431796457 0.9999999969366622 0.0002041473196175
0.9999999717340093 -0.0002377411243184 0.0000033374294370 -0.0440536217620879 0.0002377409232986 0.9999999699334008 0.0000601036670952 -0.0185192844044884 -0.0000033517184501 -0.0000601028719528 0.9999999981882054 0.0005200130572903
0.9999999496129939 -0.0003030596887058 0.0000944925118846 -0.0684919271379165 0.0003030552941995 0.9999999529968161 0.0000465172476833 -0.0112985815660605 -0.0000945066049457 -0.0000464886088834 0.9999999944536554 0.0009798161992438
0.9999999255940383 -0.0003126761218455 0.0002259326466349 -0.1124495173527040 0.0003126560616936 0.9999999471787683 0.0000888180599195 -0.0088078848921291 -0.0002259604059874 -0.0000887474140994 0.9999999705328952 -0.0000333881539545
0.9999999109107757 -0.0002242630923564 0.0003576094324000 -0.1983490272732116 0.0002242319304423 0.9999999710600853 0.0000871772323143 0.0028644239097479 -0.0003576289726865 -0.0000870970370944 0.9999999322578097 0.0030673517141076
0.9999998288988415 -0.0002124522471781 0.0005450379163612 -0.2799801361048968 0.0002124002370866 0.9999999728847748 0.0000954808302272 -0.0026846263720116 -0.0005450581866993 -0.0000953650477077 0.9999998469085287 0.0026991215980015
0.9999996080181235 -0.0003378537884560 0.0008184243502113 -0.3499971581635451 0.0003377686745808 0.9999999375342946 0.0001041332288679 -0.0042264069240406 -0.0008184594808938 -0.0001038567499416 0.9999996596688689 0.0038250313930089
0.9999993981384909 -0.0005741438480564 0.0009349232576153 -0.4110083674486504 0.0005741054530329 0.9999998343471421 0.0000413354214287 -0.0038998698401485 -0.0009349468352205 -0.0000407986520102 0.9999995621048468 0.0046129855524712
0.9999992269156515 -0.0004541471919000 0.0011575484557725 -0.4777325531340176 0.0004540889097437 0.9999998956208401 0.0000506119649470 0.0018860726992654 -0.0011575713202303 -0.0000500862959034 0.9999993287597755 0.0032239663765030
0.9999989987278582 -0.0004862791140615 0.0013289378857911 -0.5639015265586732 0.0004861258416263 0.9999998751527720 0.0001156551186695 0.0087717535376230 -0.0013289939605456 -0.0001150089718191 0.9999991102735988 0.0055318389557170
0.9999983157484316 -0.0006932814992004 0.0016993707844550 -0.6698334728299764 0.0006929739410745 0.9999997434104809 0.0001815656609110 0.0235359785284149 -0.0016994962245279 -0.0001803877354389 0.9999985395853574 0.0047715931057788
0.9999979313383588 -0.0009204115645689 0.0018138802481923 -0.7813148630663991 0.0009200252716962 0.9999995539240323 0.0002137878289362 0.0302173262596184 -0.0018140762118540 -0.0002121185710134 0.9999983320652137 0.0085169935182982
0.9999965029236015 -0.0016337088676784 0.0020796961083531 -0.8941042778721520 0.0016330675667365 0.9999986184868849 0.0003100236188726 0.0258741940699609 -0.0020801997235610 -0.0003066262504331 0.9999977893722829 0.0109060531553259
0.9999966223511336 -0.0013802003612435 0.0022023472222003 -0.9937202478555804 0.0013795045502297 0.9999989981026839 0.0003174284552617 0.0087131422556067 -0.0022027831305431 -0.0003143892350856 0.9999975244498801 0.0155144140735909
0.9999953007674159 -0.0010548842253529 0.0028784826482603 -1.1597203889792007 0.0010538705581294 0.9999993821449985 0.0003536473778929 0.0100213299055866 -0.0028788539268156 -0.0003506121679066 0.9999957946267453 0.0140245381341317
0.9999951258821149 -0.0008491469338218 0.0030045235059664 -1.2929173544856944 0.0008481722510639 0.9999995872731762 0.0003256644129501 0.0115175232323595 -0.0030047988028567 -0.0003231144721579 0.9999954333801692 0.0163835541582158
0.9999937583111470 -0.0010425923366432 0.0033758465555952 -1.4861771913614537 0.0010412123534165 0.9999993736777288 0.0004105130753431 0.0099547940132238 -0.0033762724390137 -0.0004069955399112 0.9999942175528057 0.0228417344610316
0.9999932917282448 0.0000491194909872 0.0036625245098341 -1.6359538912821550 -0.0000505047276186 0.9999999272344130 0.0003781275463184 0.0051096402744455 -0.0036625056698958 -0.0003783099845388 0.9999932214439123 0.0243865733771744
0.9999928504494866 0.0008619256205221 0.0036818655781202 -1.8298247092417346 -0.0008631992340652 0.9999995681583667 0.0003443401843531 0.0059501288961015 -0.0036815671925103 -0.0003475159060225 0.9999931626244762 0.0286583505054046
0.9999910427334594 0.0016365715294665 0.0039033429874180 -2.0242197466275949 -0.0016389779477844 0.9999984687552262 0.0006133828246275 0.0149843289123124 -0.0039023331655770 -0.0006197748234730 0.9999921938070482 0.0337100337756848
0.9999910808460525 0.0016602146085645 0.0038835442313960 -2.2554012635325713 -0.0016638197910096 0.9999981877821382 0.0009252762519837 0.0208968903903253 -0.0038820010364173 -0.0009317295170539 0.9999920309422772 0.0444613614508057
0.9999881949224233 0.0030081237535583 0.0038159149986367 -2.4310134955005789 -0.0030120536943144 0.9999949388989081 0.0010245531277179 0.0245939834792327 -0.0038128137033049 -0.0010360347736576 0.9999921945113430 0.0525026808635171
0.9999828770806085 0.0041477047640147 0.0041282067267851 -2.6676687942344626 -0.0041523725548934 0.9999907485423184 0.0011227786688116 0.0269242106878683 -0.0041235115804217 -0.0011399012958761 0.9999908485967668 0.0531284220170696
0.9999737580494157 0.0056851462711263 0.0044902476996917 -2.8978789274110213 -0.0056914765817850 0.9999828258157305 0.0013982731869263 0.0307726860500524 -0.0044822211957556 -0.0014237926331397 0.9999889411926964 0.0575220463191289
0.9999649183417774 0.0069943649163577 0.0046087899864688 -3.1408052019423085 -0.0070025991850577 0.9999739098107440 0.0017729361149138 0.0409748235291504 -0.0045962691801047 -0.0018051474263783 0.9999878078018717 0.0686245223685211
0.9999498491431172 0.0086371848883124 0.0050693427446003 -3.3898389218756737 -0.0086481412745231 0.9999603070070178 0.0021433765246991 0.0437698804838792 -0.0050506287878852 -0.0021871094247541 0.9999848537359010 0.0767495752301554
0.9999300025448096 0.0102063893927585 0.0059849499831331 -3.6484024564205839 -0.0102216126804302 0.9999445862433836 0.0025185465570051 0.0497630149170929 -0.0059589130677068 -0.0025795461057947 0.9999789184262534 0.0839528159193696
0.9999078622271890 0.0118939534160823 0.0065422418473215 -3.9182527567305954 -0.0119111958396343 0.9999256713154675 0.0026029325733566 0.0533111954774459 -0.0065107964123184 -0.0026806186688203 0.9999752115995825 0.0936766620111093
0.9998836353513748 0.0133700544207175 0.0073455701824916 -4.2118187966456517 -0.0133883669835324 0.9999073714647319 0.0024495142385938 0.0511950611829250 -0.0073121396344105 -0.0025475743910367 0.9999700207899680 0.1035313804804232
0.9998585873649934 0.0146217181105007 0.0083072638080629 -4.5334470484526843 -0.0146380744989723 0.9998910304497127 0.0019115441857942 0.0513977803907762 -0.0082784085090211 -0.0020328762157990 0.9999636670233819 0.1098824370050245
0.9998204257418802 0.0166374877721118 0.0090725007554741 -4.8164041822674060 -0.0166522853880199 0.9998601273228711 0.0015579413493469 0.0542554060840182 -0.0090453115303557 -0.0017087394549480 0.9999576303768045 0.1080632888960663
0.9997813905617938 0.0182485942189770 0.0102058755311387 -5.1322839006812888 -0.0182662936601478 0.9998318062128464 0.0016437156318765 0.0760279039185141 -0.0101741634667043 -0.0018297798196363 0.9999465677242781 0.1083757224339124
0.9997375586144895 0.0200455114647918 0.0110901472332410 -5.4579393331841954 -0.0200694161876738 0.9997964905746132 0.0020484063496453 0.0849876490928109 -0.0110468289307838 -0.0022704415434513 0.9999364043106800 0.1165328161099964
0.9996998974171201 0.0214564258780728 0.0118210360264428 -5.8041936394729072 -0.0214874893314097 0.9997659737737474 0.0025070872468211 0.1058427067656890 -0.0117644764623099 -0.0027603392489672 0.9999269861448876 0.1361243907989518
0.9996559078242798 0.0230867833850006 0.0124525653962965 -6.1358919279104889 -0.0231246654242807 0.9997283634938586 0.0029067292454400 0.1150687315158094 -0.0123820757964914 -0.0031936904711130 0.9999182389276359 0.1471352490907140
0.9995973310728334 0.0256481181919510 0.0121387703364044 -6.4689435144043284 -0.0256833351146407 0.9996663345986809 0.0027542271923835 0.1176786951147999 -0.0120640793041708 -0.0030648822571043 0.9999225292427872 0.1563240926863606
0.9995530127192280 0.0274061172021925 0.0119448526074843 -6.8512356686819320 -0.0274365176898192 0.9996206939984452 0.0023886454577902 0.1234747660446983 -0.0118748583558319 -0.0027153029235198 0.9999258046820586 0.1597494021428589
0.9995138414693984 0.0289994880803235 0.0114503450675350 -7.2237313031560113 -0.0290236150609029 0.9995768308330414 0.0019465432360729 0.1324944124410233 -0.0113890508771791 -0.0022779273150281 0.9999325480087466 0.1721465995062635
0.9994395258521327 0.0313595969542289 0.0117136605436774 -7.5796161837929601 -0.0313805458176315 0.9995062145238723 0.0016088730050467 0.1350315388410651 -0.0116574228992398 -0.0019755523347033 0.9999300983990437 0.1764781117405266
0.9993797191030495 0.0333465717388525 0.0113218019226382 -7.9812962887423353 -0.0333623969845524 0.9994425857254312 0.0012117367326214 0.1520014194475456 -0.0112750837227498 -0.0015887075657975 0.9999351721463324 0.1873713607211737
0.9993194334854140 0.0351214321176556 0.0112762965727273 -8.3696014611322731 -0.0351392034725003 0.9993814723653959 0.0013816917498770 0.1754061555560071 -0.0112207948786803 -0.0017769914964239 0.9999354659494343 0.1900078189844806
0.9992615115648571 0.0366949387656586 0.0113979372739746 -8.7871963290418069 -0.0367163599807765 0.9993243220455661 0.0016757917328028 0.2087438374546539 -0.0113287428640133 -0.0020930449479780 0.9999336371719709 0.2040969070016051
0.9991813169441131 0.0388173751049546 0.0113976865981291 -9.1868557462197060 -0.0388422844391315 0.9992434074266572 0.0019722205538926 0.2251312130010781 -0.0113125067680655 -0.0024133181151352 0.9999330993052974 0.2199956123706899
0.9991298244803098 0.0401456093281620 0.0113103441864403 -9.6184677372001062 -0.0401699511436660 0.9991909916541831 0.0019331896559059 0.2493962062624921 -0.0112235849469162 -0.0023858434149797 0.9999341672790957 0.2382794535104195
0.9990366852502948 0.0423570567271645 0.0114708879131169 -10.0273545666212058 -0.0423805654783369 0.9990998933451480 0.0018140527694066 0.2678158658054098 -0.0113837249545094 -0.0022984479819136 0.9999325616975550 0.2459297641579803
0.9989847587973149 0.0439411638291103 0.0099310529156809 -10.4735280409099403 -0.0439581765063393 0.9990322442308739 0.0015012345789757 0.2716979732711450 -0.0098554760873475 -0.0019362614407376 0.9999495589692137 0.2486417591988780
0.9989048841255823 0.0459449766261700 0.0088369447705420 -10.8888520251782417 -0.0459608050880446 0.9989419682356204 0.0015964000762948 0.3050648526476378 -0.0087542484380833 -0.0020008049294020 0.9999596791440737 0.2594489284019107
0.9989178325593884 0.0455708032406660 0.0092986927497437 -11.3624130197816875 -0.0455887407758052 0.9989588014762428 0.0017261713776085 0.3513388577387071 -0.0092103479483711 -0.0021482190644686 0.9999552763226568 0.2724769518337936
0.9988347748552938 0.0472452008449783 0.0098480219786612 -11.7943756386168221 -0.0472680107681413 0.9988800431422312 0.0020963230183210 0.3728849538300565 -0.0097379514168742 -0.0025593767389608 0.9999493096617001 0.2844035213816591
0.9987791760471467 0.0483727958733221 0.0100114990875760 -12.2704353008094564 -0.0483958015848630 0.9988260949789094 0.0020684240718931 0.3980498452189053 -0.0098996910831193 -0.0025504134136508 0.9999477443886147 0.3007852300210061
0.9987372416567475 0.0492765317677319 0.0097849652434354 -12.7430699587732974 -0.0493012230743903 0.9987813110666123 0.0022982748809272 0.4305978598589746 -0.0096597893993986 -0.0027777834693880 0.9999494849179915 0.3089310148142954
0.9987421323649830 0.0493394852380937 0.0089313064826382 -13.2263372691480718 -0.0493651681314628 0.9987772060236130 0.0026782275888801 0.4549785115041398 -0.0087882429642841 -0.0031157541792259 0.9999565284858614 0.3282288073581413
0.9987501771810693 0.0493038767588321 0.0081982508703095 -13.6949742483802410 -0.0493370696618578 0.9987745828696152 0.0038969437777952 0.4800730835294923 -0.0079960701574974 -0.0042965509628315 0.9999588004072268 0.3435503996092070
0.9987823498781562 0.0487507847633150 0.0075616504037998 -14.1974614582913095 -0.0487838203105873 0.9988003287970594 0.0042475958836017 0.5073307601803212 -0.0073455052768806 -0.0046113099925070 0.9999623889788957 0.3764539806097243
0.9988027240553929 0.0482795492406693 0.0078869223810246 -14.7043614485567904 -0.0483161824239937 0.9988218543969722 0.0045221338950657 0.5191773443094647 -0.0076593038520403 -0.0048977856334603 0.9999586725262154 0.3809311270146540
0.9988326212258480 0.0475886746146493 0.0082893198468031 -15.2168387925585371 -0.0476279180826901 0.9988545415576067 0.0046028500792390 0.5366339478933982 -0.0080607812406820 -0.0049922798563807 0.9999550494635373 0.3949005368549608
0.9988626276595970 0.0468094348691561 0.0090734707910167 -15.7266170911936971 -0.0468525957216907 0.9988912040876424 0.0046039841962882 0.5717292192199050 -0.0088479002653179 -0.0050238634107717 0.9999482363889267 0.4068034068628767
0.9988701469656225 0.0464379067648914 0.0100970449227012 -16.2496381586799465 -0.0464872617548009 0.9989077812989799 0.0047094537782921 0.5940746146087118 -0.0098673195659417 -0.0051735167579220 0.9999379334383405 0.4211340667409739
0.9988760765851700 0.0459994061224909 0.0114297096286704 -16.7835418169240214 -0.0460569659010465 0.9989271635084724 0.0048247172878174 0.6141461025490396 -0.0111955132891446 -0.0053457124217143 0.9999230389589475 0.4354433510687277
0.9988896368939034 0.0456086613590036 0.0118043769427077 -17.3261876247743665 -0.0456706093814866 0.9989438770401698 0.0050324907031954 0.6522198244568218 -0.0115623849049177 -0.0055660158995290 0.9999176619713829 0.4501224635592475
0.9989167752320454 0.0451029970266494 0.0114453405028198 -17.8623442858312984 -0.0451638392361172 0.9989665023670751 0.0051141738283586 0.6865455349393896 -0.0112028472035279 -0.0056255495470720 0.9999214216161327 0.4627254944531349
0.9989368474825960 0.0448635450387494 0.0106036346640602 -18.4139167058393376 -0.0449219079329790 0.9989762752973056 0.0053313770062552 0.6970017483624967 -0.0103535949888776 -0.0058020444395036 0.9999295671951741 0.4886965342889860
0.9989502915011823 0.0446925111925714 0.0100446280670185 -18.9648329724576072 -0.0447475079139867 0.9989841697501154 0.0053187521243545 0.7145841357022920 -0.0097967160411309 -0.0057626410589684 0.9999354060752299 0.5038101206432286
0.9989655451346762 0.0444493098278280 0.0095967957990696 -19.5270609132080892 -0.0444994029448172 0.9989965415469556 0.0050708100710430 0.7458015412874466 -0.0093617718052770 -0.0054926162301358 0.9999410924627582 0.5114095255006366
0.9989761502469762 0.0441647431307504 0.0098044225697255 -20.0930333688467364 -0.0442171678939099 0.9990084293102593 0.0051961746016121 0.7784826785303737 -0.0095652130751328 -0.0056243782983980 0.9999384346386451 0.5290995918054973
0.9989713342620703 0.0438876676690287 0.0114081527528305 -20.6847034733029354 -0.0439525605764719 0.9990184734933159 0.0055010942417494 0.7969242620432786 -0.0111555251526134 -0.0059968529795162 0.9999197927898574 0.5481703285253670
0.9989637336161402 0.0436967017343527 0.0127301679973308 -21.2630133550803286 -0.0437702954521144 0.9990261450136453 0.0055608286441483 0.8182168207628489 -0.0124747807890903 -0.0061122693587562 0.9999035053481662 0.5641861011387600
0.9988901376577510 0.0433901140634568 0.0183245979939379 -21.8669894876071993 -0.0435054991280827 0.9990354958297114 0.0059455544652331 0.8354622281591492 -0.0180489455563370 -0.0067361765002761 0.9998144125238752 0.5883173902629552
0.9984963407049495 0.0428207717661233 0.0342262925859491 -22.4591888280996699 -0.0431052093962692 0.9990415098434262 0.0076159393820476 0.8642194088828348 -0.0338673666193462 -0.0090798191127806 0.9993850901244975 0.6364395725094754
0.9978109411742101 0.0422815569650823 0.0508487523312570 -23.0414429175836943 -0.0428808691395278 0.9990223231498420 0.0107530883996817 0.9016661079908010 -0.0503443813635216 -0.0129099879512408 0.9986484744274249 0.6625068512740739
0.9973380202264164 0.0423113673722459 0.0593853652168885 -23.6259100912855828 -0.0433718038315113 0.9989197086275103 0.0166823963485685 0.9386904995552545 -0.0586153567186389 -0.0192136385575633 0.9980957248932218 0.6817890830577356
0.9975035431280618 0.0425313031140855 0.0563717101246794 -24.2564585664370611 -0.0436853382781381 0.9988569692284731 0.0193996454409305 0.9826750639847966 -0.0554821833248093 -0.0218138322888701 0.9982213602475081 0.7586510943106806
0.9984375575282781 0.0425424960435891 0.0362295424667142 -24.9265426128549379 -0.0432282012428209 0.9988965416013320 0.0183581533441811 1.0122548554365527 -0.0354085630077870 -0.0198956077383802 0.9991748588002223 0.7760044016340759
0.9990319839733063 0.0430368711413166 0.0091061913402463 -25.5990533312894897 -0.0431688754125760 0.9989576675264242 0.0148332965243605 1.0253717290718740 -0.0084583209901819 -0.0152120416950464 0.9998485138227167 0.7839207650697587
0.9990247074642280 0.0419389675077873 -0.0138114764016920 -26.2832628038324714 -0.0417373003441195 0.9990222373576028 0.0145796784942023 1.0493341660937399 0.0144094287186724 -0.0139890053038199 0.9997983177094324 0.7730794864279885
0.9987834563850830 0.0401606866427500 -0.0286133972091689 -26.9528049896014501 -0.0397152925333757 0.9990834386377445 0.0159680361587943 1.0862272288960682 0.0292284585713175 -0.0148122209058268 0.9994630034780586 0.7882974925247246
0.9988104951944206 0.0390639786579517 -0.0291821908171309 -27.6149981419456800 -0.0385198752243038 0.9990775569743831 0.0189803678257959 1.1088316581055702 0.0298967205924064 -0.0178336962380077 0.9993938890028846 0.8204410117245400
0.9990519502679986 0.0378209892199584 -0.0215586047816665 -28.2700578644009148 -0.0374225504922930 0.9991265090430581 0.0185949359257753 1.1391558082632625 0.0222430524065400 -0.0177705290257690 0.9995946453026768 0.8392157634407079
0.9993236979603536 0.0363620518139340 -0.0054724658724184 -28.9546685112221240 -0.0362835252663831 0.9992459314432466 0.0138229623584188 1.1591302069269798 0.0059709705314750 -0.0136150535070305 0.9998894828074315 0.8583240912578536
0.9992733995948361 0.0349515293398376 0.0152007716575711 -29.6583159451366036 -0.0350707736137554 0.9993555513108616 0.0076500262938441 1.1739425979072060 -0.0149235954217427 -0.0081775706031965 0.9998551963353083 0.8358421186127445
0.9990169415182072 0.0327987125618029 0.0298227264664914 -30.3520713048341442 -0.0329499310002891 0.9994464489564966 0.0045932249373636 1.1958863888485729 -0.0296555662006834 -0.0055713663079415 0.9995446499635620 0.8104085694449711
0.9990001954790736 0.0312169648363172 0.0320017271280928 -31.0615063519824695 -0.0313946624871838 0.9994942311541880 0.0050652795396065 1.2144005262305957 -0.0318274189982252 -0.0060648986724165 0.9994749783781507 0.8427659399641723
0.9992202986937521 0.0301442640091994 0.0254974121375586 -31.8230893928403304 -0.0303470051720211 0.9995105136115197 0.0076021350373094 1.2333289835329977 -0.0252557707357775 -0.0083699777407021 0.9996459820942422 0.8979133374639776
0.9994162023841632 0.0299731737415787 0.0163970505846205 -32.5587253841236475 -0.0301105623151264 0.9995129622398740 0.0081970940911556 1.2541321619671737 -0.0161433716764608 -0.0086860330605809 0.9998319580712481 0.9537230635620704
0.9994749709709074 0.0304638484322039 0.0110334192979104 -33.3244719660215409 -0.0305361602214715 0.9995128787686330 0.0064457811449447 1.2875230517311800 -0.0108316813852891 -0.0067793151822001 0.9999183544490160 0.9899302846675391
0.9994486236308978 0.0310918363214044 0.0116510272708840 -34.0724535955958530 -0.0311593833953510 0.9994983942798789 0.0056615067221848 1.3105905514769767 -0.0114691564086209 -0.0060214239268479 0.9999160969327215 0.9864693076640821
0.9993961570162917 0.0315273094003357 0.0146065089272976 -34.8424595681553910 -0.0316122021358950 0.9994844206996448 0.0056179582425262 1.3378055905531594 -0.0144218590059339 -0.0060763097905682 0.9998775367224438 1.0063406838432887
0.9993385969979304 0.0315274487448022 0.0181214934774152 -35.6412100756562111 -0.0316618839291418 0.9994728468571562 0.0071800766924342 1.3574632868222809 -0.0178855711752711 -0.0077490883912594 0.9998100109384976 1.0298670734860313
0.9992981564694865 0.0318728893309171 0.0196802795301475 -36.4251581261791983 -0.0320333357563149 0.9994556437178529 0.0078918718220435 1.3979531162102175 -0.0194180296891531 -0.0085167579648289 0.9997751772057354 1.0722653865842207
0.9992995547528940 0.0316856590858352 0.0199102706903747 -37.2190015189514014 -0.0318542292827332 0.9994588294359166 0.0082070907994504 1.4282549409157976 -0.0196394487567962 -0.0088355685093598 0.9997680854986548 1.0957039760864273
0.9993075259842060 0.0312727259372648 0.0201614762301331 -38.0085182975222367 -0.0314398327949412 0.9994734266677434 0.0080253535040611 1.4397987282061937 -0.0198998850537292 -0.0086536695968666 0.9997645265648090 1.1382007408650257
0.9993322034140478 0.0292732313106553 0.0218683595236818 -38.8447169048412988 -0.0294303773908523 0.9995430239520223 0.0068989967008964 1.4710775601567254 -0.0216564102809341 -0.0075379836481539 0.9997370547780371 1.1718351966161225
0.9993396739660664 0.0277857379731707 0.0234130049904405 -39.6547213706201731 -0.0279434211704743 0.9995887949950140 0.0064347598016964 1.4770915885284446 -0.0232245828958364 -0.0070847502215916 0.9997051690691672 1.1882951455747623
0.9993929492980965 0.0260170893253282 0.0231698933163318 -40.4741333490002617 -0.0261582118207895 0.9996409395478070 0.0058086086386093 1.4891108521757452 -0.0230104508341538 -0.0064111654958919 0.9997146673473353 1.2191474655110848
0.9994887900522519 0.0247647521175413 0.0202204256246580 -41.3094135942782970 -0.0248527186987887 0.9996826718961055 0.0041107035823988 1.5374301534598254 -0.0201122085600878 -0.0046111346998546 0.9997870955876633 1.2539019365486375
0.9995716152742301 0.0232948732217058 0.0177182058812732 -42.1606098265074394 -0.0233502336705765 0.9997230699646797 0.0029240328188016 1.5555520425012668 -0.0176451842040826 -0.0033365044553555 0.9998387446045605 1.2892261938236431
0.9996247187491597 0.0214796755301811 0.0170013295004090 -43.0220199589177739 -0.0215198157526870 0.9997660417735008 0.0021815697369031 1.5801393978543301 -0.0169504924894159 -0.0025466165130830 0.9998530869826334 1.3148558667600487
0.9996534125641889 0.0205635898731438 0.0164375643055936 -43.8826761050174383 -0.0205962245677607 0.9997862213733930 0.0018185393773696 1.5863477709915668 -0.0163966546077472 -0.0021564608602549 0.9998632403455147 1.3453021041031394
0.9996883687181202 0.0188979264101871 0.0163105434335892 -44.7463051120591260 -0.0189291856193082 0.9998192703645339 0.0017642390770058 1.6125604803957108 -0.0162742551747729 -0.0020724345891269 0.9998654177605005 1.3707452479928506
0.9997067654975983 0.0179458269278086 0.0162582383488242 -45.6203629492490208 -0.0179767807104747 0.9998368560433426 0.0017597308463793 1.6142695866922678 -0.0162240060902830 -0.0020514856181157 0.9998662775757272 1.4052286988157479
0.9997141865204245 0.0163940004898009 0.0174006326823522 -46.5357667741271399 -0.0164303991710323 0.9998631086215896 0.0019508973965447 1.6353172017259403 -0.0173662676728846 -0.0022362391445711 0.9998466942394729 1.4446521842798237
0.9997219312019630 0.0150617776425436 0.0181439556895464 -47.4162540984748233 -0.0151031507370893 0.9998836392859578 0.0021453964858050 1.6484344975021510 -0.0181095309610825 -0.0024188308157292 0.9998330831423086 1.4767752175723656
0.9997574844045266 0.0133539816209967 0.0175112407327099 -48.3020092635363198 -0.0133916700958499 0.9999082532076539 0.0020367472258932 1.6645782742234008 -0.0174824354475215 -0.0022707580417883 0.9998445919785429 1.5007902295073545
0.9997949856698110 0.0120164451239816 0.0162969836498941 -49.2143083738170191 -0.0120460884312481 0.9999259604967563 0.0017219983001745 1.6727385985458392 -0.0162750847312427 -0.0019179601720556 0.9998657125063192 1.5410718062554611
0.9998450674732597 0.0101397394363482 0.0143884235952219 -50.1126255598718799 -0.0101597875264778 0.9999475155453899 0.0013209360389873 1.6808667410395444 -0.0143742744794094 -0.0014669147095975 0.9998956087484460 1.5706104231119922
0.9998787027280166 0.0083819211047954 0.0131271942749280 -51.0116993836545731 -0.0083922491865485 0.9999645166223825 0.0007318809710186 1.6921785726091458 -0.0131205939091793 -0.0008419588813289 0.9999135668250094 1.5999017696109159
0.9998946262790371 0.0064866485613732 0.0129869060497813 -51.9096551562804152 -0.0064982063854844 0.9999785269085540 0.0008479596510722 1.6951406498044785 -0.0129811267645094 -0.0009322618942289 0.9999153070313926 1.6265384592407193
0.9999076667661744 0.0044639160144466 0.0128347729251859 -52.7779049367022850 -0.0044764783847147 0.9999895290622697 0.0009502142344353 1.7060630283757581 -0.0128303968565395 -0.0010075810816546 0.9999171794188094 1.6695076157862105
0.9999149630602409 0.0024159424128269 0.0128152202671310 -53.6621644415681800 -0.0024358876943465 0.9999958458857306 0.0015409939722994 1.7157972967426156 -0.0128114440785461 -0.0015720793682368 0.9999166942636183 1.6917848186949493
0.9999484720913202 0.0007474390062142 0.0101239565964158 -54.5394594450495092 -0.0007668086018305 0.9999978829104166 0.0019094971204122 1.7140329975037221 -0.0101225079304627 -0.0019171618650216 0.9999469282534854 1.7326028887326770
0.9999363621306359 -0.0012488087085483 0.0112121436736813 -55.4217154621210355 0.0012346908569466 0.9999984364015193 0.0012659909179615 1.7017382030699408 -0.0112137071228738 -0.0012520668217161 0.9999363405243538 1.7784892398432182
0.9998643359769509 -0.0027457840592566 0.0162410070891826 -56.2793241961523094 0.0027380943542125 0.9999961285569258 0.0004956919080702 1.6694988617824533 -0.0162423052759876 -0.0004511552506941 0.9998679832749229 1.8041844335409536
0.9997301237314439 -0.0051898236173695 0.0226438829429188 -57.1484478982094330 0.0051844064783865 0.9999865164924492 0.0002979308031737 1.6804926689424495 -0.0226451238322709 -0.0001804553052951 0.9997435500179553 1.8286403652920920
0.9997011579159879 -0.0074071661077727 0.0232965394787482 -58.0026899875193891 0.0073899281828611 0.9999723530095113 0.0008259407203849 1.6746807158500840 -0.0233020132796539 -0.0006535341408816 0.9997282576131583 1.8663702733951477
0.9997745097825309 -0.0090278506035092 0.0192204969389619 -58.8646921747670788 0.0090204354713265 0.9999592034322482 0.0004724564015636 1.6777238361672977 -0.0192239780744663 -0.0002989726149021 0.9998151575578198 1.9087592354951299
0.9998345290357994 -0.0105438122601784 0.0148237164970001 -59.7400042710802097 0.0105508211884068 0.9999442606424205 -0.0003946904270779 1.6632719439278576 -0.0148187286908016 0.0005510274993798 0.9998900447792664 1.9455825261624500
0.9998168471213766 -0.0126566414538487 0.0143555438551951 -60.6004636276808313 0.0126730886824109 0.9999191363003694 -0.0010553120727875 1.6504832811315986 -0.0143410263062816 0.0012370478697047 0.9998963969717316 1.9715814009676647
0.9997524572938221 -0.0141335357155260 0.0171833437707110 -61.4668421758470558 0.0141534680415030 0.9998992949268428 -0.0010389163589207 1.6323621097999175 -0.0171669297593553 0.0012818630896587 0.9998518156955343 2.0128958754040491
0.9996730066070120 -0.0153496727072825 0.0204515869574043 -62.3183980910715363 0.0153659148651059 0.9998817342876687 -0.0006372583794698 1.6176897986560543 -0.0204393865283496 0.0009513073442338 0.9997906413308146 2.0482537404649745
0.9996371024196434 -0.0163417115150838 0.0214152266113902 -63.1584679073987587 0.0163674074831182 0.9998655194726878 -0.0010251545707247 1.6068226278328570 -0.0213955939001698 0.0013752942849034 0.9997701421463280 2.0937105971583230
