1.0000000000000000 0.0000000000000357 -0.0000000000000705 -0.0000000000000100 -0.0000000000000357 1.0000000000000000 0.0000000000000041 0.0000000000000126 0.0000000000000705 -0.0000000000000041 1.0000000000000000 -0.0000000000000216
0.9999999985933385 -0.0000142784551972 0.0000510827624809 -0.0004054804551628 0.0000142795980509 0.9999999996477867 -0.0000223722955511 -0.0013446019698686 -0.0000510824430210 0.0000223730249610 0.9999999984450159 -0.0013187836423993
0.9999999981441221 0.0000391747196066 0.0000466593734871 -0.0026561911262845 -0.0000391732509620 0.9999999987373471 -0.0000314763729711 -0.0006346343748406 -0.0000466606065063 0.0000314745451134 0.9999999984160705 -0.0010476670181447
0.9999999999907483 -0.0000027688281886 0.0000032919764880 -0.0014422154861708 0.0000027688881484 0.9999999998302906 -0.0000182140579627 -0.0038614471245163 -0.0000032919260559 0.0000182140670777 0.9999999998287055 -0.0004141632595292
0.9999999994870554 0.0000182214855905 0.0000263413474766 0.0000271995755618 -0.0000182210037931 0.9999999996667234 -0.0000182906603867 -0.0017798071217980 -0.0000263416807508 0.0000182901804115 0.9999999994857925 -0.0011717986603166
0.9999999984989004 -0.0000305365756156 0.0000454941394441 -0.0013659985893218 0.0000305381177179 0.9999999989592282 -0.0000338964144260 0.0009218600985073 -0.0000454931043164 0.0000338978036805 0.9999999983906582 -0.0009900626910552
0.9999999993406889 0.0000044240052413 0.0000360423394987 -0.0006390586078219 -0.0000044235262204 0.9999999999018965 -0.0000132905762474 -0.0035141792536929 -0.0000360423982927 0.0000132904168044 0.9999999992621552 -0.0007392987349611
0.9999999989123046 -0.0000318202582627 0.0000341007597396 -0.0027340178280018 0.0000318206894269 0.9999999994137946 -0.0000126433619800 -0.0039161206230899 -0.0000341003574046 0.0000126444470759 0.9999999993386418 -0.0005485914070962
0.9999999985277066 0.0000016620679468 0.0000542385875189 -0.0027537308670982 -0.0000016617234916 0.9999999999784531 -0.0000063507839006 -0.0029604299383712 -0.0000542385980732 0.0000063506937617 0.9999999985089216 -0.0010347891406624
0.9999999992679179 -0.0000318692572815 0.0000211781645439 -0.0003842013249400 0.0000318699173797 0.9999999990063945 -0.0000311692076965 0.0011822301024387 -0.0000211771711833 0.0000311698826200 0.9999999992899830 -0.0010273420307852
0.9999999990063315 -0.0000081597260785 0.0000438264277871 -0.0024987059957137 0.0000081602486706 0.9999999998956147 -0.0000119239656519 -0.0023946699884887 -0.0000438263304862 0.0000119243232746 0.9999999989685316 -0.0009453043313659
0.9999999989578672 0.0000096823198779 0.0000446152241691 -0.0013714774610664 -0.0000096817866819 0.9999999998817161 -0.0000119511882647 -0.0036307680684787 -0.0000446153398791 0.0000119507562972 0.9999999989333255 -0.0006266450333282
0.9999999984551298 -0.0000325823503712 0.0000450347731786 -0.0019174305921559 0.0000325830997060 0.9999999993307528 -0.0000166383933278 -0.0010754864446923 -0.0000450342310305 0.0000166398606746 0.9999999988475166 -0.0007039972870167
0.9999999984466239 -0.0000264032326660 0.0000490878957178 -0.0016134582547850 0.0000264041070607 0.9999999994927730 -0.0000178122744845 -0.0007416525437348 -0.0000490874253913 0.0000178135705789 0.9999999986365506 -0.0009447022627800
0.9999999972026555 -0.0000151253706891 0.0000732523864514 -0.0020965451792501 0.0000151275070328 0.9999999994603190 -0.0000291636844411 -0.0009506587155459 -0.0000732519453003 0.0000291647924855 0.9999999968917836 -0.0012559619616637
0.9999999989108498 -0.0000009607791788 0.0000466623764642 -0.0004198353714667 0.0000009618619019 0.9999999997303403 -0.0000232033246632 0.0001065958454142 -0.0000466623541583 0.0000232033695207 0.9999999986421142 -0.0009528256951923
0.9999999978120919 -0.0000416986731481 0.0000513520863683 -0.0010898941560172 0.0000416998975305 0.9999999988463375 -0.0000238420546214 0.0004083670566383 -0.0000513510921271 0.0000238441959459 0.9999999983972598 -0.0009536158595994
0.9999999989599277 -0.0000130771572597 0.0000436936203973 -0.0003014522315638 0.0000130781572316 0.9999999996526013 -0.0000228857861360 0.0006032509155800 -0.0000436933211011 0.0000228863575443 0.9999999987835542 -0.0010185146026702
0.9999999996094959 -0.0000239821466438 0.0000143479854398 -0.0000817425961026 0.0000239825322704 0.9999999993512287 -0.0000268771409959 0.0008882709713768 -0.0000143473408589 0.0000268774850864 0.9999999995358773 -0.0005130884261456
0.9999999986528660 -0.0000286301452110 0.0000432964517648 -0.0012335930671740 0.0000286310024696 0.9999999993941276 -0.0000197992531624 0.0001468783220246 -0.0000432958848831 0.0000198004927565 0.9999999988667034 -0.0014313800319766
0.9999999989074942 -0.0000171663779341 0.0000434778904724 -0.0008258046464066 0.0000171677506967 0.9999999993541870 -0.0000315736316411 -0.0006327457808700 -0.0000434773484394 0.0000315743780242 0.9999999985563894 -0.0010268886411844
0.9999999993004722 -0.0000231390978117 0.0000293877143694 -0.0004919331160518 0.0000231399418554 0.9999999993198250 -0.0000287209539250 0.0004653369335274 -0.0000293870497725 0.0000287216339349 0.9999999991557346 -0.0008291571208147
0.9999999993161950 -0.0000141352157141 0.0000341731715989 0.0004913543970907 0.0000141358486996 0.9999999997285435 -0.0000185227100156 0.0000761435144069 -0.0000341729097671 0.0000185231930698 0.9999999992445517 -0.0010375647821063
0.9999999986755416 0.0000119143218388 0.0000500696100002 -0.0017679677651908 -0.0000119130815299 0.9999999996222153 -0.0000247719158873 -0.0038025092065304 -0.0000500699051219 0.0000247713193711 0.9999999984396931 -0.0009899553877468
0.9999999993438645 0.0000048828443013 0.0000358946896772 -0.0014811202949747 -0.0000048816620263 0.9999999994456507 -0.0000329373362408 -0.0002422593785480 -0.0000358948504852 0.0000329371609934 0.9999999988133516 -0.0010881870370264
0.9999999989343561 -0.0000260484029631 0.0000381152010238 -0.0007192083202456 0.0000260495162354 0.9999999992341611 -0.0000292078869986 0.0009276729188328 -0.0000381144401758 0.0000292088798501 0.9999999988470654 -0.0009335485949053
0.9999999981177924 -0.0000414916539904 0.0000451979853588 -0.0007928427378047 0.0000414929948124 0.9999999986991598 -0.0000296649923245 -0.0001290925969160 -0.0000451967544504 0.0000296668676684 0.9999999985385651 -0.0012202405704611
0.9999999983031467 -0.0000143848201717 0.0000564516031538 -0.0018003691481600 0.0000143862519802 0.9999999995748733 -0.0000253631452648 -0.0011522315426457 -0.0000564512382855 0.0000253639573488 0.9999999980849636 -0.0011084351739458
0.9999999987408543 -0.0000044679496209 0.0000499832840319 -0.0025055685349409 0.0000044686425476 0.9999999998939233 -0.0000138630662888 -0.0027642070476133 -0.0000499832220871 0.0000138632896288 0.9999999986547433 -0.0011664448915613
0.9999999991275210 -0.0000131875767154 0.0000396364204569 -0.0002563549706304 0.0000131883927794 0.9999999997010889 -0.0000205885507703 -0.0017512634848364 -0.0000396361489320 0.0000205890734930 0.9999999990025329 -0.0010690532917693
0.9999999984279052 -0.0000382537806154 0.0000409980233041 -0.0012126406356795 0.0000382546602964 0.9999999990381083 -0.0000214560997439 0.0007196758640706 -0.0000409972024877 0.0000214576680756 0.9999999989293989 -0.0012389113622214
0.9999999994201727 -0.0000283619696440 0.0000188481619271 0.0003460503485068 0.0000283624568744 0.9999999992636608 -0.0000258505218970 0.0005733246139292 -0.0000188474287415 0.0000258510564622 0.9999999994882487 -0.0009483311698216
0.9999999993346842 -0.0000276846801600 0.0000237526838988 -0.0007383626249887 0.0000276849645062 0.9999999995451204 -0.0000119708762799 -0.0004220270908756 -0.0000237523524781 0.0000119715338642 0.9999999996462541 -0.0007323468681383
0.9999999998248096 -0.0000030351303457 0.0000184707560927 -0.0016480120853709 0.0000030354109883 0.9999999998799661 -0.0000151938796995 -0.0039959924981939 -0.0000184707099751 0.0000151939357632 0.9999999997139886 -0.0004844145249643
0.9999999994081896 -0.0000229748385738 0.0000256081537283 0.0000438136743008 0.0000229751354285 0.9999999996688848 -0.0000115919607061 -0.0026308214169823 -0.0000256078873964 0.0000115925490501 0.9999999996049245 -0.0007187694613718
0.9999999990894072 -0.0000358593337621 0.0000231364171922 0.0006945525739045 0.0000358598365469 0.9999999991209121 -0.0000217312661919 -0.0015114798034248 -0.0000231356379031 0.0000217320958403 0.9999999994962291 -0.0007645032391732
0.9999999996875235 -0.0000246726762698 0.0000040264216589 0.0006621671291460 0.0000246727275809 0.9999999996144231 -0.0000127440273754 -0.0008681340372507 -0.0000040261072281 0.0000127441267143 0.9999999999106889 -0.0007032669998646
0.9999999989682412 -0.0000436971382707 0.0000124128007957 0.0003438115245612 0.0000436973382914 0.9999999989154368 -0.0000161142495933 -0.0006384059111638 -0.0000124120966357 0.0000161147919830 0.9999999997931267 -0.0006148242897356
0.9999999995082578 -0.0000244079830443 0.0000196909809272 0.0000822293619756 0.0000244082705842 0.9999999995955015 -0.0000146025104361 -0.0034004974856309 -0.0000196906245015 0.0000146029910517 0.9999999996995160 -0.0007402180592966
0.9999999992320716 0.0000004088777392 0.0000391878742453 -0.0017043478402841 -0.0000004081449315 0.9999999998250743 -0.0000186998644406 -0.0033494218768155 -0.0000391878818844 0.0000186998484319 0.9999999990573127 -0.0010272752674687
0.9999999996303913 -0.0000162894286608 0.0000217686001290 -0.0014605034717906 0.0000162898938492 0.9999999996389878 -0.0000213696920891 -0.0021621689112676 -0.0000217682520210 0.0000213700466894 0.9999999995347322 -0.0008329896175946
0.9999999996486055 -0.0000207783204765 0.0000164636084866 0.0007795548448747 0.0000207785683950 0.9999999996707456 -0.0000150585454800 -0.0002559239664435 -0.0000164632955899 0.0000150588875649 0.9999999997510949 -0.0004745167108363
0.9999999993375164 -0.0000333214256414 0.0000146509344598 -0.0004968811130124 0.0000333216905727 0.9999999992813345 -0.0000180830280178 -0.0030696462346339 -0.0000146503318970 0.0000180835161997 0.9999999997291771 -0.0005548162958265
0.9999999999956386 0.0000026932626720 0.0000012120881032 0.0036794737017797 -0.0000026932579435 0.9999999999887639 -0.0000039011044483 -0.0036986523684032 -0.0000012120986099 0.0000039011011838 0.9999999999916561 -0.0005671866777819
0.9999999957204657 -0.0000028334763048 -0.0000924718329873 0.0218245535486404 0.0000028344505854 0.9999999999404809 0.0000105358424702 -0.0077272948925349 0.0000924718031287 -0.0000105361045320 0.9999999956689780 0.0007895135307276
0.9999999946292524 -0.0000282232663125 -0.0000997243322307 0.0304239424069716 0.0000282270174604 0.9999999988942126 0.0000376139640640 -0.0071072976408925 0.0000997232705315 -0.0000376167787824 0.9999999943201237 0.0006456038358923
0.9999999941402092 -0.0000829911082283 -0.0000695130022426 0.0197353857225263 0.0000829918517608 0.9999999964990008 0.0000106934921022 -0.0059252020119130 0.0000695121145345 -0.0000106992610524 0.9999999975267959 -0.0000515689378073
0.9999999989665097 -0.0000147182623769 -0.0000430157333965 0.0098292977028146 0.0000147184082361 0.9999999998859365 0.0000033905190785 -0.0060810284273623 0.0000430156834891 -0.0000033911521981 0.9999999990690756 0.0003948290462983
0.9999999991203820 -0.0000293208722911 -0.0000299920396271 -0.0024308462332730 0.0000293211878276 0.9999999995147958 0.0000105202887156 -0.0085498919787648 0.0000299917311485 -0.0000105211681086 0.9999999994949006 0.0002772142742121
0.9999999997773624 0.0000044069805705 0.0000206362209971 -0.0140252870369124 -0.0000044070800375 0.9999999999786727 0.0000048199735647 -0.0156608291793655 -0.0000206361997551 -0.0000048200645091 0.9999999997754572 -0.0003676125528306
0.9999999936205775 -0.0001092102044218 0.0000288440000502 -0.0262243731989847 0.0001092094144687 0.9999999936616214 0.0000273872395280 -0.0154902197190418 -0.0000288469908334 -0.0000273840893169 0.9999999992089814 -0.0005693533173008
0.9999999935671526 -0.0001130106458452 -0.0000097102344570 -0.0306901728154280 0.0001130113898969 0.9999999906758993 0.0000766591623463 -0.0244907186499324 0.0000097015710650 -0.0000766602592203 0.9999999970145421 0.0006517548999152
0.9999999633098504 -0.0002687726381673 -0.0000337870802101 -0.0418904859437871 0.0002687747678342 0.9999999618928350 0.0000630432601653 -0.0184686243354387 0.0000337701346192 -0.0000630523389669 0.9999999974419903 0.0009862310595100
0.9999999423643691 -0.0003348825092876 0.0000559013729280 -0.0662353679609805 0.0003348797373850 0.9999999426983147 0.0000495875878470 -0.0112553983356593 -0.0000559179757406 -0.0000495688647519 0.9999999972080538 0.0014641360310507
0.9999999231152705 -0.0003452874285553 0.0001858656630324 -0.1100993338250864 0.0003452703295123 0.9999999361602646 0.0000920210095723 -0.0087728234056182 -0.0001858974248645 -0.0000919568285986 0.9999999784930443 0.0004682581543712
0.9999999168597401 -0.0002576697422361 0.0003160487569116 -0.1959056841122273 0.0002576411467577 0.9999999627139969 0.0000905154366370 0.0028899740736321 -0.0003160720682166 -0.0000904340019474 0.9999999459600680 0.0035845498133163
0.9999998435976205 -0.0002466431307824 0.0005019680274834 -0.2774429277153828 0.0002465934882379 0.9999999646997477 0.0000989553179448 -0.0026685243087193 -0.0005019924164132 -0.0000988315204210 0.9999998691179637 0.0032319765107879
0.9999996310944497 -0.0003728227168592 0.0007738308512591 -0.3473662810459006 0.0003727394482897 0.9999999247279328 0.0001077470765534 -0.0042194146933204 -0.0007738709635691 -0.0001074585995204 0.9999996947881440 0.0043739071529318
0.9999994190372780 -0.0006098902959225 0.0008887963397624 -0.4082838724220990 0.0006098504660888 0.9999998130249235 0.0000450835562592 -0.0039017279861825 -0.0008888236696031 -0.0000445414972052 0.9999996040041913 0.0051781707331895
0.9999992637114061 -0.0004906688445342 0.0011098741958402 -0.4749145364206632 0.0004906086584505 0.9999998781664696 0.0000544994501077 0.0018751047635108 -0.0011099008018025 -0.0000539548960901 0.9999993826043491 0.0038050836091362
0.9999990441242963 -0.0005235738558231 0.0012796956322217 -0.5609902068882380 0.0005234211243326 0.9999998558532800 0.0001196818529962 0.0087509279562505 -0.0012797581100470 -0.0001190119188686 0.9999991740273304 0.0061278532242511
0.9999983737143465 -0.0007313558031786 0.0016485409765483 -0.6668290019443260 0.0007310505803091 0.9999997155323913 0.0001857422557003 0.0235044794128730 -0.0016486763512684 -0.0001845367867928 0.9999986239052847 0.0053813643461710
0.9999979885682919 -0.0009592657429581 0.0017614393559209 -0.7782171724919477 0.0009588830266042 0.9999995164863447 0.0002181064379318 0.0301748778164392 -0.0017616477262752 -0.0002164169849248 0.9999984248792481 0.0091401032356266
0.9999965484173128 -0.0016733277372884 0.0020256178673626 -0.8909128792864767 0.0016726940510627 0.9999985515943626 0.0003144897270528 0.0258206531135161 -0.0020261411778296 -0.0003111004026091 0.9999978989820264 0.0115422994518503
0.9999966870199244 -0.0014205657210145 0.0021466117971575 -0.9904347538048507 0.0014198776381115 0.9999989401203386 0.0003220336818951 0.0086489541537668 -0.0021470669920168 -0.0003189846889154 0.9999976441732751 0.0161643819496644
0.9999954202123202 -0.0010959844731529 0.0028210587408916 -1.1563412001603586 0.0010949776513357 0.9999993362811729 0.0003584147831526 0.0099437125089275 -0.0028214496855391 -0.0003553241454146 0.9999959565750371 0.0146842825040550
0.9999952654180490 -0.0008909781444234 0.0029453861261221 -1.2894446981337331 0.0008900082933390 0.9999995493034637 0.0003305723932870 0.0114277207585917 -0.0029456793314244 -0.0003279494100855 0.9999956077015842 0.0170546773676691
0.9999939167836065 -0.0010851333368852 0.0033149481779779 -1.4826111868102951 0.0010837615978997 0.9999993263799873 0.0004155723408892 0.0098502155320818 -0.0033153968963635 -0.0004119771993384 0.9999944191935307 0.0235204716779327
0.9999935205372298 0.0000058765264185 0.0035998401385981 -1.6322941100361448 -0.0000072565144586 0.9999999265011554 0.0003833340927742 0.0049919751723274 -0.0035998376213411 -0.0003833577312672 0.9999934470815045 0.0250752488804272
0.9999931227939255 0.0008179927527306 0.0036173543798574 -1.8260715674393795 -0.0008192629900083 0.9999996032648752 0.0003496830641667 0.0058173783867770 -0.0036170669065136 -0.0003526442238894 0.9999933962127175 0.0293539054846071
0.9999913716810944 0.0015919734110970 0.0038369498330990 -2.0203736631157687 -0.0015943594246091 0.9999985375059726 0.0006188731219911 0.0148363411047072 -0.0038359589920277 -0.0006249852592845 0.9999924473774975 0.0344120376764598
0.9999914179831987 0.0016149649863454 0.0038152127128819 -2.2514624927384399 -0.0016185276626601 0.9999982568903888 0.0009309051451139 0.0207319212063525 -0.0038137026833329 -0.0009370721833850 0.9999922887540514 0.0451670250772001
0.9999885977576515 0.0029622177649601 0.0037456135143521 -2.4269817768189981 -0.0029660961614241 0.9999950703453881 0.0010303196025052 0.0244143818892030 -0.0037425430187410 -0.0010414177044185 0.9999924543819907 0.0532153658265821
0.9999833649611692 0.0041006079236691 0.0040564535734350 -2.6635174720811499 -0.0041052173096295 0.9999909366443919 0.0011286363065501 0.0267430828248983 -0.0040517887133722 -0.0011452701550666 0.9999911356429586 0.0538313759453662
0.9999743576524270 0.0056368461423969 0.0044170129253786 -2.8936083472706811 -0.0056430980153986 0.9999830916553694 0.0014042251093729 0.0305900735839946 -0.0044090228401110 -0.0014291147386178 0.9999892590166453 0.0582153805915598
0.9999656052937607 0.0069448348089057 0.0045340378207377 -3.1364161733230520 -0.0069529610145529 0.9999742454660927 0.0017789709521910 0.0407898676623920 -0.0045215663893141 -0.0018104347532137 0.9999881388113518 0.0693069323327028
0.9999506704011922 0.0085863996871799 0.0049930456254829 -3.3853308840145413 -0.0085972192311118 0.9999607329398486 0.0021495115475435 0.0435819552610093 -0.0049743929979806 -0.0021923318208745 0.9999852244385858 0.0774202837376594
0.9999309957129674 0.0101543199487955 0.0059070803999106 -3.6437755179418199 -0.0101693784739662 0.9999451030396282 0.0025248066302983 0.0495713094573483 -0.0058811184248191 -0.0025847037440797 0.9999793656634264 0.0846106986113892
0.9999090171867100 0.0118401880748985 0.0064627621849138 -3.9135075041236749 -0.0118572580720704 0.9999262955420131 0.0026093897062367 0.0531187741413019 -0.0064313901856474 -0.0026857829357052 0.9999757116001879 0.0943208783540565
0.9998849633440785 0.0133150234580866 0.0072643119922883 -4.2068906398622996 -0.0133331750000312 0.9999080929182437 0.0024560458097392 0.0509976710196010 -0.0072309420430013 -0.0025526196174904 0.9999705983729017 0.1041749451667993
0.9998601026174451 0.0145649813301463 0.0082241420637464 -4.5283363449233027 -0.0145812219424386 0.9998918482923332 0.0019182505589991 0.0511973548686172 -0.0081953133251598 -0.0020379002414844 0.9999643412652814 0.1105229536123710
0.9998221652610896 0.0165790136418576 0.0089874445361067 -4.8111104173394210 -0.0165937252878112 0.9998610901686829 0.0015648155692520 0.0540535594427400 -0.0089602529930326 -0.0017136724763554 0.9999583877306818 0.1087033435968430
0.9997833738688628 0.0181883340250569 0.0101187865273763 -5.1268083655458980 -0.0182059425269861 0.9998328953152852 0.0016507883443816 0.0758222343211237 -0.0100870705409317 -0.0018346527864494 0.9999474411473113 0.1090118455642866
0.9997397873263243 0.0199834306807430 0.0110009151866481 -5.4522819757861134 -0.0200072088368515 0.9997977224543120 0.0020556677088258 0.0847770477851544 -0.0109576106553619 -0.0022752304055709 0.9999373750867236 0.1171635982309780
0.9997023463582587 0.0213924420012677 0.0117295401024274 -5.7983562535750934 -0.0214233357186201 0.9997673318362890 0.0025145336814307 0.1056253594059101 -0.0116730189959303 -0.0027650710967624 0.9999280449159081 0.1367472287608807
0.9996585910595673 0.0230209375029818 0.0123587117971267 -6.1298858547742707 -0.0230586088375662 0.9997298670704400 0.0029143516940484 0.1148279736899323 -0.0122882821938930 -0.0031983314093906 0.9999193811487599 0.1477518856302764
0.9996002317224701 0.0255803632759695 0.0120424978743361 -6.4627681887954331 -0.0256153732200917 0.9996680570101124 0.0027619645946432 0.1174137922607252 -0.0119678483938996 -0.0030693335263679 0.9999236719852793 0.1569336737369927
0.9995560965167577 0.0273364287163481 0.0118460787275027 -6.8448907804585675 -0.0273666490415588 0.9996225904194601 0.0023965064832690 0.1231816919070107 -0.0117760959752509 -0.0027196301447477 0.9999269609203751 0.1603463673631607
0.9995170736767072 0.0289278484585571 0.0113489652528608 -7.2172179823212943 -0.0289518301014529 0.9995788970521232 0.0019545080806695 0.1321731859442826 -0.0112876464565688 -0.0022821375110963 0.9999336882443015 0.1727309283951261
0.9994430461299837 0.0312860236853247 0.0116095764083151 -7.5729331975576750 -0.0313068561051467 0.9995085122617794 0.0016169963067533 0.1346825840814392 -0.0115532810591123 -0.0019795550524593 0.9999312991693796 0.1770505515197236
0.9993834420534865 0.0332710339714625 0.0112149029329445 -7.9744454008464407 -0.0332867769010026 0.9994450971142866 0.0012199744902993 0.1516207231957604 -0.0111680899382329 -0.0015925302772280 0.9999363667826306 0.1879260754962692
0.9993233740307234 0.0350442024349576 0.0111668254911044 -8.3625310033493161 -0.0350618674537114 0.9993841770081953 0.0013900346436528 0.1749754642834648 -0.0111112360477777 -0.0017806238653625 0.9999366829015428 0.1905163378350607
0.9992656775750705 0.0366160445486677 0.0112858717893320 -8.7799083699792106 -0.0366373214730886 0.9993272086576661 0.0016842540648566 0.2082602993347486 -0.0112166080306313 -0.0020965013921773 0.9999348940737091 0.2045549577880779
0.9991857429335141 0.0387368666490463 0.0112830084913327 -9.1793492393759948 -0.0387615905708631 0.9992465239109002 0.0019807948908370 0.2245955493026375 -0.0111977772266759 -0.0024165293701485 0.9999343829326928 0.2204042558229142
0.9991344418738510 0.0400634807091610 0.0111930592285928 -9.6107436603811358 -0.0400876344476929 0.9991942807587932 0.0019418710837505 0.2488051886349444 -0.0111062426507008 -0.0023888935481613 0.9999354701988520 0.2386339354280498
0.9990416001236495 0.0422733474664683 0.0113510050813674 -10.0194112793079562 -0.0422966749937497 0.9991034323123699 0.0018228620668759 0.2671705850573606 -0.0112637696554528 -0.0023012248088754 0.9999339137450675 0.2462316648930027
0.9989897472531675 0.0438551938666792 0.0098085092633164 -10.4653648974601161 -0.0438720538199723 0.9990360163129751 0.0015102990162360 0.2709990191021544 -0.0097328195642389 -0.0019390926788002 0.9999507548589145 0.2488872310198330
0.9989099826458002 0.0458579827307946 0.0087116009108087 -10.8804691122253345 -0.0458736340207914 0.9989459609303645 0.0016052546954327 0.3043150173612759 -0.0086288048009879 -0.0020031377318744 0.9999607648137668 0.2596485998577822
0.9989230654757452 0.0454820090096578 0.0091703935022239 -11.3538129512221868 -0.0454997500068522 0.9989628430182688 0.0017352285647023 0.3505367482148986 -0.0090819606833643 -0.0021506104489692 0.9999564454839234 0.2726237957350820
0.9988403400546797 0.0471546501427422 0.0097166892184267 -11.7855561914505298 -0.0471772094031294 0.9988843163158677 0.0021055951925346 0.3720334079060524 -0.0096065598621557 -0.0025615597000916 0.9999505749883429 0.2845016734830065
0.9987849820344554 0.0482804373536502 0.0098771975465156 -12.2614448148146078 -0.0483031888345676 0.9988305584357594 0.0020778554620118 0.3971554171435177 -0.0097653269707029 -0.0025524309685414 0.9999490604452339 0.3008191695379422
0.9987432203261303 0.0491823387571894 0.0096476632903466 -12.7339081086589889 -0.0492067360532202 0.9987859485651894 0.0023078292232074 0.4296599330611794 -0.0095224460922369 -0.0027796588114073 0.9999507970481911 0.3088997227674951
0.9987481650528588 0.0492425064855778 0.0087908110300078 -13.2170064009539967 -0.0492678351650361 0.9987819851808601 0.0026882143387066 0.4539989931805877 -0.0086477292798926 -0.0031179533668454 0.9999577466798804 0.3281316232840594
0.9987561649763473 0.0492061352670796 0.0080547609410275 -13.6855004091267496 -0.0492387859046634 0.9987793951706871 0.0039066283559036 0.4790860745876498 -0.0078526991776051 -0.0042983758042186 0.9999599287376828 0.3433781565146338
0.9987883147227521 0.0486509907508754 0.0074150841022159 -14.1878489749466521 -0.0486834194040238 0.9988051860650333 0.0042573424487625 0.5063359176096907 -0.0071991005283036 -0.0046131755388614 0.9999634451133856 0.3762025329066102
0.9988088227484377 0.0481774797457852 0.0077373151173004 -14.6946047633484760 -0.0482134532150497 0.9988267735574321 0.0045320363999614 0.5181729849470884 -0.0075098954027440 -0.0048996806217166 0.9999597964922615 0.3805984239090845
0.9988388277271917 0.0474846545771831 0.0081365720211304 -15.2070035667533858 -0.0475232136687983 0.9988594820629616 0.0046129443419341 0.5355947743624683 -0.0079082480461338 -0.0049942639695600 0.9999562575134190 0.3944927074244429
0.9988689981052705 0.0467033351068056 0.0089175733287930 -15.7167049375721586 -0.0467458001484470 0.9988961599146969 0.0046143120997159 0.5706544799706234 -0.0086922259896086 -0.0050259524046252 0.9999495912343642 0.4063190959956989
0.9988767699512417 0.0463296369719403 0.0099379670870040 -16.2396482009295262 -0.0463782683866350 0.9989127977005461 0.0047200435935755 0.5929618466176941 -0.0097084846001531 -0.0051756476035584 0.9999394771678196 0.4205697298160027
0.9988830049839028 0.0458888588264464 0.0112674304938974 -16.7734738942175632 -0.0459456663115158 0.9989322362671367 0.0048356068417756 0.6129929636448077 -0.0110334990605510 -0.0053478950946943 0.9999248281328637 0.4347956280294439
0.9988967296316691 0.0454957183774712 0.0116388633669229 -17.3160438923483468 -0.0455568660859020 0.9989490148619363 0.0050435759931011 0.6510241084104242 -0.0113971699815028 -0.0055682417049565 0.9999195463639702 0.4493880635034269
0.9989239639824639 0.0449862150731976 0.0112762863988697 -17.8521263014396503 -0.0450462307996545 0.9989717523770444 0.0051259187938634 0.6853076483250659 -0.0110340958988758 -0.0056283573203048 0.9999232822179757 0.4619065438103220
0.9989439490457690 0.0447458121102650 0.0104306741602329 -18.4035921761773231 -0.0448032818839266 0.9989815426477481 0.0053426006359190 0.6957890314059397 -0.0101809919592104 -0.0058042870120597 0.9999313264694771 0.4877529500882103
0.9989574407557557 0.0445719805066542 0.0098676295241255 -18.9544031877792243 -0.0446260623709044 0.9989895422136533 0.0053300192329355 0.7133962935521037 -0.0096200891876896 -0.0057648158227088 0.9999371084135997 0.5027424140429748
0.9989727720031832 0.0443253974072564 0.0094159407902147 -19.5165263097344308 -0.0443745980106655 0.9990020355861661 0.0050821202355357 0.7446355791551467 -0.0091812770172717 -0.0054947283268046 0.9999427544179450 0.5102133416160807
0.9989835855460323 0.0440369742223536 0.0096198082586378 -20.0823960813498203 -0.0440884644833947 0.9990140581185178 0.0052075887959021 0.7773363432741843 -0.0093809972332180 -0.0056264183021277 0.9999401683640876 0.5277720637921298
0.9989792625201606 0.0437555343601641 0.0112199049698621 -20.6739621117374490 -0.0438194212645623 0.9990242577345405 0.0055127831436773 0.7957920457244021 -0.0109677424621053 -0.0059988057817271 0.9999218584241861 0.5467047650890592
0.9989721452898813 0.0435596124676176 0.0125384646828539 -21.2521678765802982 -0.0436321733280461 0.9990321205361208 0.0055727540564107 0.8170978372290634 -0.0122835819533042 -0.0061141065392153 0.9999058612267575 0.5625828641974325
0.9988998949319245 0.0432472180434875 0.0181294797633351 -21.8560320114728448 -0.0433614969599091 0.9990416802695858 0.0059583274094649 0.8343802724023756 -0.0178544248405241 -0.0067378940049271 0.9998178935676199 0.5865741476531680
0.9985095110908861 0.0426716665209070 0.0340277113154566 -22.4481258598962228 -0.0429547313015334 0.9990478751647497 0.0076311327869307 0.8631728273552545 -0.0336696795329658 -0.0090814098645094 0.9993917553567371 0.6345564761056052
0.9978278085068202 0.0421258142327830 0.0506466222536274 -23.0302717613539230 -0.0427232241610525 0.9990288840528498 0.0107710234147892 0.9006522090698056 -0.0501437003796193 -0.0129114136848966 0.9986585526139033 0.6604838535514128
0.9973571559378491 0.0421487806729888 0.0591792513246429 -23.6146296779001119 -0.0432061350177614 0.9989265605297704 0.0167019928448679 0.9377045268022876 -0.0584117573472322 -0.0192147588052343 0.9981076393093405 0.6796239187710241
0.9975226482349761 0.0423603280417287 0.0561619877361670 -24.2450821449467213 -0.0435106152328795 0.9988642199320208 0.0194189727239094 0.9817051043818527 -0.0552756060151000 -0.0218145077366590 0.9982328058283151 0.7563325458983834
0.9984529564369532 0.0423613395302402 0.0360168112901653 -24.9150559740881548 -0.0430432843349056 0.9989042354821431 0.0183740036328397 1.0112877032730507 -0.0351989979398866 -0.0198958600979913 0.9991822582967479 0.7735225809842075
0.9990422063806917 0.0428441038902648 0.0088911546966401 -25.5874517823655161 -0.0429729399109296 0.9989659578973992 0.0148439010217465 1.0244002460110784 -0.0082459872308305 -0.0152117626845797 0.9998502917790328 0.7812734364159474
0.9990302396968993 0.0417344525075555 -0.0140290999372880 -26.2715446519146667 -0.0415296587655200 0.9990308083166414 0.0145853171723369 1.0483487132477345 0.0146242132771403 -0.0139885491775521 0.9997952054685659 0.7702622863808781
0.9987858078103895 0.0399440104482902 -0.0288337674585634 -26.9409787619973748 -0.0394952288113679 0.9990921323866747 0.0159699062046384 1.0852231947133530 0.0294454923152139 -0.0148117194259862 0.9994566403551284 0.7853117679689067
0.9988130279778340 0.0388297221917136 -0.0294072748867514 -27.6030665957071832 -0.0382815129438616 0.9990867029188562 0.0189811964179871 1.1077303328799046 0.0301174518922097 -0.0178329112946708 0.9993872754674620 0.8172327831365072
0.9990565321842135 0.0375681079755424 -0.0217872155906049 -28.2580203819776550 -0.0371655443841820 0.9991360680721014 0.0185967682151642 1.1379466474651461 0.0224670383157396 -0.0177694890348352 0.9995896545326787 0.8357840721051987
0.9993323793832888 0.0360868672681593 -0.0057038168716004 -28.9425272820790092 -0.0360051729006895 0.9992559108892181 0.0138293917925057 1.1577788724233338 0.0061986321495919 -0.0136147920927726 0.9998881009371722 0.8546611316604926
0.9992871372706118 0.0346567505116212 0.0149708693628879 -29.6459035582365047 -0.0347742530034042 0.9993658292762991 0.0076609792422523 1.1723394814440788 -0.0146958706295562 -0.0081761188145858 0.9998585812341509 0.8319766820674440
0.9990340852296085 0.0324830462199243 0.0295930440764987 -30.3393937242582652 -0.0326333035696094 0.9994567666427259 0.0046085909128016 1.1940053579425036 -0.0294272670761838 -0.0055698581976654 0.9995514056976184 0.8063430170938514
0.9990179720636818 0.0308815856100540 0.0317713576036282 -31.0485760562100097 -0.0310582335177809 0.9995046597884446 0.0050814556911031 1.2122228875184591 -0.0315986965636829 -0.0060632278032877 0.9994822457873285 0.8384962273748142
0.9992368055854436 0.0297900960735324 0.0252657186584537 -31.8099120594705234 -0.0299911472306993 0.9995211481381993 0.0076161349963372 1.2308231490791950 -0.0250267347287845 -0.0083680702928226 0.9996517583380672 0.8934272369649477
0.9994311002030063 0.0296002411628662 0.0161648281806067 -32.5453022571927519 -0.0297357472568708 0.9995240961325607 0.0082077149964601 1.2512926734929768 -0.0159141849330678 -0.0086837188742941 0.9998356523671420 0.9490263117316128
0.9994893642656526 0.0300721029238073 0.0108018214011182 -33.3108036651346637 -0.0301429202144755 0.9995247611723357 0.0064541586848309 1.2843246361065135 -0.0106025978319221 -0.0067764614014362 0.9999208291110299 0.9850158444359327
0.9994639541180191 0.0306820224985698 0.0114200662945265 -34.0585275850742946 -0.0307482544077070 0.9995110790787863 0.0056698897378256 1.3070259352503979 -0.0112405191006931 -0.0060179975205573 0.9999187139143809 0.9813413826456896
0.9994128825010256 0.0311000936714939 0.0143761769819228 -34.8282832884372766 -0.0311836846347738 0.9994978291842309 0.0056273678224387 1.3338524117558257 -0.0141939460189984 -0.0060723660655750 0.9998808220316936 1.0009945588268199
0.9993567652711353 0.0310806271552225 0.0178899503199753 -35.6267868779440562 -0.0312134248654368 0.9994868652891266 0.0071922334976717 1.3530651044749933 -0.0176572312377359 -0.0077460138234668 0.9998140934468086 1.0242917808684764
0.9993172308145714 0.0314125089059787 0.0194506164768227 -36.4105385300302871 -0.0315711481207922 0.9994702599913590 0.0079032903995882 1.3931824305005107 -0.0191920505270186 -0.0085119725702704 0.9997795814676009 1.0664789158303292
0.9993190905902134 0.0312088770099011 0.0196814932799753 -37.2041824692726237 -0.0313755745236397 0.9994738759792569 0.0082185496477490 1.4230632179318436 -0.0194146466684403 -0.0088304717191014 0.9997725212586900 1.0896998558461648
0.9993273922560465 0.0307798228674679 0.0199340309766278 -37.9934955612869345 -0.0309451087755593 0.9994887737139423 0.0080368814019276 1.4341749931837950 -0.0196764663900473 -0.0086483364901665 0.9997689947914740 1.1319809182934402
0.9993518864960270 0.0287643532123497 0.0216429882665762 -38.8294983862110570 -0.0289199602283892 0.9995578368584601 0.0069113439521160 1.4649859803149330 -0.0214346181962812 -0.0075327789766629 0.9997418738772866 1.1653902930918298
0.9993593205523617 0.0272614669681744 0.0231896710598733 -39.6392907878786644 -0.0274177419178685 0.9996032673641962 0.0064478913567497 1.4705323950710545 -0.0230046919833138 -0.0070795687415567 0.9997102899606397 1.1816323713178449
0.9994119413702907 0.0254777889389758 0.0229489371703311 -40.4584970807731921 -0.0256176599728311 0.9996548626369959 0.0058216066274992 1.4820667371436422 -0.0227926949697312 -0.0064060812506505 0.9997196883021895 1.2122662789133536
0.9995067495988204 0.0242105307753120 0.0200026924682352 -41.2935922288289632 -0.0242976142561554 0.9996962711949831 0.0041220504977513 1.5298803531067744 -0.0198968200439215 -0.0046060350003673 0.9997914287458736 1.2468006137755392
0.9995884837640832 0.0227262703989737 0.0175037070351998 -42.1445873243903577 -0.0227810035519772 0.9997361742436525 0.0029339028324171 1.5474755958129318 -0.0174324124373585 -0.0033314474959086 0.9998424938230001 1.2819033161145770
0.9996407507329742 0.0208932753215220 0.0167881065148730 -43.0058050167550832 -0.0209329772338580 0.9997784768835629 0.0021926295879332 1.5714639516797597 -0.0167385763475399 -0.0025432669388363 0.9998566656552005 1.3072955151399830
0.9996689064591313 0.0199672364695134 0.0162291998131469 -43.8663495939759969 -0.0199994894140211 0.9997983200668948 0.0018274612426328 1.5772040669251599 -0.0161894373584437 -0.0021514318918803 0.9998666278353486 1.3375542919310535
0.9997031570883841 0.0182837614814476 0.0161028498597965 -44.7298920969977445 -0.0183146810051667 0.9998306970400432 0.0017747439534641 1.6028192690318845 -0.0160676746045157 -0.0020691356917578 0.9998687656439181 1.3627763857057937
0.9997211510654606 0.0173178418224693 0.0160534253965477 -45.6038434307033924 -0.0173484625309426 0.9998479371979255 0.0017701211443713 1.6039666228394032 -0.0160203295897142 -0.0020481297969614 0.9998695685959103 1.3970564651076109
0.9997279890221586 0.0157529230994615 0.0171986447004729 -46.5190718663547855 -0.0157889670203823 0.9998734215970403 0.0019619643871978 1.6244186022438907 -0.0171655610493782 -0.0022329795453174 0.9998501674332061 1.4362741563048502
0.9997351667650868 0.0144075534580195 0.0179448805105651 -47.3993774582069776 -0.0144485477198866 0.9998932879374802 0.0021568973923939 1.6369464940151686 -0.0179118899608698 -0.0024156036366647 0.9998366511871328 1.4682011595079443
0.9997695854682659 0.0126867277711911 0.0173153952040250 -48.2849513358998337 -0.0127240640919281 0.9999169489418371 0.0020477821739408 1.6524858179473523 -0.0172879774871554 -0.0022676325335231 0.9998479802835512 1.4920218018814728
0.9998059553984926 0.0113407361059806 0.0161071181246641 -49.1972277636631077 -0.0113700604775244 0.9999338619231184 0.0017301746314940 1.6601129931413492 -0.0160864313769342 -0.0019129778076432 0.9998687750107325 1.5321440476982393
0.9998544769735079 0.0094510406222918 0.0142022078279631 -50.0955281939245936 -0.0094708426514082 0.9999542691551001 0.0013276814233125 1.6676298914808083 -0.0141890103779345 -0.0014619950907348 0.9998982621021248 1.5615022687954143
0.9998867883675129 0.0076753739216878 0.0129421436888446 -50.9945956448251607 -0.0076855879993367 0.9999701918768511 0.0007396586227155 1.6782308692725683 -0.0129360807513280 -0.0008390428689760 0.9999159733806932 1.5905822821982865
0.9999013339896800 0.0057711140347233 0.0128068937864196 -51.8926957693870250 -0.0057825157304802 0.9999829169413532 0.0008534267920073 1.6806601651808788 -0.0128017497821650 -0.0009273986525692 0.9999176241742387 1.6171015290242838
0.9999129228239090 0.0037344564063443 0.0126570377694200 -52.7611068514816282 -0.0037468473740983 0.9999925241382666 0.0009554068942055 1.6909708239446997 -0.0126533752217589 -0.0010027476888014 0.9999194400513324 1.6599271286400152
0.9999187217304525 0.0016725718878672 0.0126393210346891 -53.6455231645268285 -0.0016922455059301 0.9999973730815012 0.0015460062239837 1.7000696701063136 -0.0126367020256741 -0.0015672694014920 0.9999189254277256 1.6820599921494639
0.9999504975441564 -0.0000099701723243 0.0099499930547534 -54.5229697436095151 -0.0000090576727573 0.9999981715103642 0.0019123006789540 1.6976626580552672 -0.0099499939272616 -0.0019122961391551 0.9999486690547288 1.7227369165287840
0.9999370304210213 -0.0020259258562115 0.0110376998153867 -55.4053789340057747 0.0020120100921629 0.9999971672842795 0.0012717070440116 1.6845999486694734 -0.0110402449329029 -0.0012494190017317 0.9999382740669444 1.7684367334701159
0.9998646233332684 -0.0035377983164478 0.0160691938096933 -56.2631130856890991 0.0035301354004033 0.9999936414331996 0.0005052100794422 1.6516972788504019 -0.0160708789640195 -0.0004484152558621 0.9998707545343459 1.7939949932953378
0.9997294311307445 -0.0059966645563328 0.0224745310339653 -57.1326018338935384 0.0059911531596084 0.9999820040350369 0.0003125538185626 1.6619368253100100 -0.0224760008634979 -0.0001778208936145 0.9997473669707332 1.8183531282732452
0.9996986319959567 -0.0082284252421707 0.0231287311248746 -57.9871976903312571 0.0082111651888942 0.9999659340509640 0.0008411324650841 1.6553628482819234 -0.0231348644183066 -0.0006509651427961 0.9997321412722157 1.8559894549322984
0.9997697939779759 -0.0098630329024201 0.0190546485457296 -58.8495615254678839 0.0098555933200259 0.9999513151804558 0.0004843027845924 1.6576251439310077 -0.0190584975679028 -0.0002963964282522 0.9998183264071586 1.8982852603510221
0.9998276345830454 -0.0113923984885527 0.0146599584157117 -59.7252196049150328 0.0113992893554349 0.9999349512676511 -0.0003865689477951 1.6423691560208669 -0.0146546008565039 0.0005536154245965 0.9998924623096717 1.9350146307590823
0.9998078868619134 -0.0135180321088804 0.0141933849598586 -60.5860244965605759 0.0135342560808497 0.9999078589458842 -0.0010476309444264 1.6287777863639097 -0.0141779152576620 0.0012395265874590 0.9998987200175754 1.9609231334147255
0.9997424879460438 -0.0150070672926470 0.0170219190083942 -61.4527462071624271 0.0150267467032057 0.9998865627899126 -0.0010288030384523 1.6098376355220678 -0.0170045487729626 0.0012843221746104 0.9998545873463700 2.0021471628524030
0.9996623128112139 -0.0162347224415876 0.0202902472182933 -62.3046470764729108 0.0162507292590965 0.9998677533120067 -0.0006242478254088 1.5943487814445487 -0.0202774294101198 0.0009537683390601 0.9997939368602278 2.0374176328079101
0.9996254837355713 -0.0172378337916794 0.0212543960769453 -63.1450666608841686 0.0172632144616780 0.9998504682481014 -0.0010112222814678 1.5826653047521853 -0.0212337865882500 0.0013777627600062 0.9997735884073462 2.0827893264635207
